Polinomio Resultante
[0, 17, 233, 389, 669, 1698, 2492, 2465, 3075, 5209, 6345, 7115, 6972, 8670, 10409, 10194, 10763, 11804, 13702, 12802, 13643, 16868, 17607, 18064, 17204, 19497, 19360, 21819, 20015, 19014, 19522, 20311, 21077, 20642, 20434, 22827, 22492, 21350, 21634, 25073, 25797, 24076, 23289, 26570, 27861, 27791, 27452, 28372, 27955, 29279, 31327, 33490, 33912, 33969, 37087, 35722, 39580, 39380, 41627, 39015, 39472, 37958, 45265, 43284, 40040, 40899, 43402, 43715, 42822, 42541, 43966, 45473, 41811, 42483, 44378, 42984, 45453, 45174, 39896, 46244, 46481, 45875, 47756, 46246, 51630, 51173, 52668, 50574, 57938, 51552, 51329, 55892, 54552, 58220, 57342, 55596, 57510, 62520, 58783, 62546, 60178, 57891, 58053, 61778, 59317, 59587, 58366, 59468, 61456, 60368, 61255, 63730, 62352, 63981, 65210, 68919, 73320, 67954, 70432, 68157, 71668, 69122, 69429, 70823, 75225, 71117, 75222, 77527, 76011, 81160, 79796, 78800, 78826, 82300, 76860, 81800, 73818, 76549, 83443, 81178, 82871, 87871, 85783, 89724, 90771, 87446, 87873, 90551, 87178, 86650, 87121, 85964, 89298, 87592, 87211, 91309, 95961, 92827, 99981, 93411, 98217, 98104, 97925, 95521, 101660, 103675, 95980, 98738, 98464, 106393, 111979, 101493, 104802, 106272, 113820, 108942, 113100, 107828, 108605, 107412, 105791, 115584, 111908, 109026, 111978, 119036, 114697, 118265, 121848, 121064, 120226, 120950, 125618, 119429, 119178, 120729, 121855, 125088, 124533, 125261, 122939, 127188, 123671, 128984, 125890, 129330, 128739, 125760, 126312, 122286, 127350, 123199, 129572, 123562, 129931, 134375, 131250, 132475, 136016, 137838, 130100, 134741, 129890, 134118, 129890, 131146, 136768, 134915, 133826, 141538, 147680, 144063, 144509, 142656, 143684, 148300, 143631, 146458, 145091, 149735, 146716, 150649, 150210, 150151, 149336, 151811, 151688, 148383, 148727, 153807, 149593, 154962, 147969, 155614, 154680, 148253, 147646, 155874, 150825, 146060, 151734, 152371, 156369, 152089, 145792, 150851, 144582, 149257, 148739, 143180, 139079, 147933, 143285, 145177, 143450, 136620, 146402, 142369, 138009, 138473, 146112, 135587, 138110, 134608, 138686, 135171, 126734, 128038, 135098, 137300, 131374, 136046, 127418, 132483, 131410, 131722, 132413, 125967, 127629, 121147, 128721, 121379, 128120, 123226, 128371, 125356, 120430, 128238, 121153, 114207, 113283, 118576, 118691, 109166, 116469, 115737, 118294, 113046, 118630, 117575, 114212, 113037, 111813, 111562, 113710, 113364, 110633, 109271, 109801, 108644, 113451, 106412, 110807, 109248, 109867, 100759, 106491, 106576, 111659, 108074, 103897, 104252, 102665, 101746, 101713, 99877, 100759, 97842, 103483, 105862, 99363, 97704, 100660, 99832, 97218, 93017, 90272, 95930, 94346, 91251, 94804, 97419, 93589, 91506, 92803, 94581, 89989, 86861, 85444, 86003, 85621, 81698, 87579, 85113, 83594, 85990, 84627, 81914, 79369, 84795, 80076, 82981, 73068, 79352, 78863, 73856, 74430, 77606, 78325, 73735, 74536, 72651, 77770, 76209, 68871, 73243, 72084, 69147, 63471, 71971, 66173, 69132, 63426, 67687, 69204, 67131, 66149, 67535, 67026, 62075, 61510, 61195, 59486, 59305, 60092, 63959, 57627, 58330, 54588, 57288, 53847, 55341, 51456, 52595, 48912, 48096, 47845, 45370, 46804, 47603, 49585, 43429, 43830, 43218, 45486, 43716, 41802, 42518, 41251, 42418, 39993, 39121, 36577, 38025, 34517, 33087, 34573, 32074, 35597, 33629, 36358, 32436, 34337, 31163, 31432, 28756, 30518, 32041, 32695, 31303, 29853, 30167, 30720, 29225, 27363, 27742, 26327, 25449, 25704, 22521, 23742, 24208, 25596, 21649, 23341, 20374, 24760, 21960, 17622, 17988, 18512, 18408, 14368, 13855, 13490, 15979, 12719, 9910, 10593, 10478, 11139, 8311, 6861, 7842, 9003, 6408, 5967, 5184, 5906, 6650, 4658, 3945, 3671, 3463, 2062, 1782, 832, 899, 665, 274, 234]


Total time: 0.0212528705597 s
Average time: 0.0053134560585 s
Last call: 9.53674316406e-07 s
Stamp 1 of the total: 0h 0m 0s 21ms 21252\u00B5s
Stamp 2 of the total: 00:00:00.0021
Pattern that ignores zeros:
21ms 21252\u00B5s
0021

