Polinomio Resultante
[99, 114, 858, 1161, 1744, 1814, 1698, 2153, 2579, 3786, 3921, 4826, 4704, 4361, 4511, 4699, 5695, 5873, 6860, 8716, 8070, 7872, 7226, 9634, 9646, 12506, 11061, 10706, 12660, 11791, 13463, 14363, 16053, 14547, 16719, 17028, 20144, 17024, 16414, 21516, 22913, 23284, 23641, 22540, 22941, 23505, 24483, 25848, 24820, 26452, 26839, 28673, 28146, 28316, 27549, 30500, 32313, 30587, 30434, 29938, 31478, 32907, 32454, 32926, 30834, 29833, 32828, 36699, 31286, 32467, 29555, 30203, 30091, 26770, 31181, 28282, 28509, 26121, 26206, 27162, 25125, 22788, 26855, 24693, 22397, 22485, 22236, 23835, 21628, 22157, 23259, 20051, 17802, 18563, 16896, 15855, 15438, 15780, 13666, 12255, 12474, 11404, 11153, 9360, 8819, 8773, 8397, 9591, 7263, 8470, 8002, 6002, 5602, 5117, 4714, 4938, 2348, 3763, 3371, 1284, 1498, 1618, 641, 218, 305, 119, 7]


Total time: 0.00134038925171 s
Average time: 0.000335395336151 s
Last call: 1.19209289551e-06 s
Stamp 1 of the total: 0h 0m 0s 1ms 1340\u00B5s
Stamp 2 of the total: 00:00:00.0001
Pattern that ignores zeros:
1ms 1340\u00B5s
0001

