Polinomio Resultante
[120, 752, 1131, 2334, 3259, 3207, 4595, 4199, 5337, 5417, 6703, 6758, 7486, 6879, 9876, 8963, 11370, 11688, 14332, 12650, 14625, 17269, 15504, 16641, 18636, 19233, 18962, 20945, 21375, 21153, 21169, 25276, 25631, 24927, 27276, 27727, 24938, 29780, 29107, 30951, 28688, 31892, 29678, 32631, 32771, 34222, 33256, 35282, 34622, 38691, 36067, 37334, 39833, 36023, 40274, 38910, 39278, 38593, 43043, 41953, 45674, 41633, 46993, 43606, 42329, 42773, 45340, 46652, 44112, 46682, 46930, 48107, 50021, 47989, 49787, 50960, 49760, 50572, 50514, 50497, 50247, 47209, 49528, 53420, 50621, 52080, 53606, 53243, 54715, 54234, 55106, 55714, 56792, 54645, 52975, 57294, 59394, 56801, 55379, 55176, 58695, 59490, 60496, 61303, 60606, 60232, 57903, 61642, 62875, 64361, 58759, 68233, 60110, 64581, 67900, 66538, 63054, 70924, 72696, 68603, 68261, 72897, 74157, 72095, 70653, 79813, 75067, 72119, 80474, 77652, 78451, 76946, 83118, 78791, 83446, 81853, 80816, 82756, 81734, 81900, 87552, 85994, 86207, 86527, 84399, 88727, 82984, 88187, 89462, 89764, 83747, 91731, 91973, 95933, 92273, 92540, 94792, 89639, 94655, 100098, 101052, 97787, 98274, 98627, 95768, 103362, 105551, 99936, 104155, 104997, 104732, 106843, 103539, 110880, 107542, 103894, 111946, 107891, 109709, 110474, 107469, 112431, 110714, 109621, 111639, 113595, 108956, 115911, 112203, 108795, 112403, 117812, 112537, 112745, 113235, 112936, 115998, 115107, 118517, 121680, 118806, 115829, 121930, 119087, 119492, 119369, 120796, 123567, 124563, 126601, 122087, 127688, 121159, 124586, 128144, 129292, 124705, 127871, 125843, 130968, 122394, 132369, 131685, 131335, 132753, 131732, 135375, 132721, 131027, 132303, 132884, 137648, 135001, 133419, 138195, 134271, 137360, 134905, 131062, 137369, 142830, 138728, 137805, 139908, 145129, 138278, 139752, 139061, 142320, 148289, 144023, 146292, 151265, 144274, 147813, 147421, 149558, 147119, 140621, 147062, 145125, 142958, 144135, 147080, 142055, 146507, 147426, 143005, 136759, 138348, 141930, 136779, 140212, 141225, 134087, 129944, 127460, 131616, 130980, 132418, 129998, 126703, 126789, 126998, 121830, 126097, 122695, 127294, 126727, 123619, 123144, 122361, 118014, 119232, 122955, 118644, 117681, 121424, 115363, 123154, 114225, 112993, 112186, 109440, 116849, 110660, 117248, 114466, 112320, 111675, 104818, 111308, 109308, 109073, 111452, 105505, 106086, 103096, 110666, 106596, 103782, 104750, 106596, 98813, 101371, 106950, 103069, 99116, 101138, 100796, 103730, 100313, 95829, 96285, 98844, 99674, 94536, 103242, 96426, 96506, 91840, 94009, 89226, 95104, 93268, 96791, 94732, 91311, 88401, 89815, 93802, 91733, 95477, 93746, 89437, 88532, 92464, 88332, 87436, 88676, 88911, 86074, 92303, 85527, 86097, 86113, 81133, 82012, 81752, 80152, 85625, 82299, 82754, 79801, 78400, 77590, 71258, 75763, 75973, 81831, 72850, 73345, 74334, 72703, 71313, 72791, 66356, 70530, 68769, 68195, 66876, 67299, 67458, 67046, 65702, 64248, 67434, 65191, 63892, 61619, 64741, 59907, 62174, 62752, 63034, 58135, 57406, 58477, 57387, 56357, 57372, 56261, 54272, 56460, 52667, 52885, 52355, 51401, 53365, 52483, 48782, 49295, 46213, 47117, 44929, 46894, 48154, 44558, 45101, 37262, 40669, 41444, 41582, 38242, 40674, 40099, 38794, 40951, 39684, 36661, 39434, 35687, 37263, 37226, 35533, 36007, 35006, 38094, 31854, 33225, 32613, 31069, 30334, 31758, 29355, 29002, 28814, 29687, 25483, 29169, 28758, 26211, 25875, 26098, 24687, 22639, 25207, 23068, 23452, 22968, 20967, 23366, 20240, 19138, 20424, 17088, 19957, 16388, 19996, 16742, 16844, 16045, 15355, 14429, 14831, 14800, 13738, 11443, 12519, 11694, 10439, 12493, 10932, 10651, 9160, 9638, 8192, 7508, 7517, 7519, 5643, 6158, 5775, 3475, 3602, 3176, 1445, 1420, 991, 181, 273]


Total time: 0.023627281189 s
Average time: 0.00590735673904 s
Last call: 2.14576721191e-06 s
Stamp 1 of the total: 0h 0m 0s 23ms 23627\u00B5s
Stamp 2 of the total: 00:00:00.0023
Pattern that ignores zeros:
23ms 23627\u00B5s
0023

