Polinomio Resultante
[775, 966, 1448, 1712, 2937, 3948, 5518, 5662, 5816, 7591, 8564, 9104, 9974, 11474, 11309, 11851, 13474, 13319, 13781, 13946, 13447, 13897, 14902, 13614, 14610, 15733, 16193, 15164, 17357, 17012, 18693, 17069, 18758, 18754, 18107, 21382, 21308, 21511, 21064, 25306, 24118, 27211, 29580, 29386, 29243, 29507, 32129, 32799, 35435, 35148, 34204, 35545, 36475, 37830, 37144, 38502, 38935, 39796, 37931, 39534, 37185, 41988, 41971, 42245, 38872, 45921, 42977, 43244, 46281, 47363, 45841, 47541, 52085, 48618, 50043, 51642, 54928, 56337, 55190, 56813, 55612, 54697, 56416, 57078, 56473, 59049, 57651, 56325, 58186, 59469, 60832, 59210, 60954, 58387, 59219, 57267, 58346, 59304, 64573, 65708, 58824, 63784, 65554, 66632, 64933, 66918, 69208, 67088, 70372, 73064, 70359, 72097, 78723, 73223, 71448, 72631, 70607, 69636, 73407, 72257, 76008, 70448, 73262, 76678, 76575, 75169, 76374, 72906, 77384, 73168, 71594, 72765, 77457, 72107, 73716, 72482, 72808, 66713, 67669, 70559, 67750, 66483, 64647, 67780, 64795, 67178, 64916, 62249, 63687, 66465, 60752, 61116, 60503, 60447, 62614, 58698, 60112, 55363, 56185, 61026, 55761, 58229, 56223, 52639, 53980, 56845, 54694, 52977, 50834, 52136, 50826, 45980, 47469, 47335, 46352, 47157, 45683, 41965, 42749, 42723, 40765, 42373, 41373, 38789, 37041, 39004, 40958, 39483, 33827, 36050, 34232, 34570, 33126, 30419, 31864, 34301, 30680, 31132, 29235, 27991, 28989, 26490, 26498, 26346, 21946, 23280, 24525, 24897, 24981, 23059, 21396, 20561, 20670, 19942, 18837, 19456, 21744, 19056, 18750, 17565, 17510, 17185, 16293, 16036, 14489, 14784, 14555, 13910, 15514, 14312, 13240, 12754, 11748, 11371, 8853, 6808, 8121, 7787, 8217, 7572, 5897, 6391, 5994, 6448, 6161, 5596, 4842, 4249, 3986, 4418, 3568, 2105, 1121, 113, 3]


Total time: 0.00510191917419 s
Average time: 0.00127571821213 s
Last call: 9.53674316406e-07 s
Stamp 1 of the total: 0h 0m 0s 5ms 5101\u00B5s
Stamp 2 of the total: 00:00:00.0005
Pattern that ignores zeros:
5ms 5101\u00B5s
0005

