Polinomio Resultante
[155, 1150, 2679, 3772, 4145, 4803, 6602, 8008, 8948, 8417, 8805, 10087, 10069, 10662, 11564, 13506, 12515, 13042, 12783, 14399, 16230, 14673, 15012, 14147, 16030, 16068, 18265, 16830, 16814, 18313, 17387, 19686, 20951, 23382, 22233, 23362, 24784, 26903, 30541, 26326, 28047, 28973, 29962, 28008, 31522, 29818, 30659, 31657, 29531, 34458, 35604, 35141, 38172, 37642, 34349, 36480, 39666, 38987, 39640, 37512, 38934, 42033, 40846, 43983, 46473, 43323, 42006, 44299, 44161, 43114, 43627, 41570, 43568, 41689, 42667, 43321, 45335, 44543, 46102, 47455, 45661, 46585, 45493, 48883, 46623, 48153, 50058, 48967, 48973, 49047, 53264, 54512, 54446, 52100, 55842, 55536, 55933, 56830, 58406, 59693, 57115, 57257, 59204, 60462, 59066, 61449, 63860, 62634, 66850, 64739, 65962, 65242, 64859, 67613, 69701, 68911, 62992, 70426, 65481, 68299, 66821, 70617, 73473, 72059, 73353, 75928, 79777, 75396, 77292, 73771, 75429, 72204, 69520, 73073, 73896, 71871, 70245, 70034, 66891, 68502, 68244, 63436, 62791, 61065, 65856, 64054, 61978, 60296, 64425, 62783, 62399, 61226, 61544, 58942, 58573, 60207, 62597, 61350, 57032, 57805, 57883, 56943, 57761, 51441, 49156, 52570, 52642, 52213, 52790, 50789, 48853, 50077, 47673, 46917, 46882, 43741, 43672, 41456, 42948, 44731, 40132, 40357, 41148, 40415, 38816, 35216, 35709, 36842, 36233, 32721, 33796, 33679, 32455, 33001, 30622, 32823, 32099, 32115, 33084, 32457, 30273, 32716, 32071, 32615, 31576, 30389, 31568, 31605, 27825, 27893, 27918, 26663, 27211, 25895, 25764, 31100, 27462, 26227, 24589, 25736, 25204, 22622, 19335, 22797, 23152, 23693, 20902, 18829, 20895, 20626, 17638, 16030, 14913, 15038, 13473, 13760, 13762, 14671, 13592, 11958, 10589, 10042, 9960, 8983, 8010, 8562, 8069, 7262, 6322, 5271, 4717, 3705, 2203, 981, 228]


Total time: 0.00538492202759 s
Average time: 0.00134646892548 s
Last call: 9.53674316406e-07 s
Stamp 1 of the total: 0h 0m 0s 5ms 5384\u00B5s
Stamp 2 of the total: 00:00:00.0005
Pattern that ignores zeros:
5ms 5384\u00B5s
0005

