Polinomio Resultante
[720, 745, 2792, 1652, 3370, 2619, 3848, 3847, 4802, 5896, 7084, 8254, 8804, 12247, 12191, 11411, 11051, 13370, 14166, 15098, 18155, 15384, 17727, 18767, 19129, 18404, 21203, 19454, 19846, 19629, 21676, 22238, 21456, 20433, 21158, 22410, 23836, 26037, 24289, 24628, 25901, 28922, 28730, 31410, 32197, 29714, 31221, 33474, 31146, 33811, 33383, 35585, 34319, 38287, 40581, 42724, 36360, 42060, 41530, 39895, 42028, 42369, 39958, 38995, 42371, 39803, 39059, 37826, 37152, 38646, 35676, 37660, 34603, 33786, 31688, 33471, 30144, 29817, 30530, 26662, 25968, 28251, 26500, 25562, 26344, 24218, 24727, 23363, 24261, 22209, 20305, 21202, 23115, 19709, 20319, 21405, 20159, 17469, 19970, 17474, 17135, 16334, 15616, 13277, 13112, 11635, 11704, 9892, 9085, 10153, 9218, 7085, 7542, 7617, 5047, 5949, 4615, 3795, 2946, 2351, 2193, 831, 1032, 731, 92, 80, 3]


Total time: 0.00264692306519 s
Average time: 0.000662446022034 s
Last call: 2.86102294922e-06 s
Stamp 1 of the total: 0h 0m 0s 2ms 2646\u00B5s
Stamp 2 of the total: 00:00:00.0002
Pattern that ignores zeros:
2ms 2646\u00B5s
0002

