Polinomio Resultante
[200, 1235, 740, 2478, 2354, 2706, 2492, 3722, 4504, 4924, 5639, 6828, 6727, 6278, 7428, 9111, 9625, 11583, 12626, 13129, 13714, 11640, 13873, 16264, 17780, 17103, 19247, 16825, 18464, 19869, 22097, 20331, 22509, 22240, 22543, 20325, 23679, 24123, 26835, 26427, 26868, 26651, 27708, 26440, 27985, 28209, 27467, 30143, 29188, 29483, 29581, 31344, 32504, 34485, 33079, 31851, 35220, 38268, 34849, 33536, 34055, 38515, 37413, 39350, 35748, 40795, 39123, 40126, 38546, 41725, 41703, 37222, 41500, 41898, 44612, 44981, 44923, 47078, 44360, 49133, 46935, 45322, 44978, 47798, 48297, 50192, 50318, 49815, 52343, 50715, 53703, 52648, 53727, 53751, 52006, 53126, 55946, 55788, 55053, 55193, 56079, 59249, 58772, 51846, 61058, 60453, 60606, 60850, 62804, 59960, 65518, 62634, 65425, 63651, 62942, 64638, 69534, 65323, 64039, 67848, 72458, 70304, 70256, 74760, 76551, 73938, 75478, 80837, 72362, 78380, 75614, 78894, 81519, 82270, 84646, 86516, 81851, 83899, 84479, 81176, 84466, 85752, 86083, 84634, 88846, 93894, 93062, 88422, 90378, 90843, 92470, 93545, 90474, 89714, 101064, 97082, 98742, 93349, 95901, 97799, 102652, 96117, 98313, 101349, 96832, 101119, 100870, 102576, 101833, 106383, 106921, 103617, 106621, 103825, 109308, 102184, 110961, 108892, 107366, 109583, 114747, 120192, 116381, 108953, 114318, 116842, 120148, 112266, 112568, 116977, 126617, 122344, 124018, 119256, 122203, 124186, 122490, 118879, 127250, 126060, 121967, 124732, 128068, 129949, 133195, 128883, 129528, 122125, 129547, 130852, 131402, 131070, 130345, 132627, 131957, 129478, 137277, 137653, 130936, 134652, 141443, 133526, 135501, 138463, 138409, 140588, 139199, 146067, 141629, 143618, 139892, 142156, 140342, 142687, 147972, 142062, 144706, 142100, 146729, 155532, 153669, 150306, 146867, 149152, 155517, 153126, 152200, 152826, 152959, 153190, 157893, 157563, 154524, 158922, 155592, 156087, 157844, 159507, 160606, 148192, 150748, 153582, 158276, 153684, 151258, 152925, 154903, 149738, 148085, 145456, 153132, 140066, 147834, 150158, 145490, 144516, 142413, 141544, 148934, 141507, 137668, 133135, 139007, 137911, 138127, 134543, 139085, 136740, 131494, 134164, 135817, 137443, 134371, 138543, 138946, 131383, 132167, 132398, 131872, 132267, 125867, 129166, 126986, 126581, 129654, 129110, 125758, 122200, 128745, 124558, 123309, 126532, 118788, 123382, 122208, 122374, 124178, 117810, 122839, 117451, 121995, 117381, 119071, 119919, 117967, 114962, 115978, 119250, 115624, 112087, 112277, 112817, 112665, 110421, 114688, 109748, 109858, 109692, 107910, 110030, 110112, 106136, 104051, 104244, 111634, 106951, 103606, 104849, 108139, 106008, 101484, 105909, 108003, 97670, 97572, 99610, 102700, 97469, 98947, 101775, 97547, 95157, 100221, 98590, 92817, 90753, 93493, 87298, 92541, 97133, 96866, 90049, 85535, 92602, 91853, 85884, 86853, 83634, 80501, 81559, 83591, 85878, 87048, 80308, 79360, 80436, 77879, 79913, 78676, 75931, 78425, 76377, 73899, 78513, 77061, 72055, 69566, 74539, 71650, 70559, 69165, 65262, 66623, 67535, 65983, 69609, 67812, 63245, 63534, 62458, 63214, 65720, 58107, 57011, 60595, 62160, 60264, 56597, 57660, 56567, 57613, 57505, 54227, 54361, 52044, 49244, 54903, 53983, 55428, 50594, 47137, 47525, 50847, 46550, 45523, 45504, 42257, 41198, 42761, 42064, 44728, 38818, 39844, 42346, 41922, 39577, 35624, 34021, 35341, 34094, 36643, 35050, 35517, 34183, 33065, 36427, 34170, 32179, 30409, 29036, 28266, 26410, 29552, 27030, 26078, 25503, 24451, 27306, 22885, 24103, 23432, 20750, 23184, 22761, 21744, 19478, 21533, 22015, 18472, 20603, 18697, 17098, 18150, 15643, 16049, 14196, 14114, 14235, 13549, 13680, 12086, 14068, 11792, 11755, 11651, 8757, 10086, 8417, 8287, 6931, 5141, 7314, 5630, 3796, 3162, 3198, 3136, 752, 1883, 1639, 38]


Total time: 0.0206348896027 s
Average time: 0.00515896081924 s
Last call: 9.53674316406e-07 s
Stamp 1 of the total: 0h 0m 0s 20ms 20634\u00B5s
Stamp 2 of the total: 00:00:00.0020
Pattern that ignores zeros:
20ms 20634\u00B5s
0020

