Polinomio Resultante
[1584, 1560, 1863, 1098, 2339, 2781, 3359, 4749, 5929, 5825, 5143, 5578, 7320, 6048, 6286, 6395, 7875, 9316, 9427, 9812, 11610, 12593, 10069, 13954, 12286, 16049, 13417, 15778, 16336, 17462, 15613, 16098, 19948, 17509, 20574, 18846, 19977, 21133, 23110, 23666, 25871, 22588, 23877, 28334, 26007, 26221, 25106, 25062, 26284, 25626, 28390, 29165, 27151, 29196, 27202, 33667, 32710, 31500, 33263, 33858, 31228, 35097, 32723, 34927, 37104, 35910, 37359, 37769, 34953, 36735, 36371, 37482, 37001, 37343, 38902, 41373, 42557, 41088, 43724, 42406, 41572, 43947, 47821, 44065, 42457, 47288, 45559, 46381, 48125, 50851, 50749, 51880, 47326, 55460, 52834, 51988, 55184, 58749, 49822, 57486, 55150, 59531, 60530, 59268, 63452, 65941, 59727, 61440, 62949, 61391, 67040, 66437, 65094, 64347, 65183, 69135, 70670, 68937, 67593, 66007, 67188, 70941, 74468, 74228, 73765, 71346, 71990, 73732, 70479, 68891, 68702, 68176, 69903, 66482, 64734, 69258, 66874, 66470, 68125, 60814, 61058, 64551, 64603, 67707, 63605, 59743, 61401, 60561, 59914, 62718, 58243, 53317, 56976, 57964, 59960, 54285, 53451, 53944, 52856, 51327, 54507, 54594, 51668, 52077, 48926, 51098, 46584, 47680, 49872, 49652, 47496, 47534, 42755, 47397, 46468, 48437, 46413, 47368, 44651, 42754, 38673, 42824, 43354, 43683, 43385, 42529, 38157, 38484, 39190, 38606, 37720, 36887, 37878, 37299, 38259, 34541, 34210, 32698, 37373, 35208, 33701, 31260, 31620, 32105, 31372, 30114, 30370, 28508, 29126, 29555, 27270, 24902, 22903, 24163, 26011, 24499, 23517, 21694, 20184, 19393, 19646, 20169, 18281, 18121, 17291, 16883, 16961, 13873, 11817, 12973, 12263, 12864, 10318, 10515, 9417, 9157, 8336, 7219, 6651, 6590, 6195, 6644, 6076, 4292, 4243, 3879, 2739, 2132, 2353, 1599, 1980, 1452, 370, 504, 280]


Total time: 0.00512218475342 s
Average time: 0.00128078460693 s
Last call: 9.53674316406e-07 s
Stamp 1 of the total: 0h 0m 0s 5ms 5122\u00B5s
Stamp 2 of the total: 00:00:00.0005
Pattern that ignores zeros:
5ms 5122\u00B5s
0005

