Polinomio Resultante
[   340.   1192.   1056.   2092.   3573.   3274.   4159.   5445.   6170.
   5759.   6835.   7625.   8531.   8023.  10141.  10761.  10956.  12263.
  12971.  11120.  11630.  13531.  12027.  12753.  15254.  16937.  13466.
  15184.  15704.  16692.  15534.  18587.  20287.  23017.  21033.  21734.
  22982.  22910.  24620.  26374.  25534.  26440.  27329.  26819.  27068.
  27618.  28138.  30590.  28861.  27229.  32273.  30522.  28848.  30986.
  36001.  33862.  31632.  35909.  36225.  34692.  35975.  41070.  37385.
  37217.  38061.  38144.  35732.  36584.  39535.  35383.  31904.  32947.
  33474.  30377.  29157.  32642.  30866.  27158.  28036.  26420.  24318.
  26234.  25283.  27259.  27294.  24266.  24592.  25602.  21949.  22363.
  24854.  22277.  20786.  22880.  20275.  19520.  19051.  18399.  17752.
  16374.  15694.  14445.  13244.  13998.  13105.  13341.  12302.  10938.
  12161.   9814.   8300.  10030.   8781.   7952.   8101.   7212.   5825.
   5842.   4262.   4115.   4575.   3635.   2358.   2488.   2092.    632.
    555.]


Total time: 0.000304222106934 s
Average time: 7.65919685364e-05 s
Last call: 2.14576721191e-06 s
Stamp 1 of the total: 0h 0m 0s 0ms 304\u00B5s
Stamp 2 of the total: 00:00:00.0000
Pattern that ignores zeros:
304\u00B5s
0000

