Polinomio Resultante
[   152.    429.    613.   1103.   1457.   2857.   3110.   4615.   5555.
   6109.   6632.   7397.   8456.   8242.   8610.   8638.   9982.   9684.
  12322.  11904.  13900.  13009.  14805.  14186.  17996.  14915.  19473.
  18596.  19962.  21019.  22671.  22288.  23523.  21952.  22814.  22990.
  22346.  22927.  26371.  27777.  26937.  26859.  27639.  28008.  30161.
  30495.  28454.  28876.  29359.  30777.  33028.  30661.  33102.  33932.
  34354.  33392.  33544.  32793.  36750.  35913.  37927.  38396.  38058.
  38136.  38924.  37318.  38636.  39951.  38460.  35487.  37742.  35338.
  32561.  33024.  30988.  30513.  31356.  31215.  29129.  30613.  29853.
  30845.  28828.  25231.  23928.  25008.  25049.  22551.  22082.  23824.
  20044.  21459.  20496.  19569.  17525.  17309.  16858.  17262.  14688.
  16664.  15274.  13505.  13416.  13929.  12569.  11155.   9938.  11296.
  11599.   9468.   9213.   9361.   8468.   7274.   8174.   7301.   6652.
   5467.   6186.   5374.   4306.   4386.   3955.   2660.   1032.   1494.
    972.]


Total time: 0.000251770019531 s
Average time: 6.31809234619e-05 s
Last call: 9.53674316406e-07 s
Stamp 1 of the total: 0h 0m 0s 0ms 251\u00B5s
Stamp 2 of the total: 00:00:00.0000
Pattern that ignores zeros:
251\u00B5s
0000

