Number of items 	Total Weight 	Total Profit 
6965 	2011157.0 	467983.866667 


Total time: 0.355824947357 s
Average time: 0.0889574885368 s
Last call: 5.00679016113e-06 s
Stamp 1 of the total: 0h 0m 0s 355ms 355824\u00B5s
Stamp 2 of the total: 00:00:00.0355
Pattern that ignores zeros:
355ms 355824\u00B5s
0355

Item    Fraction

1 	1
2 	1
4 	1
6 	1
8 	1
11 	1
12 	1
14 	1
15 	1
17 	1
18 	1
21 	1
22 	1
24 	1
29 	1
30 	1
32 	1
34 	1
36 	1
38 	1
43 	1
44 	1
45 	1
48 	1
49 	1
50 	1
51 	1
60 	1
62 	1
63 	1
66 	1
67 	1
69 	1
70 	1
73 	1
74 	1
76 	1
77 	1
80 	1
82 	1
84 	1
85 	1
86 	1
87 	1
89 	1
90 	1
94 	1
97 	1
98 	1
99 	1
100 	1
103 	1
105 	1
107 	1
108 	1
109 	1
110 	1
112 	1
116 	1
117 	1
119 	1
122 	1
123 	1
124 	1
126 	1
128 	1
129 	1
132 	1
133 	1
134 	1
136 	1
143 	1
145 	1
149 	1
150 	1
151 	1
153 	1
155 	1
156 	1
157 	1
161 	1
162 	1
163 	1
165 	1
166 	1
168 	1
170 	1
174 	1
180 	1
181 	1
185 	1
191 	1
193 	1
194 	1
196 	1
198 	1
199 	1
200 	1
202 	1
204 	1
205 	1
206 	1
208 	1
209 	1
212 	1
213 	1
215 	1
216 	1
222 	1
224 	1
225 	1
226 	1
227 	1
229 	1
230 	1
231 	1
234 	1
236 	1
237 	1
238 	1
239 	1
241 	1
245 	1
246 	1
247 	1
248 	1
251 	1
257 	1
259 	1
263 	1
267 	1
268 	1
271 	1
273 	1
275 	1
276 	1
278 	1
279 	1
283 	1
286 	1
287 	1
293 	1
294 	1
295 	1
297 	1
299 	1
302 	1
305 	1
308 	1
310 	1
311 	1
312 	1
313 	1
314 	1
315 	1
317 	1
318 	1
319 	1
322 	1
323 	1
324 	1
327 	1
328 	1
329 	1
330 	1
332 	1
334 	1
337 	1
338 	1
339 	1
343 	1
345 	1
347 	1
349 	1
350 	1
354 	1
356 	1
359 	1
362 	1
363 	1
364 	1
366 	1
367 	1
371 	1
373 	1
375 	1
379 	1
381 	1
382 	1
383 	1
385 	1
393 	1
397 	1
399 	1
404 	1
406 	1
407 	1
408 	1
410 	1
412 	1
413 	1
417 	1
420 	1
421 	1
424 	1
425 	1
428 	1
430 	1
431 	1
432 	1
433 	1
437 	1
441 	1
443 	1
444 	1
445 	1
446 	1
447 	1
450 	1
453 	1
458 	1
460 	1
462 	1
463 	1
469 	1
472 	1
473 	1
476 	1
477 	1
479 	1
483 	1
484 	1
489 	1
491 	1
492 	1
494 	1
497 	1
499 	1
500 	1
502 	1
503 	1
506 	1
509 	1
512 	1
513 	1
517 	1
518 	1
519 	1
522 	1
525 	1
526 	1
527 	1
528 	1
533 	1
536 	1
538 	1
539 	1
542 	1
549 	1
550 	1
551 	1
555 	1
556 	1
559 	1
560 	1
561 	1
564 	1
565 	1
566 	1
567 	1
570 	1
572 	1
573 	1
579 	1
580 	1
583 	1
584 	1
586 	1
591 	1
592 	1
594 	1
595 	1
597 	1
599 	1
603 	1
606 	1
610 	1
611 	1
612 	1
615 	1
617 	1
622 	1
624 	1
626 	1
627 	1
628 	1
630 	1
633 	1
635 	1
638 	1
642 	1
644 	1
645 	1
653 	1
656 	1
657 	1
658 	1
665 	1
667 	1
668 	1
670 	1
671 	1
673 	1
674 	1
690 	1
694 	1
698 	1
702 	1
703 	1
707 	1
708 	1
709 	1
714 	1
715 	1
716 	1
717 	1
721 	1
722 	1
725 	1
726 	1
727 	1
729 	1
730 	1
732 	1
733 	1
734 	1
735 	1
737 	1
738 	1
739 	1
741 	1
742 	1
751 	1
752 	1
753 	1
754 	1
755 	1
756 	1
759 	1
760 	1
761 	1
763 	1
764 	1
766 	1
771 	1
772 	1
773 	1
775 	1
776 	1
777 	1
778 	1
780 	1
781 	1
782 	1
783 	1
785 	1
786 	1
789 	1
791 	1
792 	1
793 	1
797 	1
798 	1
801 	1
802 	1
803 	1
804 	1
805 	1
806 	1
810 	1
811 	1
812 	1
813 	1
818 	1
821 	1
825 	1
828 	1
831 	1
835 	1
838 	1
841 	1
842 	1
849 	1
852 	1
855 	1
856 	1
857 	1
858 	1
859 	1
860 	1
861 	1
862 	1
863 	1
864 	1
871 	1
872 	1
873 	1
874 	1
877 	1
878 	1
879 	1
885 	1
887 	1
889 	1
893 	1
894 	1
895 	1
898 	1
899 	1
902 	1
905 	1
907 	1
914 	1
915 	1
916 	1
920 	1
922 	1
925 	1
926 	1
927 	1
930 	1
936 	1
940 	1
941 	1
942 	1
943 	1
944 	1
946 	1
947 	1
948 	1
954 	1
955 	1
956 	1
957 	1
958 	1
966 	1
968 	1
972 	1
973 	1
974 	1
977 	1
981 	1
982 	1
984 	1
986 	1
988 	1
990 	1
991 	1
994 	1
995 	1
999 	1
1000 	1
1005 	1
1006 	1
1007 	1
1009 	1
1010 	1
1011 	1
1012 	1
1018 	1
1019 	1
1020 	1
1021 	1
1022 	1
1023 	1
1025 	1
1026 	1
1027 	1
1028 	1
1029 	1
1030 	1
1032 	1
1033 	1
1034 	1
1036 	1
1038 	1
1046 	1
1047 	1
1049 	1
1050 	1
1051 	1
1053 	1
1054 	1
1056 	1
1057 	1
1059 	1
1064 	1
1065 	1
1066 	1
1067 	1
1068 	1
1075 	1
1078 	1
1080 	1
1082 	1
1088 	1
1091 	1
1097 	1
1108 	1
1110 	1
1112 	1
1114 	1
1115 	1
1116 	1
1117 	1
1118 	1
1119 	1
1121 	1
1122 	1
1123 	1
1124 	1
1125 	1
1126 	1
1127 	1
1129 	1
1131 	1
1132 	1
1141 	1
1142 	1
1145 	1
1146 	1
1149 	1
1151 	1
1154 	1
1157 	1
1159 	1
1165 	1
1166 	1
1167 	1
1170 	1
1171 	1
1176 	1
1178 	1
1183 	1
1184 	1
1187 	1
1192 	1
1194 	1
1195 	1
1196 	1
1204 	1
1206 	1
1207 	1
1210 	1
1212 	1
1214 	1
1216 	1
1217 	1
1219 	1
1220 	1
1222 	1
1223 	1
1224 	1
1225 	1
1226 	1
1228 	1
1232 	1
1234 	1
1235 	1
1238 	1
1240 	1
1241 	1
1242 	1
1249 	1
1251 	1
1253 	1
1254 	1
1258 	1
1263 	1
1265 	1
1267 	1
1269 	1
1276 	1
1281 	1
1282 	1
1283 	1
1289 	1
1292 	1
1293 	1
1294 	1
1295 	1
1298 	1
1300 	1
1304 	1
1305 	1
1306 	1
1308 	1
1310 	1
1311 	1
1314 	1
1319 	1
1320 	1
1321 	1
1322 	1
1323 	1
1324 	1
1326 	1
1331 	1
1334 	1
1336 	1
1338 	1
1340 	1
1343 	1
1345 	1
1347 	1
1348 	1
1349 	1
1351 	1
1352 	1
1354 	1
1357 	1
1358 	1
1359 	1
1363 	1
1367 	1
1368 	1
1369 	1
1371 	1
1372 	1
1373 	1
1375 	1
1377 	1
1378 	1
1379 	1
1380 	1
1385 	1
1388 	1
1390 	1
1394 	1
1396 	1
1397 	1
1398 	1
1399 	1
1401 	1
1404 	1
1405 	1
1406 	1
1407 	1
1408 	1
1409 	1
1410 	1
1411 	1
1412 	1
1414 	1
1415 	1
1416 	1
1417 	1
1422 	1
1426 	1
1430 	1
1434 	1
1436 	1
1438 	1
1439 	1
1440 	1
1441 	1
1446 	1
1449 	1
1450 	1
1451 	1
1456 	1
1457 	1
1460 	1
1462 	1
1463 	1
1464 	1
1469 	1
1471 	1
1472 	1
1474 	1
1476 	1
1477 	1
1478 	1
1479 	1
1480 	1
1484 	1
1487 	1
1488 	1
1491 	1
1496 	1
1497 	1
1498 	1
1499 	1
1502 	1
1503 	1
1505 	1
1506 	1
1507 	1
1509 	1
1510 	1
1511 	1
1512 	1
1514 	1
1515 	1
1516 	1
1517 	1
1518 	1
1521 	1
1522 	1
1523 	1
1525 	1
1526 	1
1528 	1
1529 	1
1531 	1
1532 	1
1534 	1
1535 	1
1536 	1
1538 	1
1539 	1
1540 	1
1542 	1
1544 	1
1546 	1
1547 	1
1548 	1
1549 	1
1550 	1
1553 	1
1554 	1
1559 	1
1561 	1
1562 	1
1563 	1
1568 	1
1570 	1
1572 	1
1573 	1
1574 	1
1575 	1
1576 	1
1577 	1
1580 	1
1581 	1
1582 	1
1584 	1
1585 	1
1587 	1
1588 	1
1590 	1
1591 	1
1593 	1
1594 	1
1598 	1
1600 	1
1601 	1
1605 	1
1607 	1
1609 	1
1610 	1
1611 	1
1612 	1
1613 	1
1616 	1
1618 	1
1619 	1
1622 	1
1625 	1
1630 	1
1633 	1
1634 	1
1635 	1
1636 	1
1638 	1
1639 	1
1641 	1
1644 	1
1647 	1
1650 	1
1651 	1
1653 	1
1654 	1
1655 	1
1658 	1
1660 	1
1661 	1
1662 	1
1663 	1
1665 	1
1667 	1
1668 	1
1670 	1
1671 	1
1675 	1
1679 	1
1682 	1
1683 	1
1685 	1
1686 	1
1687 	1
1689 	1
1690 	1
1694 	1
1695 	1
1701 	1
1704 	1
1705 	1
1707 	1
1713 	1
1714 	1
1715 	1
1717 	1
1719 	1
1720 	1
1723 	1
1730 	1
1731 	1
1733 	1
1735 	1
1738 	1
1744 	1
1745 	1
1754 	1
1755 	1
1757 	1
1760 	1
1761 	1
1763 	1
1764 	1
1769 	1
1773 	1
1776 	1
1777 	1
1779 	1
1781 	1
1785 	1
1789 	1
1790 	1
1791 	1
1793 	1
1796 	1
1798 	1
1800 	1
1803 	1
1813 	1
1815 	1
1816 	1
1819 	1
1821 	1
1823 	1
1825 	1
1826 	1
1827 	1
1830 	1
1832 	1
1834 	1
1835 	1
1837 	1
1838 	1
1841 	1
1843 	1
1846 	1
1850 	1
1851 	1
1859 	1
1860 	1
1864 	1
1865 	1
1868 	1
1869 	1
1873 	1
1875 	1
1878 	1
1880 	1
1883 	1
1884 	1
1885 	1
1886 	1
1888 	1
1891 	1
1894 	1
1896 	1
1897 	1
1900 	1
1901 	1
1902 	1
1903 	1
1904 	1
1906 	1
1908 	1
1909 	1
1912 	1
1914 	1
1916 	1
1918 	1
1920 	1
1921 	1
1925 	1
1927 	1
1930 	1
1932 	1
1934 	1
1942 	1
1945 	1
1946 	1
1950 	1
1953 	1
1958 	1
1960 	1
1961 	1
1962 	1
1964 	1
1966 	1
1969 	1
1975 	1
1976 	1
1980 	1
1982 	1
1983 	1
1990 	1
1992 	1
1996 	1
1998 	1
2003 	1
2006 	1
2012 	1
2013 	1
2014 	1
2015 	1
2017 	1
2019 	1
2022 	1
2023 	1
2024 	1
2027 	1
2031 	1
2032 	1
2033 	1
2041 	1
2043 	1
2049 	1
2056 	1
2057 	1
2060 	1
2062 	1
2063 	1
2067 	1
2069 	1
2070 	1
2071 	1
2072 	1
2073 	1
2084 	1
2085 	1
2086 	1
2087 	1
2088 	1
2089 	1
2092 	1
2094 	1
2095 	1
2097 	1
2098 	1
2102 	1
2104 	1
2108 	1
2110 	1
2118 	1
2119 	1
2130 	1
2133 	1
2138 	1
2140 	1
2141 	1
2142 	1
2146 	1
2148 	1
2150 	1
2151 	1
2154 	1
2155 	1
2158 	1
2159 	1
2161 	1
2163 	1
2164 	1
2165 	1
2168 	1
2174 	1
2175 	1
2176 	1
2177 	1
2178 	1
2179 	1
2180 	1
2181 	1
2185 	1
2188 	1
2190 	1
2191 	1
2192 	1
2194 	1
2196 	1
2199 	1
2200 	1
2201 	1
2205 	1
2206 	1
2207 	1
2209 	1
2210 	1
2211 	1
2212 	1
2213 	1
2214 	1
2216 	1
2217 	1
2218 	1
2230 	1
2232 	1
2233 	1
2234 	1
2235 	1
2242 	1
2245 	1
2246 	1
2248 	1
2249 	1
2250 	1
2252 	1
2253 	1
2255 	1
2256 	1
2261 	1
2263 	1
2265 	1
2270 	1
2272 	1
2273 	1
2274 	1
2275 	1
2276 	1
2277 	1
2279 	1
2280 	1
2281 	1
2285 	1
2286 	1
2288 	1
2293 	1
2294 	1
2295 	1
2298 	1
2299 	1
2300 	1
2302 	1
2304 	1
2305 	1
2306 	1
2312 	1
2314 	1
2315 	1
2316 	1
2317 	1
2319 	1
2321 	1
2326 	1
2327 	1
2328 	1
2329 	1
2330 	1
2332 	1
2333 	1
2337 	1
2338 	1
2339 	1
2341 	1
2342 	1
2344 	1
2346 	1
2352 	1
2353 	1
2357 	1
2360 	1
2361 	1
2362 	1
2363 	1
2365 	1
2366 	1
2367 	1
2369 	1
2370 	1
2371 	1
2372 	1
2375 	1
2377 	1
2386 	1
2387 	1
2391 	1
2393 	1
2395 	1
2398 	1
2400 	1
2401 	1
2403 	1
2406 	1
2408 	1
2409 	1
2414 	1
2416 	1
2417 	1
2418 	1
2419 	1
2422 	1
2424 	1
2425 	1
2427 	1
2428 	1
2429 	1
2430 	1
2432 	1
2435 	1
2443 	1
2447 	1
2449 	1
2451 	1
2457 	1
2462 	1
2463 	1
2468 	1
2472 	1
2473 	1
2476 	1
2479 	1
2480 	1
2482 	1
2483 	1
2484 	1
2486 	1
2487 	1
2489 	1
2490 	1
2496 	1
2499 	1
2500 	1
2502 	1
2503 	1
2508 	1
2511 	1
2513 	1
2514 	1
2515 	1
2518 	1
2520 	1
2523 	1
2524 	1
2527 	1
2529 	1
2536 	1
2539 	1
2545 	1
2548 	1
2550 	1
2551 	1
2552 	1
2553 	1
2557 	1
2560 	1
2561 	1
2566 	1
2568 	1
2569 	1
2570 	1
2571 	1
2572 	1
2573 	1
2574 	1
2575 	1
2578 	1
2579 	1
2580 	1
2584 	1
2588 	1
2591 	1
2592 	1
2593 	1
2595 	1
2596 	1
2598 	1
2600 	1
2603 	1
2605 	1
2610 	1
2611 	1
2613 	1
2615 	1
2616 	1
2617 	1
2620 	1
2622 	1
2625 	1
2627 	1
2628 	1
2630 	1
2632 	1
2638 	1
2641 	1
2643 	1
2647 	1
2649 	1
2655 	1
2660 	1
2663 	1
2664 	1
2665 	1
2667 	1
2668 	1
2669 	1
2671 	1
2672 	1
2675 	1
2680 	1
2681 	1
2682 	1
2689 	1
2690 	1
2692 	1
2693 	1
2694 	1
2695 	1
2697 	1
2699 	1
2700 	1
2702 	1
2703 	1
2704 	1
2706 	1
2708 	1
2711 	1
2712 	1
2713 	1
2717 	1
2718 	1
2726 	1
2727 	1
2728 	1
2731 	1
2732 	1
2733 	1
2740 	1
2743 	1
2745 	1
2748 	1
2750 	1
2751 	1
2752 	1
2753 	1
2754 	1
2758 	1
2759 	1
2760 	1
2765 	1
2766 	1
2767 	1
2768 	1
2769 	1
2770 	1
2773 	1
2774 	1
2781 	1
2783 	1
2784 	1
2786 	1
2788 	1
2789 	1
2790 	1
2791 	1
2794 	1
2797 	1
2798 	1
2802 	1
2803 	1
2806 	1
2807 	1
2808 	1
2810 	1
2812 	1
2813 	1
2814 	1
2815 	1
2818 	1
2819 	1
2820 	1
2823 	1
2830 	1
2835 	1
2838 	1
2845 	1
2848 	1
2858 	1
2862 	1
2864 	1
2875 	1
2877 	1
2879 	1
2881 	1
2884 	1
2885 	1
2887 	1
2888 	1
2890 	1
2892 	1
2898 	1
2904 	1
2909 	1
2910 	1
2912 	1
2916 	1
2918 	1
2921 	1
2922 	1
2924 	1
2927 	1
2928 	1
2930 	1
2931 	1
2935 	1
2936 	1
2937 	1
2938 	1
2941 	1
2942 	1
2943 	1
2945 	1
2946 	1
2948 	1
2950 	1
2952 	1
2953 	1
2954 	1
2955 	1
2956 	1
2958 	1
2959 	1
2966 	1
2967 	1
2968 	1
2969 	1
2970 	1
2972 	1
2973 	1
2976 	1
2977 	1
2978 	1
2979 	1
2982 	1
2983 	1
2984 	1
2987 	1
2990 	1
2993 	1
2995 	1
2996 	1
2997 	1
3003 	1
3004 	1
3007 	1
3009 	1
3014 	1
3017 	1
3022 	1
3023 	1
3024 	1
3026 	1
3028 	1
3029 	1
3031 	1
3035 	1
3044 	1
3047 	1
3049 	1
3050 	1
3051 	1
3055 	1
3057 	1
3059 	1
3061 	1
3063 	1
3064 	1
3065 	1
3070 	1
3071 	1
3073 	1
3074 	1
3077 	1
3078 	1
3079 	1
3081 	1
3083 	1
3087 	1
3092 	1
3093 	1
3096 	1
3098 	1
3099 	1
3100 	1
3101 	1
3102 	1
3104 	1
3108 	1
3110 	1
3111 	1
3117 	1
3118 	1
3120 	1
3123 	1
3125 	1
3126 	1
3128 	1
3133 	1
3135 	1
3136 	1
3138 	1
3140 	1
3141 	1
3143 	1
3145 	1
3146 	1
3150 	1
3151 	1
3155 	1
3156 	1
3158 	1
3160 	1
3161 	1
3163 	1
3165 	1
3167 	1
3173 	1
3174 	1
3175 	1
3181 	1
3183 	1
3184 	1
3186 	1
3188 	1
3189 	1
3192 	1
3195 	1
3197 	1
3199 	1
3200 	1
3201 	1
3203 	1
3204 	1
3205 	1
3207 	1
3208 	1
3211 	1
3214 	1
3215 	1
3219 	1
3220 	1
3232 	1
3233 	1
3234 	1
3235 	1
3240 	1
3243 	1
3244 	1
3246 	1
3248 	1
3249 	1
3255 	1
3258 	1
3260 	1
3263 	1
3264 	1
3265 	1
3268 	1
3269 	1
3270 	1
3273 	1
3274 	1
3275 	1
3276 	1
3277 	1
3280 	1
3281 	1
3284 	1
3286 	1
3287 	1
3288 	1
3292 	1
3296 	1
3303 	1
3307 	1
3309 	1
3312 	1
3317 	1
3318 	1
3321 	1
3322 	1
3326 	1
3329 	1
3330 	1
3335 	1
3336 	1
3338 	1
3339 	1
3344 	1
3346 	1
3349 	1
3351 	1
3354 	1
3355 	1
3358 	1
3359 	1
3361 	1
3363 	1
3364 	1
3366 	1
3367 	1
3373 	1
3377 	1
3379 	1
3380 	1
3382 	1
3383 	1
3386 	1
3388 	1
3392 	1
3393 	1
3394 	1
3395 	1
3397 	1
3400 	1
3401 	1
3402 	1
3404 	1
3405 	1
3411 	1
3412 	1
3414 	1
3415 	1
3422 	1
3423 	1
3427 	1
3429 	1
3433 	1
3436 	1
3437 	1
3439 	1
3440 	1
3443 	1
3444 	1
3445 	1
3446 	1
3448 	1
3449 	1
3450 	1
3453 	1
3454 	1
3455 	1
3456 	1
3458 	1
3461 	1
3462 	1
3464 	1
3465 	1
3467 	1
3472 	1
3474 	1
3479 	1
3480 	1
3481 	1
3482 	1
3484 	1
3485 	1
3486 	1
3487 	1
3488 	1
3489 	1
3491 	1
3493 	1
3494 	1
3495 	1
3497 	1
3499 	1
3504 	1
3505 	1
3506 	1
3508 	1
3510 	1
3511 	1
3512 	1
3514 	1
3517 	1
3518 	1
3523 	1
3525 	1
3526 	1
3529 	1
3530 	1
3534 	1
3538 	1
3539 	1
3540 	1
3541 	1
3545 	1
3550 	1
3551 	1
3553 	1
3554 	1
3555 	1
3564 	1
3565 	1
3568 	1
3569 	1
3572 	1
3576 	1
3580 	1
3582 	1
3585 	1
3589 	1
3590 	1
3598 	1
3599 	1
3601 	1
3605 	1
3608 	1
3609 	1
3612 	1
3617 	1
3620 	1
3621 	1
3624 	1
3626 	1
3630 	1
3633 	1
3634 	1
3640 	1
3641 	1
3642 	1
3645 	1
3651 	1
3652 	1
3658 	1
3660 	1
3661 	1
3662 	1
3668 	1
3671 	1
3673 	1
3674 	1
3677 	1
3683 	1
3684 	1
3686 	1
3689 	1
3691 	1
3694 	1
3696 	1
3698 	1
3699 	1
3701 	1
3702 	1
3709 	1
3710 	1
3719 	1
3721 	1
3722 	1
3725 	1
3726 	1
3727 	1
3728 	1
3730 	1
3733 	1
3734 	1
3736 	1
3737 	1
3738 	1
3740 	1
3742 	1
3743 	1
3747 	1
3749 	1
3750 	1
3752 	1
3753 	1
3754 	1
3755 	1
3756 	1
3761 	1
3762 	1
3764 	1
3765 	1
3769 	1
3770 	1
3773 	1
3774 	1
3776 	1
3780 	1
3782 	1
3783 	1
3784 	1
3785 	1
3787 	1
3788 	1
3789 	1
3791 	1
3792 	1
3794 	1
3795 	1
3796 	1
3798 	1
3800 	1
3803 	1
3806 	1
3808 	1
3810 	1
3811 	1
3813 	1
3815 	1
3826 	1
3828 	1
3829 	1
3831 	1
3833 	1
3834 	1
3835 	1
3837 	1
3838 	1
3839 	1
3841 	1
3842 	1
3843 	1
3847 	1
3848 	1
3850 	1
3851 	1
3857 	1
3858 	1
3859 	1
3860 	1
3861 	1
3862 	1
3866 	1
3867 	1
3868 	1
3869 	1
3870 	1
3872 	1
3877 	1
3879 	1
3881 	1
3884 	1
3891 	1
3894 	1
3899 	1
3901 	1
3902 	1
3904 	1
3905 	1
3906 	1
3911 	1
3912 	1
3917 	1
3918 	1
3919 	1
3921 	1
3922 	1
3923 	1
3926 	1
3927 	1
3934 	1
3937 	1
3941 	1
3942 	1
3943 	1
3944 	1
3946 	1
3947 	1
3949 	1
3950 	1
3955 	1
3956 	1
3959 	1
3960 	1
3964 	1
3968 	1
3970 	1
3971 	1
3973 	1
3974 	1
3975 	1
3979 	1
3981 	1
3987 	1
3990 	1
3993 	1
3994 	1
3999 	1
4004 	1
4008 	1
4011 	1
4013 	1
4015 	1
4016 	1
4019 	1
4023 	1
4024 	1
4025 	1
4027 	1
4029 	1
4035 	1
4039 	1
4040 	1
4046 	1
4048 	1
4050 	1
4052 	1
4059 	1
4061 	1
4064 	1
4067 	1
4068 	1
4069 	1
4072 	1
4077 	1
4080 	1
4085 	1
4086 	1
4087 	1
4088 	1
4091 	1
4095 	1
4096 	1
4097 	1
4099 	1
4103 	1
4104 	1
4107 	1
4111 	1
4113 	1
4114 	1
4115 	1
4117 	1
4120 	1
4124 	1
4132 	1
4139 	1
4142 	1
4144 	1
4150 	1
4151 	1
4153 	1
4154 	1
4157 	1
4158 	1
4159 	1
4160 	1
4162 	1
4163 	1
4170 	1
4171 	1
4174 	1
4183 	1
4184 	1
4192 	1
4193 	1
4197 	1
4201 	1
4203 	1
4205 	1
4206 	1
4213 	1
4215 	1
4216 	1
4217 	1
4218 	1
4219 	1
4221 	1
4227 	1
4228 	1
4230 	1
4237 	1
4241 	1
4242 	1
4244 	1
4246 	1
4248 	1
4251 	1
4253 	1
4254 	1
4255 	1
4256 	1
4258 	1
4260 	1
4262 	1
4265 	1
4271 	1
4278 	1
4280 	1
4284 	1
4286 	1
4289 	1
4290 	1
4291 	1
4298 	1
4299 	1
4301 	1
4302 	1
4304 	1
4309 	1
4310 	1
4311 	1
4312 	1
4313 	1
4315 	1
4318 	1
4319 	1
4321 	1
4326 	1
4327 	1
4328 	1
4330 	1
4332 	1
4333 	1
4334 	1
4336 	1
4338 	1
4341 	1
4344 	1
4348 	1
4349 	1
4352 	1
4358 	1
4359 	1
4360 	1
4364 	1
4365 	1
4370 	1
4374 	1
4375 	1
4376 	1
4379 	1
4383 	1
4384 	1
4386 	1
4388 	1
4389 	1
4390 	1
4393 	1
4396 	1
4397 	1
4398 	1
4406 	1
4410 	1
4412 	1
4414 	1
4415 	1
4416 	1
4420 	1
4423 	1
4424 	1
4426 	1
4427 	1
4430 	1
4431 	1
4433 	1
4436 	1
4440 	1
4444 	1
4447 	1
4449 	1
4452 	1
4454 	1
4458 	1
4460 	1
4463 	1
4465 	1
4472 	1
4477 	1
4478 	1
4479 	1
4480 	1
4482 	1
4483 	1
4490 	1
4491 	1
4510 	1
4513 	1
4515 	1
4516 	1
4517 	1
4518 	1
4519 	1
4523 	1
4525 	1
4526 	1
4527 	1
4529 	1
4532 	1
4534 	1
4535 	1
4537 	1
4541 	1
4542 	1
4543 	1
4545 	1
4546 	1
4550 	1
4555 	1
4556 	1
4557 	1
4560 	1
4561 	1
4566 	1
4568 	1
4572 	1
4573 	1
4578 	1
4579 	1
4580 	1
4583 	1
4586 	1
4587 	1
4589 	1
4591 	1
4596 	1
4599 	1
4601 	1
4605 	1
4607 	1
4608 	1
4613 	1
4614 	1
4616 	1
4620 	1
4621 	1
4622 	1
4623 	1
4625 	1
4627 	1
4629 	1
4631 	1
4634 	1
4635 	1
4636 	1
4640 	1
4641 	1
4643 	1
4645 	1
4646 	1
4647 	1
4648 	1
4649 	1
4652 	1
4653 	1
4654 	1
4655 	1
4658 	1
4659 	1
4661 	1
4675 	1
4679 	1
4680 	1
4681 	1
4682 	1
4684 	1
4688 	1
4689 	1
4690 	1
4693 	1
4694 	1
4696 	1
4698 	1
4701 	1
4702 	1
4703 	1
4705 	1
4707 	1
4709 	1
4710 	1
4711 	1
4713 	1
4714 	1
4715 	1
4716 	1
4717 	1
4723 	1
4724 	1
4730 	1
4732 	1
4733 	1
4740 	1
4741 	1
4742 	1
4743 	1
4744 	1
4749 	1
4755 	1
4756 	1
4757 	1
4765 	1
4766 	1
4767 	1
4769 	1
4770 	1
4771 	1
4774 	1
4775 	1
4780 	1
4783 	1
4784 	1
4786 	1
4787 	1
4788 	1
4789 	1
4797 	1
4798 	1
4802 	1
4803 	1
4804 	1
4805 	1
4806 	1
4807 	1
4808 	1
4815 	1
4816 	1
4817 	1
4818 	1
4820 	1
4822 	1
4828 	1
4830 	1
4836 	1
4837 	1
4839 	1
4844 	1
4845 	1
4846 	1
4849 	1
4852 	1
4857 	1
4858 	1
4859 	1
4864 	1
4865 	1
4866 	1
4868 	1
4869 	1
4870 	1
4872 	1
4876 	1
4877 	1
4878 	1
4882 	1
4886 	1
4887 	1
4888 	1
4889 	1
4890 	1
4892 	1
4893 	1
4897 	1
4899 	1
4900 	1
4901 	1
4902 	1
4903 	1
4904 	1
4906 	1
4907 	1
4909 	1
4912 	1
4913 	1
4914 	1
4916 	1
4917 	1
4919 	1
4923 	1
4924 	1
4925 	1
4926 	1
4928 	1
4932 	1
4939 	1
4942 	1
4944 	1
4949 	1
4950 	1
4951 	1
4953 	1
4955 	1
4959 	1
4961 	1
4964 	1
4966 	1
4967 	1
4968 	1
4971 	1
4972 	1
4973 	1
4976 	1
4978 	1
4980 	1
4981 	1
4985 	1
4987 	1
4988 	1
4991 	1
4995 	1
4997 	1
4999 	1
5002 	1
5006 	1
5008 	1
5013 	1
5015 	1
5016 	1
5018 	1
5019 	1
5021 	1
5022 	1
5024 	1
5026 	1
5029 	1
5031 	1
5035 	1
5036 	1
5038 	1
5040 	1
5041 	1
5042 	1
5044 	1
5045 	1
5047 	1
5048 	1
5049 	1
5050 	1
5051 	1
5052 	1
5055 	1
5056 	1
5057 	1
5058 	1
5062 	1
5064 	1
5073 	1
5074 	1
5076 	1
5079 	1
5080 	1
5082 	1
5086 	1
5088 	1
5089 	1
5094 	1
5095 	1
5097 	1
5098 	1
5102 	1
5103 	1
5105 	1
5107 	1
5112 	1
5114 	1
5121 	1
5122 	1
5125 	1
5131 	1
5135 	1
5136 	1
5138 	1
5139 	1
5140 	1
5141 	1
5142 	1
5144 	1
5145 	1
5149 	1
5151 	1
5154 	1
5158 	1
5161 	1
5162 	1
5163 	1
5165 	1
5166 	1
5169 	1
5172 	1
5173 	1
5175 	1
5176 	1
5178 	1
5179 	1
5182 	1
5183 	1
5186 	1
5187 	1
5189 	1
5193 	1
5196 	1
5200 	1
5201 	1
5209 	1
5210 	1
5211 	1
5212 	1
5217 	1
5221 	1
5224 	1
5225 	1
5226 	1
5227 	1
5230 	1
5232 	1
5233 	1
5236 	1
5239 	1
5240 	1
5241 	1
5242 	1
5243 	1
5244 	1
5248 	1
5251 	1
5254 	1
5255 	1
5260 	1
5261 	1
5264 	1
5266 	1
5267 	1
5268 	1
5269 	1
5276 	1
5281 	1
5285 	1
5288 	1
5289 	1
5290 	1
5295 	1
5298 	1
5299 	1
5301 	1
5302 	1
5304 	1
5305 	1
5307 	1
5310 	1
5314 	1
5316 	1
5317 	1
5318 	1
5324 	1
5327 	1
5329 	1
5330 	1
5331 	1
5333 	1
5336 	1
5337 	1
5339 	1
5345 	1
5347 	1
5349 	1
5350 	1
5353 	1
5356 	1
5357 	1
5358 	1
5360 	1
5362 	1
5364 	1
5367 	1
5370 	1
5373 	1
5375 	1
5376 	1
5382 	1
5384 	1
5385 	1
5387 	1
5390 	1
5398 	1
5404 	1
5405 	1
5406 	1
5408 	1
5414 	1
5416 	1
5417 	1
5418 	1
5421 	1
5424 	1
5433 	1
5436 	1
5437 	1
5442 	1
5444 	1
5445 	1
5446 	1
5455 	1
5456 	1
5458 	1
5460 	1
5461 	1
5466 	1
5469 	1
5475 	1
5476 	1
5477 	1
5478 	1
5480 	1
5481 	1
5485 	1
5488 	1
5489 	1
5495 	1
5496 	1
5498 	1
5500 	1
5503 	1
5504 	1
5505 	1
5506 	1
5508 	1
5509 	1
5511 	1
5514 	1
5515 	1
5517 	1
5518 	1
5522 	1
5527 	1
5528 	1
5529 	1
5531 	1
5533 	1
5534 	1
5535 	1
5542 	1
5543 	1
5546 	1
5548 	1
5551 	1
5557 	1
5562 	1
5563 	1
5565 	1
5566 	1
5568 	1
5573 	1
5579 	1
5582 	1
5589 	1
5591 	1
5593 	1
5595 	1
5597 	1
5600 	1
5602 	1
5603 	1
5605 	1
5606 	1
5607 	1
5614 	1
5616 	1
5619 	1
5624 	1
5625 	1
5627 	1
5629 	1
5638 	1
5639 	1
5646 	1
5650 	1
5652 	1
5655 	1
5656 	1
5657 	1
5659 	1
5660 	1
5662 	1
5666 	1
5667 	1
5668 	1
5669 	1
5670 	1
5671 	1
5673 	1
5675 	1
5676 	1
5680 	1
5682 	1
5684 	1
5685 	1
5686 	1
5688 	1
5689 	1
5690 	1
5694 	1
5696 	1
5699 	1
5700 	1
5702 	1
5712 	1
5714 	1
5716 	1
5718 	1
5719 	1
5724 	1
5725 	1
5727 	1
5729 	1
5732 	1
5735 	1
5736 	1
5739 	1
5740 	1
5743 	1
5744 	1
5746 	1
5747 	1
5750 	1
5751 	1
5754 	1
5757 	1
5758 	1
5761 	1
5765 	1
5772 	1
5782 	1
5783 	1
5785 	1
5787 	1
5788 	1
5793 	1
5794 	1
5799 	1
5800 	1
5807 	1
5812 	1
5813 	1
5814 	1
5815 	1
5817 	1
5818 	1
5820 	1
5828 	1
5836 	1
5838 	1
5840 	1
5841 	1
5842 	1
5843 	1
5846 	1
5854 	1
5855 	1
5857 	1
5859 	1
5860 	1
5861 	1
5865 	1
5868 	1
5869 	1
5872 	1
5875 	1
5877 	1
5887 	1
5888 	1
5891 	1
5899 	1
5900 	1
5902 	1
5903 	1
5904 	1
5905 	1
5906 	1
5907 	1
5908 	1
5909 	1
5912 	1
5913 	1
5914 	1
5916 	1
5918 	1
5920 	1
5925 	1
5928 	1
5932 	1
5936 	1
5937 	1
5940 	1
5942 	1
5948 	1
5949 	1
5953 	1
5954 	1
5956 	1
5959 	1
5961 	1
5966 	1
5967 	1
5969 	1
5970 	1
5973 	1
5977 	1
5979 	1
5981 	1
5982 	1
5986 	1
5988 	1
5989 	1
5990 	1
5995 	1
5997 	1
5999 	1
6000 	1
6001 	1
6002 	1
6003 	1
6008 	1
6017 	1
6019 	1
6022 	1
6027 	1
6031 	1
6034 	1
6035 	1
6037 	1
6040 	1
6041 	1
6044 	1
6047 	1
6052 	1
6056 	1
6057 	1
6063 	1
6066 	1
6067 	1
6069 	1
6070 	1
6071 	1
6075 	1
6079 	1
6080 	1
6084 	1
6089 	1
6094 	1
6098 	1
6100 	1
6101 	1
6104 	1
6105 	1
6106 	1
6108 	1
6109 	1
6110 	1
6112 	1
6113 	1
6117 	1
6118 	1
6121 	1
6122 	1
6123 	1
6126 	1
6127 	1
6129 	1
6130 	1
6134 	1
6135 	1
6138 	1
6141 	1
6144 	1
6147 	1
6149 	1
6151 	1
6153 	1
6154 	1
6156 	1
6157 	1
6158 	1
6160 	1
6161 	1
6163 	1
6164 	1
6165 	1
6166 	1
6167 	1
6168 	1
6169 	1
6170 	1
6171 	1
6173 	1
6176 	1
6179 	1
6180 	1
6182 	1
6184 	1
6185 	1
6186 	1
6189 	1
6195 	1
6198 	1
6201 	1
6202 	1
6203 	1
6204 	1
6207 	1
6217 	1
6223 	1
6224 	1
6226 	1
6228 	1
6229 	1
6230 	1
6231 	1
6232 	1
6241 	1
6242 	1
6243 	1
6244 	1
6253 	1
6254 	1
6255 	1
6262 	1
6263 	1
6265 	1
6266 	1
6267 	1
6271 	1
6273 	1
6274 	1
6278 	1
6281 	1
6282 	1
6283 	1
6284 	1
6285 	1
6287 	1
6291 	1
6293 	1
6294 	1
6295 	1
6297 	1
6298 	1
6299 	1
6300 	1
6302 	1
6304 	1
6306 	1
6308 	1
6310 	1
6315 	1
6316 	1
6317 	1
6321 	1
6323 	1
6324 	1
6327 	1
6332 	1
6336 	1
6337 	1
6338 	1
6340 	1
6347 	1
6350 	1
6352 	1
6359 	1
6361 	1
6362 	1
6363 	1
6367 	1
6368 	1
6369 	1
6370 	1
6371 	1
6372 	1
6375 	1
6377 	1
6382 	1
6383 	1
6385 	1
6389 	1
6391 	1
6395 	1
6403 	1
6407 	1
6408 	1
6411 	1
6412 	1
6414 	1
6417 	1
6418 	1
6420 	1
6426 	1
6427 	1
6429 	1
6431 	1
6432 	1
6433 	1
6436 	1
6439 	1
6440 	1
6441 	1
6444 	1
6454 	1
6460 	1
6461 	1
6464 	1
6467 	1
6469 	1
6474 	1
6476 	1
6477 	1
6478 	1
6479 	1
6480 	1
6483 	1
6487 	1
6488 	1
6490 	1
6492 	1
6495 	1
6496 	1
6497 	1
6498 	1
6499 	1
6500 	1
6501 	1
6504 	1
6505 	1
6506 	1
6510 	1
6512 	1
6513 	1
6515 	1
6517 	1
6520 	1
6521 	1
6523 	1
6529 	1
6530 	1
6531 	1
6533 	1
6534 	1
6535 	1
6536 	1
6538 	1
6540 	1
6541 	1
6544 	1
6547 	1
6549 	1
6555 	1
6556 	1
6562 	1
6563 	1
6565 	1
6566 	1
6570 	1
6572 	1
6573 	1
6575 	1
6582 	1
6584 	1
6589 	1
6591 	1
6592 	1
6593 	1
6594 	1
6602 	1
6604 	1
6605 	1
6608 	1
6611 	1
6616 	1
6617 	1
6618 	1
6620 	1
6622 	1
6623 	1
6624 	1
6626 	1
6627 	1
6631 	1
6633 	1
6634 	1
6638 	1
6641 	1
6643 	1
6644 	1
6647 	1
6648 	1
6649 	1
6651 	1
6653 	1
6654 	1
6656 	1
6657 	1
6661 	1
6662 	1
6663 	1
6665 	1
6668 	1
6670 	1
6672 	1
6673 	1
6677 	1
6681 	1
6683 	1
6686 	1
6687 	1
6688 	1
6690 	1
6694 	1
6695 	1
6697 	1
6699 	1
6700 	1
6703 	1
6705 	1
6707 	1
6712 	1
6714 	1
6715 	1
6716 	1
6718 	1
6719 	1
6720 	1
6724 	1
6726 	1
6727 	1
6731 	1
6732 	1
6733 	1
6736 	1
6737 	1
6739 	1
6741 	1
6742 	1
6743 	1
6745 	1
6746 	1
6747 	1
6750 	1
6753 	1
6754 	1
6756 	1
6758 	1
6759 	1
6760 	1
6761 	1
6763 	1
6764 	1
6765 	1
6766 	1
6771 	1
6772 	1
6778 	1
6782 	1
6785 	1
6786 	1
6790 	1
6793 	1
6794 	1
6800 	1
6801 	1
6802 	1
6803 	1
6804 	1
6805 	1
6810 	1
6812 	1
6814 	1
6817 	1
6825 	1
6826 	1
6828 	1
6831 	1
6835 	1
6836 	1
6837 	1
6839 	1
6843 	1
6844 	1
6845 	1
6848 	1
6849 	1
6852 	1
6854 	1
6857 	1
6860 	1
6862 	1
6863 	1
6864 	1
6865 	1
6867 	1
6868 	1
6871 	1
6872 	1
6873 	1
6875 	1
6878 	1
6880 	1
6881 	1
6886 	1
6889 	1
6891 	1
6892 	1
6906 	1
6907 	1
6909 	1
6911 	1
6915 	1
6917 	1
6921 	1
6924 	1
6926 	1
6930 	1
6933 	1
6934 	1
6936 	1
6937 	1
6939 	1
6944 	1
6947 	1
6948 	1
6949 	1
6950 	1
6953 	1
6955 	1
6956 	1
6957 	1
6959 	1
6961 	1
6963 	1
6964 	1
6969 	1
6971 	1
6976 	1
6980 	1
6982 	1
6987 	1
6991 	1
6992 	1
6997 	1
7002 	1
7007 	1
7011 	1
7012 	1
7015 	1
7016 	1
7018 	1
7019 	1
7022 	1
7026 	1
7028 	1
7029 	1
7030 	1
7031 	1
7032 	1
7040 	1
7041 	1
7042 	1
7043 	1
7044 	1
7047 	1
7048 	1
7049 	1
7051 	1
7052 	1
7057 	1
7060 	1
7062 	1
7065 	1
7066 	1
7068 	1
7078 	1
7079 	1
7080 	1
7081 	1
7083 	1
7086 	1
7087 	1
7089 	1
7091 	1
7093 	1
7095 	1
7097 	1
7098 	1
7102 	1
7107 	1
7110 	1
7111 	1
7112 	1
7114 	1
7118 	1
7121 	1
7122 	1
7123 	1
7127 	1
7132 	1
7137 	1
7141 	1
7142 	1
7143 	1
7145 	1
7146 	1
7151 	1
7152 	1
7153 	1
7160 	1
7162 	1
7163 	1
7164 	1
7168 	1
7170 	1
7173 	1
7174 	1
7176 	1
7178 	1
7179 	1
7183 	1
7184 	1
7186 	1
7187 	1
7188 	1
7195 	1
7196 	1
7197 	1
7198 	1
7199 	1
7200 	1
7203 	1
7204 	1
7207 	1
7210 	1
7211 	1
7212 	1
7214 	1
7216 	1
7217 	1
7219 	1
7220 	1
7222 	1
7223 	1
7225 	1
7227 	1
7228 	1
7233 	1
7234 	1
7235 	1
7237 	1
7238 	1
7241 	1
7245 	1
7249 	1
7250 	1
7252 	1
7259 	1
7261 	1
7262 	1
7263 	1
7265 	1
7267 	1
7268 	1
7274 	1
7275 	1
7277 	1
7280 	1
7281 	1
7284 	1
7285 	1
7286 	1
7287 	1
7290 	1
7291 	1
7293 	1
7296 	1
7297 	1
7298 	1
7299 	1
7301 	1
7302 	1
7306 	1
7307 	1
7310 	1
7313 	1
7317 	1
7319 	1
7321 	1
7323 	1
7325 	1
7326 	1
7330 	1
7331 	1
7332 	1
7333 	1
7336 	1
7338 	1
7339 	1
7340 	1
7342 	1
7343 	1
7348 	1
7349 	1
7351 	1
7353 	1
7355 	1
7356 	1
7357 	1
7360 	1
7362 	1
7364 	1
7366 	1
7369 	1
7370 	1
7372 	1
7375 	1
7378 	1
7381 	1
7382 	1
7383 	1
7384 	1
7385 	1
7386 	1
7388 	1
7390 	1
7396 	1
7403 	1
7405 	1
7407 	1
7409 	1
7410 	1
7413 	1
7414 	1
7418 	1
7419 	1
7420 	1
7421 	1
7422 	1
7423 	1
7424 	1
7426 	1
7427 	1
7437 	1
7438 	1
7440 	1
7443 	1
7447 	1
7449 	1
7451 	1
7454 	1
7456 	1
7457 	1
7459 	1
7460 	1
7463 	1
7464 	1
7466 	1
7467 	1
7471 	1
7473 	1
7474 	1
7478 	1
7480 	1
7482 	1
7485 	1
7486 	1
7487 	1
7488 	1
7490 	1
7492 	1
7493 	1
7494 	1
7505 	1
7508 	1
7510 	1
7512 	1
7513 	1
7516 	1
7519 	1
7521 	1
7524 	1
7525 	1
7527 	1
7528 	1
7531 	1
7533 	1
7534 	1
7536 	1
7538 	1
7543 	1
7547 	1
7556 	1
7557 	1
7558 	1
7562 	1
7563 	1
7565 	1
7568 	1
7570 	1
7572 	1
7573 	1
7574 	1
7575 	1
7580 	1
7581 	1
7582 	1
7583 	1
7588 	1
7590 	1
7595 	1
7596 	1
7598 	1
7600 	1
7601 	1
7603 	1
7607 	1
7608 	1
7609 	1
7610 	1
7611 	1
7615 	1
7616 	1
7619 	1
7620 	1
7623 	1
7624 	1
7625 	1
7626 	1
7630 	1
7633 	1
7640 	1
7642 	1
7644 	1
7647 	1
7648 	1
7650 	1
7651 	1
7653 	1
7654 	1
7659 	1
7660 	1
7661 	1
7663 	1
7668 	1
7669 	1
7670 	1
7673 	1
7677 	1
7680 	1
7681 	1
7683 	1
7690 	1
7695 	1
7696 	1
7697 	1
7699 	1
7700 	1
7702 	1
7706 	1
7708 	1
7709 	1
7711 	1
7714 	1
7715 	1
7716 	1
7719 	1
7720 	1
7723 	1
7727 	1
7729 	1
7730 	1
7733 	1
7734 	1
7737 	1
7739 	1
7741 	1
7745 	1
7748 	1
7749 	1
7755 	1
7756 	1
7760 	1
7768 	1
7771 	1
7778 	1
7779 	1
7781 	1
7784 	1
7789 	1
7793 	1
7794 	1
7799 	1
7801 	1
7808 	1
7811 	1
7813 	1
7815 	1
7816 	1
7818 	1
7823 	1
7826 	1
7829 	1
7830 	1
7831 	1
7832 	1
7836 	1
7840 	1
7844 	1
7847 	1
7851 	1
7853 	1
7854 	1
7855 	1
7859 	1
7860 	1
7862 	1
7863 	1
7864 	1
7865 	1
7866 	1
7867 	1
7869 	1
7871 	1
7876 	1
7881 	1
7883 	1
7888 	1
7891 	1
7894 	1
7895 	1
7898 	1
7900 	1
7902 	1
7904 	1
7905 	1
7906 	1
7911 	1
7914 	1
7916 	1
7917 	1
7919 	1
7921 	1
7925 	1
7926 	1
7927 	1
7929 	1
7930 	1
7932 	1
7933 	1
7934 	1
7936 	1
7941 	1
7943 	1
7946 	1
7947 	1
7949 	1
7951 	1
7953 	1
7956 	1
7957 	1
7958 	1
7960 	1
7961 	1
7962 	1
7963 	1
7966 	1
7971 	1
7977 	1
7978 	1
7980 	1
7981 	1
7985 	1
7988 	1
7989 	1
7990 	1
7994 	1
7998 	1
7999 	1
8002 	1
8005 	1
8007 	1
8008 	1
8014 	1
8016 	1
8017 	1
8019 	1
8020 	1
8021 	1
8022 	1
8023 	1
8024 	1
8029 	1
8031 	1
8032 	1
8035 	1
8036 	1
8038 	1
8040 	1
8041 	1
8043 	1
8049 	1
8050 	1
8051 	1
8055 	1
8058 	1
8060 	1
8061 	1
8063 	1
8066 	1
8067 	1
8068 	1
8070 	1
8073 	1
8075 	1
8076 	1
8077 	1
8078 	1
8080 	1
8082 	1
8083 	1
8084 	1
8085 	1
8088 	1
8093 	1
8096 	1
8097 	1
8098 	1
8101 	1
8102 	1
8104 	1
8109 	1
8110 	1
8112 	1
8113 	1
8115 	1
8116 	1
8117 	1
8121 	1
8122 	1
8126 	1
8129 	1
8130 	1
8133 	1
8134 	1
8136 	1
8137 	1
8138 	1
8139 	1
8141 	1
8143 	1
8147 	1
8148 	1
8150 	1
8151 	1
8155 	1
8156 	1
8158 	1
8159 	1
8163 	1
8168 	1
8169 	1
8171 	1
8173 	1
8174 	1
8175 	1
8176 	1
8177 	1
8183 	1
8185 	1
8187 	1
8191 	1
8194 	1
8195 	1
8196 	1
8198 	1
8201 	1
8202 	1
8203 	1
8204 	1
8209 	1
8210 	1
8211 	1
8214 	1
8217 	1
8218 	1
8219 	1
8223 	1
8224 	1
8227 	1
8228 	1
8231 	1
8233 	1
8236 	1
8239 	1
8240 	1
8241 	1
8243 	1
8244 	1
8246 	1
8248 	1
8249 	1
8250 	1
8251 	1
8252 	1
8253 	1
8255 	1
8257 	1
8259 	1
8260 	1
8261 	1
8262 	1
8263 	1
8264 	1
8269 	1
8270 	1
8274 	1
8275 	1
8276 	1
8277 	1
8282 	1
8284 	1
8285 	1
8292 	1
8293 	1
8296 	1
8301 	1
8302 	1
8303 	1
8307 	1
8309 	1
8315 	1
8316 	1
8318 	1
8321 	1
8323 	1
8325 	1
8326 	1
8327 	1
8328 	1
8330 	1
8331 	1
8333 	1
8334 	1
8336 	1
8337 	1
8342 	1
8344 	1
8345 	1
8346 	1
8347 	1
8354 	1
8359 	1
8361 	1
8366 	1
8367 	1
8371 	1
8374 	1
8376 	1
8379 	1
8381 	1
8385 	1
8389 	1
8391 	1
8392 	1
8396 	1
8397 	1
8402 	1
8406 	1
8407 	1
8408 	1
8409 	1
8410 	1
8411 	1
8413 	1
8415 	1
8418 	1
8419 	1
8422 	1
8424 	1
8426 	1
8427 	1
8428 	1
8434 	1
8435 	1
8436 	1
8439 	1
8443 	1
8445 	1
8450 	1
8455 	1
8456 	1
8457 	1
8458 	1
8460 	1
8463 	1
8464 	1
8466 	1
8468 	1
8472 	1
8475 	1
8476 	1
8477 	1
8478 	1
8482 	1
8483 	1
8484 	1
8485 	1
8486 	1
8488 	1
8489 	1
8494 	1
8496 	1
8500 	1
8503 	1
8504 	1
8505 	1
8506 	1
8507 	1
8508 	1
8511 	1
8514 	1
8516 	1
8517 	1
8518 	1
8521 	1
8524 	1
8525 	1
8526 	1
8527 	1
8528 	1
8529 	1
8530 	1
8532 	1
8533 	1
8534 	1
8541 	1
8542 	1
8546 	1
8547 	1
8554 	1
8556 	1
8558 	1
8564 	1
8569 	1
8572 	1
8573 	1
8576 	1
8579 	1
8582 	1
8584 	1
8586 	1
8587 	1
8588 	1
8589 	1
8592 	1
8593 	1
8594 	1
8595 	1
8596 	1
8597 	1
8599 	1
8600 	1
8612 	1
8614 	1
8616 	1
8617 	1
8618 	1
8621 	1
8622 	1
8623 	1
8624 	1
8625 	1
8629 	1
8630 	1
8631 	1
8635 	1
8636 	1
8637 	1
8640 	1
8644 	1
8647 	1
8651 	1
8652 	1
8654 	1
8661 	1
8665 	1
8666 	1
8668 	1
8669 	1
8670 	1
8671 	1
8672 	1
8675 	1
8679 	1
8684 	1
8687 	1
8688 	1
8689 	1
8691 	1
8692 	1
8694 	1
8696 	1
8698 	1
8707 	1
8709 	1
8710 	1
8711 	1
8712 	1
8713 	1
8719 	1
8722 	1
8730 	1
8732 	1
8733 	1
8734 	1
8735 	1
8737 	1
8744 	1
8747 	1
8748 	1
8752 	1
8754 	1
8756 	1
8757 	1
8759 	1
8760 	1
8766 	1
8769 	1
8772 	1
8773 	1
8774 	1
8778 	1
8781 	1
8782 	1
8783 	1
8785 	1
8786 	1
8788 	1
8789 	1
8791 	1
8792 	1
8793 	1
8799 	1
8800 	1
8802 	1
8803 	1
8804 	1
8807 	1
8811 	1
8812 	1
8813 	1
8814 	1
8815 	1
8819 	1
8822 	1
8824 	1
8825 	1
8826 	1
8829 	1
8831 	1
8833 	1
8834 	1
8837 	1
8840 	1
8841 	1
8845 	1
8846 	1
8847 	1
8848 	1
8857 	1
8860 	1
8866 	1
8867 	1
8874 	1
8876 	1
8881 	1
8883 	1
8884 	1
8889 	1
8891 	1
8892 	1
8895 	1
8896 	1
8897 	1
8901 	1
8902 	1
8903 	1
8905 	1
8906 	1
8908 	1
8909 	1
8910 	1
8913 	1
8916 	1
8920 	1
8921 	1
8925 	1
8927 	1
8929 	1
8930 	1
8933 	1
8934 	1
8936 	1
8937 	1
8938 	1
8939 	1
8940 	1
8941 	1
8942 	1
8943 	1
8950 	1
8956 	1
8957 	1
8958 	1
8960 	1
8964 	1
8966 	1
8969 	1
8971 	1
8973 	1
8974 	1
8975 	1
8977 	1
8980 	1
8982 	1
8983 	1
8985 	1
8990 	1
8992 	1
8993 	1
8994 	1
8999 	1
9000 	1
9001 	1
9006 	1
9014 	1
9020 	1
9025 	1
9028 	1
9030 	1
9031 	1
9033 	1
9037 	1
9044 	1
9047 	1
9051 	1
9053 	1
9054 	1
9055 	1
9056 	1
9057 	1
9059 	1
9061 	1
9067 	1
9068 	1
9069 	1
9070 	1
9071 	1
9073 	1
9076 	1
9078 	1
9079 	1
9084 	1
9086 	1
9088 	1
9089 	1
9090 	1
9094 	1
9096 	1
9097 	1
9098 	1
9104 	1
9108 	1
9109 	1
9111 	1
9113 	1
9114 	1
9115 	1
9117 	1
9118 	1
9129 	1
9130 	1
9132 	1
9135 	1
9138 	1
9139 	1
9142 	1
9143 	1
9144 	1
9147 	1
9151 	1
9153 	1
9157 	1
9158 	1
9160 	1
9161 	1
9163 	1
9164 	1
9167 	1
9168 	1
9172 	1
9173 	1
9174 	1
9176 	1
9178 	1
9181 	1
9182 	1
9184 	1
9185 	1
9186 	1
9188 	1
9189 	1
9195 	1
9196 	1
9197 	1
9198 	1
9199 	1
9201 	1
9202 	1
9206 	1
9207 	1
9208 	1
9210 	1
9211 	1
9214 	1
9219 	1
9220 	1
9223 	1
9226 	1
9228 	1
9229 	1
9230 	1
9232 	1
9233 	1
9235 	1
9240 	1
9241 	1
9242 	1
9245 	1
9246 	1
9247 	1
9249 	1
9251 	1
9252 	1
9253 	1
9257 	1
9258 	1
9259 	1
9264 	1
9266 	1
9268 	1
9271 	1
9275 	1
9276 	1
9277 	1
9279 	1
9281 	1
9287 	1
9289 	1
9290 	1
9293 	1
9294 	1
9295 	1
9299 	1
9300 	1
9301 	1
9303 	1
9305 	1
9306 	1
9308 	1
9309 	1
9315 	1
9317 	1
9318 	1
9320 	1
9322 	1
9324 	1
9325 	1
9326 	1
9327 	1
9329 	1
9331 	1
9333 	1
9336 	1
9337 	1
9339 	1
9342 	1
9345 	1
9351 	1
9353 	1
9356 	1
9357 	1
9361 	1
9363 	1
9365 	1
9372 	1
9373 	1
9374 	1
9379 	1
9383 	1
9384 	1
9385 	1
9387 	1
9390 	1
9392 	1
9394 	1
9395 	1
9397 	1
9398 	1
9399 	1
9400 	1
9401 	1
9402 	1
9403 	1
9410 	1
9416 	1
9417 	1
9418 	1
9419 	1
9420 	1
9422 	1
9423 	1
9425 	1
9427 	1
9428 	1
9430 	1
9433 	1
9434 	1
9435 	1
9436 	1
9438 	1
9439 	1
9445 	1
9446 	1
9448 	1
9449 	1
9450 	1
9451 	1
9453 	1
9454 	1
9455 	1
9457 	1
9458 	1
9459 	1
9460 	1
9461 	1
9464 	1
9466 	1
9470 	1
9471 	1
9472 	1
9474 	1
9476 	1
9478 	1
9481 	1
9490 	1
9493 	1
9494 	1
9502 	1
9504 	1
9508 	1
9513 	1
9514 	1
9515 	1
9524 	1
9525 	1
9526 	1
9527 	1
9528 	1
9529 	1
9530 	1
9534 	1
9535 	1
9539 	1
9540 	1
9541 	1
9542 	1
9543 	1
9548 	1
9552 	1
9555 	1
9556 	1
9559 	1
9562 	1
9563 	1
9564 	1
9567 	1
9570 	1
9571 	1
9572 	1
9577 	1
9580 	1
9583 	1
9584 	1
9586 	1
9591 	1
9593 	1
9594 	1
9596 	1
9597 	1
9599 	1
9600 	1
9601 	1
9604 	1
9606 	1
9607 	1
9609 	1
9612 	1
9615 	1
9616 	1
9617 	1
9619 	1
9622 	1
9623 	1
9626 	1
9627 	1
9632 	1
9636 	1
9639 	1
9640 	1
9643 	1
9646 	1
9650 	1
9651 	1
9653 	1
9654 	1
9655 	1
9656 	1
9663 	1
9666 	1
9667 	1
9672 	1
9673 	1
9675 	1
9678 	1
9680 	1
9684 	1
9685 	1
9686 	1
9691 	1
9692 	1
9694 	1
9695 	1
9699 	1
9700 	1
9706 	1
9707 	1
9708 	1
9711 	1
9716 	1
9717 	1
9718 	1
9719 	1
9721 	1
9722 	1
9726 	1
9731 	1
9736 	1
9738 	1
9739 	1
9741 	1
9742 	1
9743 	1
9744 	1
9745 	1
9749 	1
9751 	1
9754 	1
9759 	1
9760 	1
9762 	1
9765 	1
9766 	1
9770 	1
9772 	1
9776 	1
9778 	1
9780 	1
9782 	1
9783 	1
9784 	1
9787 	1
9789 	1
9791 	1
9792 	1
9793 	1
9795 	1
9803 	1
9804 	1
9806 	1
9808 	1
9810 	1
9811 	1
9814 	1
9816 	1
9818 	1
9823 	1
9824 	1
9827 	1
9833 	1
9835 	1
9836 	1
9837 	1
9841 	1
9843 	1
9844 	1
9847 	1
9854 	1
9856 	1
9862 	1
9863 	1
9866 	1
9872 	1
9873 	1
9874 	1
9876 	1
9877 	1
9878 	1
9881 	1
9884 	1
9885 	1
9886 	1
9894 	1
9896 	1
9905 	1
9908 	1
9909 	1
9910 	1
9911 	1
9916 	1
9918 	1
9920 	1
9922 	1
9924 	1
9925 	1
9929 	1
9930 	1
9931 	1
9932 	1
9933 	1
9934 	1
9938 	1
9940 	1
9941 	1
9942 	1
9949 	1
9953 	1
9955 	1
9956 	1
9958 	1
9959 	1
9961 	1
9962 	1
9965 	1
9969 	1
9978 	1
9980 	1
9983 	1
9984 	1
9987 	1
9989 	1
9990 	1
9992 	1
9993 	1
9994 	1
9995 	1
9996 	1
9997 	1
9998 	1
9999 	1
10000 	1
10002 	1
10004 	1
10006 	1
10007 	1
10011 	1
10012 	1
10013 	1
10023 	1
10038 	1
10040 	1
10044 	1
10047 	1
10048 	1
10053 	1
10054 	1
10059 	1
10060 	1
10062 	1
10064 	1
10066 	1
10070 	1
10071 	1
10073 	1
10076 	1
10082 	1
10085 	1
10088 	1
10091 	1
10094 	1
10095 	1
10099 	1
10105 	1
10106 	1
10108 	1
10109 	1
10110 	1
10111 	1
10112 	1
10116 	1
10119 	1
10121 	1
10124 	1
10125 	1
10126 	1
10128 	1
10129 	1
10133 	1
10134 	1
10142 	1
10143 	1
10144 	1
10145 	1
10150 	1
10151 	1
10152 	1
10153 	1
10156 	1
10163 	1
10164 	1
10169 	1
10170 	1
10171 	1
10172 	1
10174 	1
10176 	1
10177 	1
10179 	1
10180 	1
10182 	1
10184 	1
10185 	1
10186 	1
10187 	1
10189 	1
10192 	1
10194 	1
10197 	1
10198 	1
10203 	1
10206 	1
10209 	1
10210 	1
10212 	1
10218 	1
10219 	1
10220 	1
10223 	1
10224 	1
10234 	1
10239 	1
10240 	1
10241 	1
10243 	1
10248 	1
10254 	1
10259 	1
10260 	1
10267 	1
10268 	1
10269 	1
10270 	1
10271 	1
10273 	1
10274 	1
10275 	1
10276 	1
10277 	1
10278 	1
10280 	1
10284 	1
10286 	1
10287 	1
10288 	1
10289 	1
10290 	1
10294 	1
10295 	1
10297 	1
10298 	1
10300 	1
10301 	1
10302 	1
10304 	1
10306 	1
10307 	1
10308 	1
10309 	1
10310 	1
10311 	1
10312 	1
10320 	1
10321 	1
10328 	1
10331 	1
10332 	1
10333 	1
10334 	1
10336 	1
10340 	1
10341 	1
10345 	1
10346 	1
10349 	1
10352 	1
10353 	1
10355 	1
10359 	1
10361 	1
10362 	1
10363 	1
10365 	1
10369 	1
10370 	1
10373 	1
10374 	1
10375 	1
10376 	1
10377 	1
10378 	1
10380 	1
10382 	1
10383 	1
10385 	1
10387 	1
10388 	1
10390 	1
10393 	1
10395 	1
10401 	1
10403 	1
10404 	1
10407 	1
10408 	1
10409 	1
10410 	1
10417 	1
10418 	1
10422 	1
10424 	1
10427 	1
10430 	1
10437 	1
10439 	1
10441 	1
10442 	1
10449 	1
10452 	1
10454 	1
10455 	1
10458 	1
10460 	1
10462 	1
10467 	1
10468 	1
10470 	1
10471 	1
10473 	1
10476 	1
10478 	1
10479 	1
10480 	1
10481 	1
10483 	1
10487 	1
10488 	1
10491 	1
10494 	1
10499 	1
10502 	1
10504 	1
10505 	1
10506 	1
10510 	1
10511 	1
10512 	1
10515 	1
10518 	1
10519 	1
10521 	1
10525 	1
10526 	1
10528 	1
10530 	1
10532 	1
10534 	1
10536 	1
10537 	1
10538 	1
10539 	1
10541 	1
10543 	1
10544 	1
10547 	1
10548 	1
10551 	1
10552 	1
10553 	1
10555 	1
10558 	1
10559 	1
10560 	1
10566 	1
10569 	1
10570 	1
10571 	1
10572 	1
10575 	1
10576 	1
10578 	1
10579 	1
10580 	1
10582 	1
10583 	1
10584 	1
10586 	1
10589 	1
10592 	1
10593 	1
10594 	1
10597 	1
10599 	1
10600 	1
10601 	1
10610 	1
10613 	1
10614 	1
10615 	1
10621 	1
10622 	1
10625 	1
10626 	1
10627 	1
10628 	1
10630 	1
10632 	1
10634 	1
10636 	1
10638 	1
10641 	1
10644 	1
10645 	1
10647 	1
10652 	1
10656 	1
10660 	1
10663 	1
10665 	1
10666 	1
10670 	1
10673 	1
10674 	1
10676 	1
10677 	1
10678 	1
10680 	1
10685 	1
10688 	1
10689 	1
10690 	1
10691 	1
10693 	1
10694 	1
10696 	1
10698 	1
10700 	1
10701 	1
10704 	1
10707 	1
10708 	1
10710 	1
10711 	1
10712 	1
10719 	1
10721 	1
10723 	1
10726 	1
10729 	1
10730 	1
10736 	1
10738 	1
10739 	1
10748 	1
10750 	1
10752 	1
10753 	1
10754 	1
10756 	1
10758 	1
10761 	1
10763 	1
10765 	1
10766 	1
10768 	1
10769 	1
10774 	1
10775 	1
10782 	1
10784 	1
10786 	1
10787 	1
10788 	1
10793 	1
10795 	1
10797 	1
10799 	1
10800 	1
10801 	1
10803 	1
10804 	1
10805 	1
10808 	1
10812 	1
10816 	1
10817 	1
10819 	1
10824 	1
10830 	1
10831 	1
10833 	1
10834 	1
10835 	1
10836 	1
10839 	1
10842 	1
10844 	1
10845 	1
10847 	1
10848 	1
10849 	1
10851 	1
10855 	1
10861 	1
10862 	1
10863 	1
10864 	1
10866 	1
10869 	1
10870 	1
10871 	1
10873 	1
10874 	1
10875 	1
10882 	1
10884 	1
10885 	1
10886 	1
10888 	1
10889 	1
10893 	1
10895 	1
10896 	1
10897 	1
10899 	1
10900 	1
10902 	1
10905 	1
10908 	1
10909 	1
10913 	1
10915 	1
10917 	1
10920 	1
10923 	1
10927 	1
10929 	1
10932 	1
10933 	1
10934 	1
10940 	1
10941 	1
10942 	1
10944 	1
10945 	1
10946 	1
10948 	1
10949 	1
10950 	1
10951 	1
10952 	1
10954 	1
10956 	1
10958 	1
10960 	1
10962 	1
10963 	1
10970 	1
10971 	1
10973 	1
10976 	1
10977 	1
10978 	1
10979 	1
10985 	1
10989 	1
10990 	1
10992 	1
10995 	1
10996 	1
10998 	1
11002 	1
11004 	1
11010 	1
11015 	1
11016 	1
11017 	1
11018 	1
11023 	1
11028 	1
11032 	1
11035 	1
11037 	1
11042 	1
11044 	1
11045 	1
11046 	1
11047 	1
11048 	1
11049 	1
11050 	1
11051 	1
11055 	1
11056 	1
11058 	1
11061 	1
11063 	1
11064 	1
11067 	1
11069 	1
11070 	1
11073 	1
11074 	1
11077 	1
11082 	1
11085 	1
11088 	1
11090 	1
11098 	1
11100 	1
11101 	1
11102 	1
11107 	1
11108 	1
11110 	1
11111 	1
11113 	1
11115 	1
11116 	1
11117 	1
11123 	1
11124 	1
11125 	1
11130 	1
11134 	1
11137 	1
11139 	1
11140 	1
11141 	1
11145 	1
11148 	1
11149 	1
11150 	1
11151 	1
11152 	1
11154 	1
11155 	1
11156 	1
11157 	1
11160 	1
11163 	1
11164 	1
11165 	1
11169 	1
11172 	1
11173 	1
11175 	1
11177 	1
11179 	1
11181 	1
11182 	1
11184 	1
11186 	1
11187 	1
11190 	1
11191 	1
11192 	1
11198 	1
11201 	1
11203 	1
11204 	1
11209 	1
11214 	1
11215 	1
11216 	1
11219 	1
11220 	1
11228 	1
11229 	1
11231 	1
11233 	1
11234 	1
11236 	1
11237 	1
11242 	1
11244 	1
11249 	1
11253 	1
11257 	1
11260 	1
11261 	1
11263 	1
11268 	1
11269 	1
11270 	1
11276 	1
11281 	1
11288 	1
11290 	1
11294 	1
11295 	1
11296 	1
11299 	1
11300 	1
11303 	1
11305 	1
11306 	1
11307 	1
11308 	1
11310 	1
11311 	1
11312 	1
11318 	1
11319 	1
11320 	1
11322 	1
11323 	1
11328 	1
11330 	1
11332 	1
11336 	1
11341 	1
11349 	1
11350 	1
11356 	1
11358 	1
11359 	1
11361 	1
11362 	1
11366 	1
11370 	1
11373 	1
11374 	1
11378 	1
11381 	1
11382 	1
11384 	1
11387 	1
11389 	1
11392 	1
11396 	1
11398 	1
11401 	1
11404 	1
11405 	1
11407 	1
11409 	1
11411 	1
11415 	1
11416 	1
11419 	1
11420 	1
11421 	1
11424 	1
11426 	1
11429 	1
11431 	1
11434 	1
11435 	1
11437 	1
11440 	1
11442 	1
11450 	1
11451 	1
11452 	1
11453 	1
11456 	1
11457 	1
11458 	1
11462 	1
11465 	1
11466 	1
11467 	1
11468 	1
11469 	1
11474 	1
11475 	1
11477 	1
11479 	1
11481 	1
11493 	1
11495 	1
11502 	1
11504 	1
11506 	1
11508 	1
11511 	1
11513 	1
11514 	1
11516 	1
11517 	1
11519 	1
11522 	1
11524 	1
11527 	1
11528 	1
11529 	1
11531 	1
11532 	1
11533 	1
11534 	1
11535 	1
11536 	1
11537 	1
11539 	1
11542 	1
11543 	1
11550 	1
11551 	1
11555 	1
11557 	1
11558 	1
11560 	1
11561 	1
11563 	1
11566 	1
11567 	1
11573 	1
11576 	1
11582 	1
11586 	1
11590 	1
11591 	1
11592 	1
11597 	1
11600 	1
11602 	1
11607 	1
11612 	1
11613 	1
11615 	1
11616 	1
11617 	1
11618 	1
11619 	1
11624 	1
11625 	1
11626 	1
11627 	1
11630 	1
11631 	1
11635 	1
11640 	1
11641 	1
11642 	1
11643 	1
11644 	1
11646 	1
11647 	1
11648 	1
11649 	1
11654 	1
11655 	1
11659 	1
11661 	1
11662 	1
11663 	1
11668 	1
11669 	1
11672 	1
11673 	1
11674 	1
11678 	1
11679 	1
11684 	1
11685 	1
11693 	1
11698 	1
11702 	1
11703 	1
11704 	1
11705 	1
11706 	1
11707 	1
11708 	1
11710 	1
11715 	1
11716 	1
11717 	1
11720 	1
11721 	1
11722 	1
11726 	1
11728 	1
11730 	1
11731 	1
11733 	1
11735 	1
11736 	1
11739 	1
11740 	1
11741 	1
11742 	1
11745 	1
11747 	1
11748 	1
11750 	1
11752 	1
11753 	1
11754 	1
11756 	1
11758 	1
11760 	1
11764 	1
11765 	1
11769 	1
11772 	1
11777 	1
11778 	1
11779 	1
11780 	1
11781 	1
11791 	1
11793 	1
11794 	1
11796 	1
11798 	1
11799 	1
11804 	1
11808 	1
11809 	1
11812 	1
11816 	1
11817 	1
11820 	1
11821 	1
11823 	1
11826 	1
11827 	1
11831 	1
11835 	1
11837 	1
11843 	1
11845 	1
11848 	1
11849 	1
11850 	1
11852 	1
11854 	1
11855 	1
11856 	1
11857 	1
11858 	1
11861 	1
11863 	1
11865 	1
11870 	1
11874 	1
11875 	1
11876 	1
11877 	1
11879 	1
11880 	1
11881 	1
11883 	1
11884 	1
11885 	1
11886 	1
11887 	1
11888 	1
11892 	1
11893 	1
11899 	1
11900 	1
11902 	1
11904 	1
11905 	1
11907 	1
11910 	1
11911 	1
11912 	1
11916 	1
11918 	1
11919 	1
11920 	1
11924 	1
11928 	1
11929 	1
11931 	1
11934 	1
11935 	1
11941 	1
11942 	1
11944 	1
11945 	1
11949 	1
11954 	1
11959 	1
11960 	1
11961 	1
11965 	1
11966 	1
11967 	1
11968 	1
11969 	1
11970 	1
11971 	1
11974 	1
11976 	1
11977 	1
11979 	1
11981 	1
11986 	1
11990 	1
11992 	1
11993 	1
11994 	1
11995 	1
11996 	1
11997 	1
12000 	1
12002 	1
12003 	1
12006 	1
12010 	1
12011 	1
12014 	1
12015 	1
12019 	1
12024 	1
12026 	1
12028 	1
12032 	1
12033 	1
12040 	1
12044 	1
12045 	1
12050 	1
12051 	1
12052 	1
12060 	1
12062 	1
12063 	1
12065 	1
12066 	1
12071 	1
12072 	1
12073 	1
12074 	1
12075 	1
12077 	1
12080 	1
12081 	1
12082 	1
12085 	1
12087 	1
12088 	1
12090 	1
12091 	1
12094 	1
12096 	1
12100 	1
12101 	1
12103 	1
12106 	1
12107 	1
12108 	1
12109 	1
12112 	1
12116 	1
12121 	1
12126 	1
12128 	1
12130 	1
12133 	1
12135 	1
12138 	1
12139 	1
12142 	1
12144 	1
12148 	1
12149 	1
12150 	1
12154 	1
12155 	1
12158 	1
12159 	1
12161 	1
12165 	1
12168 	1
12169 	1
12171 	1
12177 	1
12181 	1
12182 	1
12183 	1
12186 	1
12188 	1
12190 	1
12194 	1
12195 	1
12197 	1
12202 	1
12208 	1
12210 	1
12211 	1
12212 	1
12213 	1
12218 	1
12220 	1
12224 	1
12226 	1
12230 	1
12234 	1
12238 	1
12244 	1
12245 	1
12246 	1
12249 	1
12255 	1
12257 	1
12258 	1
12259 	1
12260 	1
12261 	1
12263 	1
12264 	1
12265 	1
12266 	1
12267 	1
12268 	1
12273 	1
12276 	1
12278 	1
12279 	1
12281 	1
12282 	1
12285 	1
12286 	1
12291 	1
12293 	1
12295 	1
12296 	1
12300 	1
12301 	1
12303 	1
12304 	1
12305 	1
12308 	1
12309 	1
12312 	1
12313 	1
12315 	1
12317 	1
12319 	1
12321 	1
12323 	1
12324 	1
12325 	1
12327 	1
12329 	1
12330 	1
12333 	1
12335 	1
12337 	1
12338 	1
12339 	1
12340 	1
12341 	1
12342 	1
12345 	1
12347 	1
12348 	1
12349 	1
12355 	1
12356 	1
12357 	1
12358 	1
12359 	1
12362 	1
12363 	1
12365 	1
12366 	1
12367 	1
12369 	1
12372 	1
12373 	1
12374 	1
12375 	1
12377 	1
12381 	1
12383 	1
12384 	1
12386 	1
12387 	1
12392 	1
12393 	1
12394 	1
12395 	1
12396 	1
12397 	1
12401 	1
12403 	1
12408 	1
12414 	1
12415 	1
12416 	1
12418 	1
12422 	1
12425 	1
12427 	1
12428 	1
12429 	1
12431 	1
12434 	1
12435 	1
12436 	1
12438 	1
12443 	1
12445 	1
12448 	1
12450 	1
12451 	1
12452 	1
12458 	1
12461 	1
12462 	1
12465 	1
12466 	1
12469 	1
12476 	1
12477 	1
12480 	1
12483 	1
12486 	1
12487 	1
12489 	1
12491 	1
12493 	1
12495 	1
12496 	1
12500 	1
12502 	1
12505 	1
12506 	1
12508 	1
12509 	1
12510 	1
12516 	1
12518 	1
12519 	1
12521 	1
12522 	1
12525 	1
12527 	1
12529 	1
12531 	1
12532 	1
12534 	1
12535 	1
12536 	1
12538 	1
12542 	1
12546 	1
12547 	1
12548 	1
12555 	1
12558 	1
12559 	1
12561 	1
12562 	1
12563 	1
12566 	1
12568 	1
12570 	1
12572 	1
12574 	1
12576 	1
12577 	1
12579 	1
12580 	1
12582 	1
12584 	1
12585 	1
12587 	1
12596 	1
12598 	1
12600 	1
12601 	1
12602 	1
12603 	1
12606 	1
12608 	1
12610 	1
12612 	1
12613 	1
12614 	1
12616 	1
12617 	1
12619 	1
12620 	1
12623 	1
12625 	1
12627 	1
12628 	1
12631 	1
12632 	1
12633 	1
12639 	1
12641 	1
12642 	1
12644 	1
12645 	1
12649 	1
12652 	1
12653 	1
12655 	1
12657 	1
12658 	1
12660 	1
12662 	1
12663 	1
12665 	1
12669 	1
12670 	1
12673 	1
12675 	1
12676 	1
12677 	1
12678 	1
12679 	1
12681 	1
12683 	1
12684 	1
12685 	1
12687 	1
12688 	1
12689 	1
12691 	1
12693 	1
12696 	1
12697 	1
12707 	1
12710 	1
12713 	1
12716 	1
12720 	1
12722 	1
12724 	1
12725 	1
12727 	1
12728 	1
12729 	1
12731 	1
12734 	1
12735 	1
12738 	1
12741 	1
12742 	1
12745 	1
12749 	1
12751 	1
12752 	1
12753 	1
12756 	1
12759 	1
12768 	1
12769 	1
12770 	1
12772 	1
12774 	1
12776 	1
12777 	1
12784 	1
12786 	1
12789 	1
12790 	1
12791 	1
12793 	1
12794 	1
12796 	1
12798 	1
12801 	1
12802 	1
12807 	1
12809 	1
12812 	1
12813 	1
12817 	1
12820 	1
12822 	1
12823 	1
12825 	1
12828 	1
12836 	1
12837 	1
12843 	1
12844 	1
12848 	1
12851 	1
12852 	1
12854 	1
12857 	1
12859 	1
12860 	1
12861 	1
12863 	1
12864 	1
12865 	1
12867 	1
12868 	1
12871 	1
12872 	1
12873 	1
12874 	1
12877 	1
12878 	1
12881 	1
12882 	1
12884 	1
12886 	1
12887 	1
12888 	1
12894 	1
12895 	1
12896 	1
12902 	1
12903 	1
12913 	1
12914 	1
12916 	1
12924 	1
12925 	1
12926 	1
12927 	1
12932 	1
12933 	1
12934 	1
12935 	1
12936 	1
12938 	1
12939 	1
12944 	1
12947 	1
12948 	1
12954 	1
12955 	1
12957 	1
12958 	1
12959 	1
12962 	1
12963 	1
12964 	1
12965 	1
12968 	1
12969 	1
12974 	1
12978 	1
12979 	1
12982 	1
12983 	1
12984 	1
12992 	1
12993 	1
12997 	1
12999 	1
13001 	1
13004 	1
13005 	1
13007 	1
13008 	1
13009 	1
13010 	1
13012 	1
13014 	1
13015 	1
13018 	1
13019 	1
13021 	1
13022 	1
13023 	1
13026 	1
13028 	1
13031 	1
13032 	1
13033 	1
13043 	1
13051 	1
13052 	1
13053 	1
13054 	1
13061 	1
13062 	1
13066 	1
13071 	1
13072 	1
13077 	1
13080 	1
13081 	1
13084 	1
13093 	1
13096 	1
13106 	1
13107 	1
13109 	1
13111 	1
13113 	1
13114 	1
13117 	1
13118 	1
13120 	1
13127 	1
13128 	1
13130 	1
13131 	1
13134 	1
13135 	1
13143 	1
13144 	1
13146 	1
13148 	1
13149 	1
13153 	1
13154 	1
13157 	1
13158 	1
13161 	1
13163 	1
13164 	1
13165 	1
13167 	1
13170 	1
13176 	1
13177 	1
13178 	1
13180 	1
13182 	1
13184 	1
13187 	1
13189 	1
13191 	1
13192 	1
13195 	1
13198 	1
13199 	1
13203 	1
13204 	1
13206 	1
13208 	1
13210 	1
13211 	1
13212 	1
13214 	1
13220 	1
13221 	1
13222 	1
13223 	1
13227 	1
13231 	1
13234 	1
13236 	1
13237 	1
13238 	1
13241 	1
13242 	1
13244 	1
13245 	1
13247 	1
13249 	1
13251 	1
13253 	1
13254 	1
13255 	1
13258 	1
13261 	1
13263 	1
13264 	1
13265 	1
13269 	1
13273 	1
13274 	1
13275 	1
13276 	1
13281 	1
13282 	1
13284 	1
13286 	1
13287 	1
13288 	1
13290 	1
13292 	1
13295 	1
13300 	1
13301 	1
13302 	1
13303 	1
13308 	1
13312 	1
13313 	1
13314 	1
13317 	1
13318 	1
13319 	1
13320 	1
13321 	1
13324 	1
13327 	1
13333 	1
13334 	1
13337 	1
13341 	1
13342 	1
13346 	1
13347 	1
13348 	1
13354 	1
13357 	1
13360 	1
13362 	1
13365 	1
13368 	1
13370 	1
13371 	1
13375 	1
13376 	1
13378 	1
13379 	1
13384 	1
13385 	1
13389 	1
13390 	1
13392 	1
13393 	1
13397 	1
13399 	1
13400 	1
13401 	1
13407 	1
13409 	1
13411 	1
13415 	1
13416 	1
13418 	1
13419 	1
13420 	1
13421 	1
13427 	1
13429 	1
13431 	1
13432 	1
13437 	1
13442 	1
13444 	1
13448 	1
13450 	1
13451 	1
13453 	1
13455 	1
13457 	1
13459 	1
13460 	1
13462 	1
13466 	1
13467 	1
13468 	1
13469 	1
13472 	1
13475 	1
13477 	1
13478 	1
13481 	1
13482 	1
13484 	1
13487 	1
13488 	1
13489 	1
13496 	1
13501 	1
13503 	1
13504 	1
13508 	1
13512 	1
13513 	1
13514 	1
13516 	1
13517 	1
13520 	1
13521 	1
13522 	1
13523 	1
13527 	1
13528 	1
13530 	1
13533 	1
13534 	1
13537 	1
13538 	1
13539 	1
13540 	1
13543 	1
13544 	1
13548 	1
13549 	1
13553 	1
13554 	1
13555 	1
13556 	1
13558 	1
13559 	1
13560 	1
13564 	1
13566 	1
13568 	1
13569 	1
13571 	1
13572 	1
13573 	1
13574 	1
13577 	1
13580 	1
13581 	1
13582 	1
13584 	1
13585 	1
13587 	1
13589 	1
13591 	1
13592 	1
13595 	1
13596 	1
13598 	1
13599 	1
13600 	1
13601 	1
13602 	1
13605 	1
13608 	1
13609 	1
13610 	1
13612 	1
13615 	1
13616 	1
13618 	1
13623 	1
13627 	1
13633 	1
13635 	1
13636 	1
13637 	1
13638 	1
13639 	1
13643 	1
13644 	1
13648 	1
13650 	1
13651 	1
13652 	1
13653 	1
13659 	1
13661 	1
13663 	1
13664 	1
13665 	1
13668 	1
13669 	1
13670 	1
13671 	1
13676 	1
13677 	1
13678 	1
13680 	1
13686 	1
13689 	1
13690 	1
13691 	1
13694 	0.253333333333
13695 	1
13696 	1
13697 	1
13698 	1
13702 	1
13704 	1
13705 	1
13706 	1
13707 	1
13709 	1
13714 	1
13716 	1
13718 	1
13724 	1
13725 	1
13726 	1
13728 	1
13729 	1
13730 	1
13731 	1
13734 	1
13738 	1
13740 	1
13741 	1
13742 	1
13743 	1
13744 	1
13745 	1
13746 	1
13747 	1
13752 	1
13755 	1
13757 	1
13759 	1
13762 	1
13764 	1
13767 	1
13772 	1
13774 	1
13775 	1
13785 	1
13788 	1
13789 	1
13790 	1
13792 	1
13793 	1
13794 	1
13797 	1
13798 	1
13801 	1
13803 	1
13804 	1
13805 	1
13807 	1
13808 	1
13816 	1
13817 	1
13818 	1
13819 	1
13823 	1
13831 	1
13835 	1
13837 	1
13839 	1
13842 	1
13844 	1
13845 	1
13846 	1
13848 	1
13850 	1
13852 	1
13861 	1
13862 	1
13863 	1
13864 	1
13867 	1
13869 	1
13876 	1
13878 	1
13883 	1
13886 	1
13888 	1
13892 	1
13893 	1
13895 	1
13901 	1
13902 	1
13904 	1
13905 	1
13906 	1
13907 	1
13909 	1
13910 	1
13912 	1
13914 	1
13922 	1
13924 	1
13926 	1
13929 	1
13931 	1
13932 	1
13933 	1
13935 	1
13937 	1
13938 	1
13939 	1
13940 	1
13941 	1
13944 	1
13947 	1
13949 	1
13952 	1
13956 	1
13959 	1
13960 	1
13961 	1
13970 	1
13975 	1
13978 	1
13981 	1
13982 	1
13984 	1
13985 	1
13986 	1
13987 	1
13991 	1
13992 	1
13993 	1
13994 	1
13995 	1
13996 	1
13998 	1
14001 	1
14003 	1
14008 	1
14009 	1
14011 	1
14012 	1
14014 	1
14018 	1
14022 	1
14023 	1
14031 	1
14032 	1
14034 	1
14036 	1
14041 	1
14042 	1
14057 	1
14060 	1
14063 	1
14064 	1
14066 	1
14067 	1
14069 	1
14071 	1
14073 	1
14074 	1
14077 	1
14078 	1
14085 	1
14086 	1
14088 	1
14089 	1
14090 	1
14099 	1
14104 	1
14105 	1
14109 	1
14111 	1
14128 	1
14135 	1
14136 	1
14137 	1
14139 	1
14140 	1
14141 	1
14145 	1
14146 	1
14148 	1
14149 	1
14150 	1
14151 	1
14152 	1
14154 	1
14157 	1
14159 	1
14160 	1
14161 	1
14165 	1
14169 	1
14172 	1
14173 	1
14174 	1
14179 	1
14180 	1
14181 	1
14184 	1
14185 	1
14189 	1
14193 	1
14194 	1
14195 	1
14196 	1
14202 	1
14203 	1
14206 	1
14207 	1
14208 	1
14214 	1
14216 	1
14217 	1
14218 	1
14220 	1
14222 	1
14224 	1
14229 	1
14235 	1
14236 	1
14237 	1
14238 	1
14239 	1
14241 	1
14242 	1
14243 	1
14244 	1
14247 	1
14248 	1
14249 	1
14251 	1
14252 	1
14255 	1
14258 	1
14259 	1
14260 	1
14261 	1
14274 	1
14275 	1
14276 	1
14280 	1
14281 	1
14283 	1
14284 	1
14286 	1
14292 	1
14294 	1
14296 	1
14297 	1
14301 	1
14303 	1
14308 	1
14310 	1
14313 	1
14314 	1
14316 	1
14319 	1
14321 	1
14322 	1
14323 	1
14324 	1
14325 	1
14326 	1
14330 	1
14335 	1
14338 	1
14341 	1
14346 	1
14354 	1
14356 	1
14357 	1
14360 	1
14362 	1
14363 	1
14365 	1
14369 	1
14373 	1
14374 	1
14376 	1
14377 	1
14387 	1
14389 	1
14390 	1
14393 	1
14394 	1
14395 	1
14397 	1
14398 	1
14399 	1
14401 	1
14403 	1
14406 	1
14408 	1
14409 	1
14412 	1
14413 	1
14414 	1
14415 	1
14417 	1
14423 	1
14427 	1
14432 	1
14433 	1
14434 	1
14435 	1
14436 	1
14437 	1
14440 	1
14444 	1
14449 	1
14451 	1
14452 	1
14454 	1
14459 	1
14460 	1
14461 	1
14463 	1
14464 	1
14467 	1
14469 	1
14470 	1
14471 	1
14473 	1
14474 	1
14475 	1
14476 	1
14477 	1
14478 	1
14480 	1
14481 	1
14482 	1
14483 	1
14484 	1
14487 	1
14490 	1
14491 	1
14493 	1
14494 	1
14495 	1
14497 	1
14498 	1
14500 	1
14501 	1
14503 	1
14507 	1
14508 	1
14509 	1
14510 	1
14511 	1
14512 	1
14515 	1
14518 	1
14521 	1
14526 	1
14529 	1
14533 	1
14534 	1
14535 	1
14536 	1
14537 	1
14540 	1
14542 	1
14543 	1
14544 	1
14547 	1
14548 	1
14551 	1
14553 	1
14555 	1
14561 	1
14562 	1
14565 	1
14571 	1
14572 	1
14574 	1
14576 	1
14577 	1
14583 	1
14586 	1
14589 	1
14596 	1
14597 	1
14600 	1
14601 	1
14602 	1
14605 	1
14609 	1
14611 	1
14613 	1
14616 	1
14619 	1
14621 	1
14624 	1
14625 	1
14627 	1
14628 	1
14630 	1
14631 	1
14633 	1
14634 	1
14636 	1
14639 	1
14642 	1
14648 	1
14649 	1
14654 	1
14655 	1
14658 	1
14661 	1
14663 	1
14664 	1
14665 	1
14666 	1
14668 	1
14670 	1
14672 	1
14676 	1
14677 	1
14678 	1
14683 	1
14686 	1
14691 	1
14693 	1
14694 	1
14698 	1
14701 	1
14702 	1
14704 	1
14706 	1
14715 	1
14716 	1
14718 	1
14727 	1
14733 	1
14734 	1
14737 	1
14739 	1
14741 	1
14743 	1
14746 	1
14747 	1
14749 	1
14750 	1
14751 	1
14759 	1
14763 	1
14766 	1
14767 	1
14772 	1
14774 	1
14778 	1
14780 	1
14781 	1
14785 	1
14787 	1
14793 	1
14794 	1
14797 	1
14798 	1
14799 	1
14800 	1
14801 	1
14806 	1
14807 	1
14811 	1
14815 	1
14816 	1
14817 	1
14821 	1
14823 	1
14824 	1
14825 	1
14826 	1
14828 	1
14830 	1
14833 	1
14834 	1
14836 	1
14838 	1
14839 	1
14841 	1
14842 	1
14843 	1
14844 	1
14851 	1
14852 	1
14856 	1
14858 	1
14860 	1
14862 	1
14864 	1
14867 	1
14868 	1
14869 	1
14870 	1
14871 	1
14874 	1
14875 	1
14883 	1
14886 	1
14887 	1
14893 	1
14894 	1
14897 	1
14902 	1
14904 	1
14905 	1
14906 	1
14909 	1
14913 	1
14915 	1
14918 	1
14919 	1
14923 	1
14924 	1
14935 	1
14942 	1
14943 	1
14944 	1
14945 	1
14947 	1
14948 	1
14950 	1
14954 	1
14956 	1
14958 	1
14960 	1
14961 	1
14962 	1
14963 	1
14965 	1
14968 	1
14969 	1
14973 	1
14974 	1
14976 	1
14977 	1
14978 	1
14979 	1
14983 	1
14986 	1
14987 	1
14994 	1
14998 	1
15001 	1
15004 	1
15008 	1
15011 	1
15016 	1
15019 	1
15022 	1
15023 	1
15024 	1
15028 	1
15032 	1
15034 	1
15038 	1
15039 	1
15041 	1
15043 	1
15044 	1
15045 	1
15047 	1
15048 	1
15049 	1
15054 	1
15055 	1
15058 	1
15062 	1
15066 	1
15070 	1
15071 	1
15074 	1
15075 	1
15076 	1
15079 	1
15080 	1
15081 	1
15082 	1
15084 	1
15086 	1
15091 	1
15092 	1
15094 	1
15095 	1
15099 	1
15100 	1
15101 	1
15103 	1
15104 	1
15107 	1
15108 	1
15111 	1
15113 	1
15114 	1
15117 	1
15118 	1
15126 	1
15130 	1
15131 	1
15136 	1
15137 	1
15138 	1
15142 	1
15147 	1
15149 	1
15150 	1
15153 	1
15155 	1
15160 	1
15164 	1
15167 	1
15169 	1
15171 	1
15172 	1
15173 	1
15178 	1
15179 	1
15181 	1
15182 	1
15183 	1
15184 	1
15185 	1
15186 	1
15187 	1
15191 	1
15194 	1
15195 	1
15198 	1
15201 	1
15204 	1
15206 	1
15208 	1
15212 	1
15213 	1
15223 	1
15224 	1
15225 	1
15227 	1
15230 	1
15231 	1
15232 	1
15234 	1
15235 	1
15236 	1
15238 	1
15243 	1
15249 	1
15251 	1
15254 	1
15257 	1
15258 	1
15260 	1
15261 	1
15262 	1
15263 	1
15264 	1
15265 	1
15267 	1
15272 	1
15277 	1
15280 	1
15282 	1
15285 	1
15286 	1
15289 	1
15298 	1
15299 	1
15301 	1
15302 	1
15303 	1
15304 	1
15307 	1
15313 	1
15314 	1
15317 	1
15318 	1
15321 	1
15324 	1
15325 	1
15326 	1
15327 	1
15331 	1
15333 	1
15334 	1
15335 	1
15336 	1
15337 	1
15338 	1
15341 	1
15346 	1
15347 	1
15353 	1
15355 	1
15357 	1
15359 	1
15365 	1
15368 	1
15371 	1
15378 	1
15379 	1
15382 	1
15385 	1
15390 	1
15391 	1
15394 	1
15397 	1
15398 	1
15399 	1
15400 	1
15406 	1
15407 	1
15409 	1
15410 	1
15413 	1
15414 	1
15418 	1
15419 	1
15420 	1
15426 	1
15428 	1
15432 	1
15434 	1
15435 	1
15436 	1
15438 	1
15439 	1
15441 	1
15446 	1
15449 	1
15452 	1
15453 	1
15454 	1
15455 	1
15457 	1
15459 	1
15464 	1
15467 	1
15469 	1
15472 	1
15473 	1
15475 	1
15479 	1
15485 	1
15487 	1
15488 	1
15489 	1
15490 	1
15493 	1
15500 	1
15502 	1
15510 	1
15511 	1
15514 	1
15517 	1
15518 	1
15523 	1
15529 	1
15533 	1
15534 	1
15535 	1
15536 	1
15537 	1
15538 	1
15543 	1
15545 	1
15547 	1
15548 	1
15549 	1
15553 	1
15555 	1
15557 	1
15558 	1
15559 	1
15563 	1
15564 	1
15565 	1
15567 	1
15569 	1
15571 	1
15578 	1
15580 	1
15582 	1
15583 	1
15584 	1
15587 	1
15588 	1
15589 	1
15590 	1
15592 	1
15596 	1
15598 	1
15601 	1
15607 	1
15608 	1
15609 	1
15610 	1
15612 	1
15614 	1
15617 	1
15618 	1
15623 	1
15624 	1
15628 	1
15629 	1
15630 	1
15631 	1
15632 	1
15633 	1
15634 	1
15638 	1
15641 	1
15645 	1
15647 	1
15648 	1
15652 	1
15655 	1
15656 	1
15657 	1
15658 	1
15659 	1
15663 	1
15671 	1
15673 	1
15678 	1
15679 	1
15681 	1
15684 	1
15685 	1
15692 	1
15695 	1
15698 	1
15699 	1
15700 	1
15701 	1
15702 	1
15706 	1
15710 	1
15711 	1
15712 	1
15713 	1
15714 	1
15716 	1
15717 	1
15718 	1
15719 	1
15720 	1
15724 	1
15726 	1
15728 	1
15729 	1
15731 	1
15738 	1
15740 	1
15741 	1
15744 	1
15745 	1
15747 	1
15749 	1
15752 	1
15759 	1
15760 	1
15762 	1
15765 	1
15766 	1
15768 	1
15772 	1
15773 	1
15774 	1
15777 	1
15783 	1
15785 	1
15786 	1
15788 	1
15789 	1
15792 	1
15796 	1
15797 	1
15799 	1
15800 	1
15802 	1
15803 	1
15805 	1
15808 	1
15809 	1
15811 	1
15813 	1
15816 	1
15820 	1
15823 	1
15827 	1
15829 	1
15836 	1
15839 	1
15840 	1
15841 	1
15844 	1
15845 	1
15846 	1
15849 	1
15850 	1
15855 	1
15858 	1
15863 	1
15866 	1
15872 	1
15873 	1
15874 	1
15880 	1
15882 	1
15883 	1
15887 	1
15888 	1
15891 	1
15893 	1
15896 	1
15897 	1
15898 	1
15899 	1
15901 	1
15902 	1
15906 	1
15907 	1
15908 	1
15909 	1
15910 	1
15912 	1
15913 	1
15914 	1
15915 	1
15918 	1
15921 	1
15922 	1
15923 	1
15929 	1
15930 	1
15939 	1
15940 	1
15942 	1
15947 	1
15948 	1
15949 	1
15956 	1
15958 	1
15964 	1
15966 	1
15967 	1
15968 	1
15969 	1
15970 	1
15971 	1
15974 	1
15975 	1
15983 	1
15984 	1
15985 	1
15987 	1
15990 	1
15991 	1
15993 	1
15996 	1
15997 	1
