Number of items 	Total Weight 	Total Profit 
2932 	1002377.0 	198235.488166 


Total time: 0.0614950656891 s
Average time: 0.0153747797012 s
Last call: 4.05311584473e-06 s
Stamp 1 of the total: 0h 0m 0s 61ms 61495\u00B5s
Stamp 2 of the total: 00:00:00.0061
Pattern that ignores zeros:
61ms 61495\u00B5s
0061

Item    Fraction

1 	1
3 	1
6 	1
8 	1
12 	1
13 	1
14 	1
19 	1
20 	1
21 	1
23 	1
27 	1
30 	1
31 	1
33 	1
34 	1
35 	1
36 	1
37 	1
38 	1
41 	1
42 	1
43 	1
45 	1
46 	1
47 	1
48 	1
49 	1
50 	1
52 	1
54 	1
58 	1
59 	1
60 	1
62 	1
67 	1
68 	1
70 	1
71 	1
72 	1
74 	1
75 	1
76 	1
82 	1
84 	1
88 	1
89 	1
90 	1
91 	1
92 	1
95 	1
96 	1
102 	1
104 	1
105 	1
107 	1
109 	1
111 	1
112 	1
113 	1
116 	1
117 	1
120 	1
122 	1
123 	1
124 	1
125 	1
127 	1
128 	1
130 	1
131 	1
133 	1
136 	1
137 	1
138 	1
139 	1
141 	1
143 	1
144 	1
145 	1
147 	1
148 	1
149 	1
150 	1
151 	1
152 	1
153 	1
154 	1
155 	1
156 	1
157 	1
158 	1
159 	1
161 	1
162 	1
164 	1
166 	1
169 	1
171 	1
175 	1
176 	1
178 	1
182 	1
183 	1
184 	1
185 	1
186 	1
188 	1
189 	1
192 	1
193 	1
194 	1
195 	1
196 	1
200 	1
201 	1
202 	1
203 	1
204 	1
206 	1
208 	1
212 	1
215 	1
216 	1
217 	1
218 	1
219 	1
220 	1
222 	1
227 	1
228 	1
229 	1
232 	1
234 	1
235 	1
236 	1
237 	1
238 	1
240 	1
242 	1
244 	1
245 	1
246 	1
249 	1
250 	1
252 	1
253 	1
257 	1
261 	1
262 	1
263 	1
264 	1
266 	1
267 	1
268 	1
271 	1
273 	1
274 	1
278 	1
279 	1
281 	1
282 	1
284 	1
295 	1
296 	1
297 	1
300 	1
301 	1
304 	1
305 	1
307 	1
314 	1
315 	1
316 	1
320 	1
326 	1
327 	1
329 	1
330 	1
331 	1
332 	1
333 	1
334 	1
336 	1
337 	1
338 	1
341 	1
342 	1
347 	1
349 	1
351 	1
352 	1
354 	1
355 	1
356 	1
357 	1
358 	1
359 	1
360 	1
361 	1
362 	1
363 	1
369 	1
370 	1
371 	1
373 	1
374 	1
375 	1
378 	1
379 	1
381 	1
383 	1
387 	1
388 	1
389 	1
392 	1
395 	1
396 	1
399 	1
400 	1
402 	1
404 	1
407 	1
408 	1
414 	1
417 	1
418 	1
419 	1
420 	1
422 	1
423 	1
425 	1
431 	1
432 	1
433 	1
434 	1
438 	1
440 	1
441 	1
443 	1
444 	1
445 	1
446 	1
447 	1
451 	1
452 	1
455 	1
460 	1
461 	1
463 	1
471 	1
472 	1
473 	1
474 	1
478 	1
481 	1
483 	1
484 	1
487 	1
491 	1
492 	1
498 	1
499 	1
500 	1
501 	1
504 	1
506 	1
507 	1
508 	1
510 	1
511 	1
513 	1
520 	1
525 	1
526 	1
532 	1
534 	1
536 	1
538 	1
542 	1
543 	1
544 	1
547 	1
548 	1
549 	1
550 	1
551 	1
552 	1
553 	1
557 	1
559 	1
560 	1
561 	1
562 	1
564 	1
565 	1
566 	1
567 	1
571 	1
573 	1
574 	1
576 	1
578 	1
579 	1
583 	1
584 	1
587 	1
588 	1
589 	1
591 	1
592 	1
594 	1
595 	1
597 	1
598 	1
600 	1
601 	1
604 	1
605 	1
607 	1
611 	1
612 	1
613 	1
615 	1
618 	1
621 	1
623 	1
625 	1
628 	1
629 	1
630 	1
634 	1
635 	1
640 	1
641 	1
642 	1
643 	1
645 	1
646 	1
647 	1
649 	1
650 	1
651 	1
652 	1
653 	1
656 	1
658 	1
663 	1
666 	1
667 	1
668 	1
670 	1
674 	1
675 	1
676 	1
681 	1
682 	1
683 	1
686 	1
687 	1
688 	1
690 	1
692 	1
695 	1
697 	1
700 	1
702 	1
703 	1
706 	1
708 	1
709 	1
711 	1
712 	1
713 	1
714 	1
716 	1
717 	1
718 	1
719 	1
720 	1
728 	1
729 	1
731 	1
734 	1
736 	1
737 	1
738 	1
739 	1
740 	1
743 	1
744 	1
750 	1
752 	1
753 	1
754 	1
755 	1
756 	1
759 	1
767 	1
768 	1
770 	1
772 	1
773 	1
776 	1
777 	1
782 	1
783 	1
785 	1
792 	1
796 	1
797 	1
800 	1
801 	1
804 	1
806 	1
807 	1
809 	1
811 	1
812 	1
813 	1
814 	1
816 	1
817 	1
819 	1
822 	1
825 	1
826 	1
827 	1
836 	1
841 	1
842 	1
843 	1
844 	1
845 	1
848 	1
849 	1
852 	1
853 	1
856 	1
857 	1
858 	1
861 	1
863 	1
865 	1
866 	1
867 	1
868 	1
871 	1
872 	1
875 	1
878 	1
879 	1
880 	1
884 	1
886 	1
888 	1
890 	1
891 	1
892 	1
893 	1
894 	1
897 	1
898 	1
900 	1
901 	1
903 	1
904 	1
906 	1
907 	1
909 	1
912 	1
915 	1
916 	1
920 	1
922 	1
923 	1
924 	1
926 	1
927 	1
928 	1
930 	1
931 	1
933 	1
934 	1
935 	1
937 	1
938 	1
939 	1
940 	1
941 	1
942 	1
944 	1
946 	1
947 	1
948 	1
949 	1
951 	1
952 	1
953 	1
962 	1
964 	1
965 	1
968 	1
971 	1
973 	1
975 	1
976 	1
978 	1
980 	1
981 	1
982 	1
983 	1
985 	1
988 	1
989 	1
991 	1
996 	1
998 	1
1000 	1
1002 	1
1003 	1
1007 	1
1011 	1
1013 	1
1018 	1
1019 	1
1021 	1
1025 	1
1026 	1
1027 	1
1028 	1
1029 	1
1030 	1
1032 	1
1033 	1
1036 	1
1038 	1
1039 	1
1041 	1
1044 	1
1046 	1
1047 	1
1048 	1
1049 	1
1050 	1
1051 	1
1053 	1
1056 	1
1057 	1
1058 	1
1062 	1
1064 	1
1065 	1
1066 	1
1068 	1
1069 	1
1071 	1
1072 	1
1075 	1
1076 	1
1078 	1
1079 	1
1080 	1
1081 	1
1086 	1
1087 	1
1088 	1
1091 	1
1092 	1
1093 	1
1094 	1
1096 	1
1098 	1
1103 	1
1104 	1
1105 	1
1106 	1
1108 	1
1112 	1
1113 	1
1115 	1
1117 	1
1120 	1
1124 	1
1125 	1
1129 	1
1130 	1
1131 	1
1132 	1
1134 	1
1136 	1
1137 	1
1141 	1
1147 	1
1148 	1
1149 	1
1150 	1
1153 	1
1154 	1
1155 	1
1156 	1
1159 	1
1160 	1
1162 	1
1163 	1
1164 	1
1165 	1
1167 	1
1168 	1
1169 	1
1178 	1
1180 	1
1184 	1
1186 	1
1189 	1
1192 	1
1194 	1
1195 	1
1196 	1
1200 	1
1202 	1
1208 	1
1214 	1
1216 	1
1218 	1
1221 	1
1225 	1
1226 	1
1228 	1
1229 	1
1230 	1
1232 	1
1233 	1
1234 	1
1237 	1
1238 	1
1239 	1
1240 	1
1244 	1
1246 	1
1248 	1
1249 	1
1250 	1
1251 	1
1252 	1
1257 	1
1259 	1
1261 	1
1263 	1
1266 	1
1269 	1
1270 	1
1274 	1
1276 	1
1277 	1
1278 	1
1281 	1
1282 	1
1284 	1
1292 	1
1295 	1
1297 	1
1299 	1
1300 	1
1301 	1
1302 	1
1303 	1
1307 	1
1308 	1
1309 	1
1314 	1
1315 	1
1316 	1
1317 	1
1319 	1
1322 	1
1325 	1
1327 	1
1328 	1
1329 	1
1338 	1
1339 	1
1340 	1
1342 	1
1348 	1
1349 	1
1350 	1
1352 	1
1353 	1
1357 	1
1360 	1
1361 	1
1362 	1
1367 	1
1368 	1
1369 	1
1370 	1
1372 	1
1373 	1
1374 	1
1376 	1
1378 	1
1379 	1
1380 	1
1382 	1
1385 	1
1386 	1
1387 	1
1391 	1
1396 	1
1401 	1
1402 	1
1403 	1
1406 	1
1407 	1
1408 	1
1409 	1
1411 	1
1412 	1
1413 	1
1415 	1
1420 	1
1421 	1
1422 	1
1424 	1
1425 	1
1428 	1
1430 	1
1431 	1
1433 	1
1434 	1
1435 	1
1436 	1
1437 	1
1439 	1
1440 	1
1441 	1
1442 	1
1443 	1
1444 	1
1445 	1
1447 	1
1448 	1
1449 	1
1451 	1
1453 	1
1457 	1
1458 	1
1460 	1
1461 	1
1463 	1
1464 	1
1465 	1
1469 	1
1470 	1
1471 	1
1472 	1
1474 	1
1476 	1
1480 	1
1483 	1
1484 	1
1485 	1
1489 	1
1490 	1
1494 	1
1495 	1
1500 	1
1501 	1
1503 	1
1505 	1
1508 	1
1509 	1
1510 	1
1512 	1
1513 	1
1515 	1
1518 	1
1519 	1
1520 	1
1523 	1
1524 	1
1525 	1
1526 	1
1527 	1
1529 	1
1531 	1
1532 	1
1533 	1
1535 	1
1539 	1
1540 	1
1541 	1
1542 	1
1545 	1
1546 	1
1547 	1
1548 	1
1551 	1
1554 	1
1557 	1
1565 	1
1567 	1
1568 	1
1572 	1
1574 	1
1575 	1
1577 	1
1578 	1
1579 	1
1580 	1
1582 	1
1583 	1
1587 	1
1589 	1
1592 	1
1597 	1
1598 	1
1600 	1
1601 	1
1602 	1
1603 	1
1606 	1
1607 	1
1608 	1
1609 	1
1610 	1
1611 	1
1613 	1
1615 	1
1619 	1
1623 	1
1624 	1
1626 	1
1628 	1
1629 	1
1635 	1
1639 	1
1640 	1
1641 	1
1643 	1
1644 	1
1647 	1
1648 	1
1650 	1
1651 	1
1654 	1
1657 	1
1660 	1
1661 	1
1663 	1
1664 	1
1665 	1
1667 	1
1668 	1
1669 	1
1671 	1
1673 	1
1675 	1
1676 	1
1677 	1
1679 	1
1682 	1
1685 	1
1686 	1
1689 	1
1690 	1
1692 	1
1694 	1
1695 	1
1698 	1
1699 	1
1700 	1
1702 	1
1704 	1
1706 	1
1708 	1
1709 	1
1710 	1
1712 	1
1713 	1
1714 	1
1718 	1
1720 	1
1721 	1
1723 	1
1727 	1
1728 	1
1729 	1
1730 	1
1734 	1
1735 	1
1738 	1
1741 	1
1742 	1
1743 	1
1744 	1
1745 	1
1746 	1
1752 	1
1753 	1
1754 	1
1756 	1
1762 	1
1763 	1
1764 	1
1765 	1
1766 	1
1771 	1
1772 	1
1774 	1
1775 	1
1779 	1
1780 	1
1781 	1
1782 	1
1784 	1
1787 	1
1788 	1
1790 	1
1791 	1
1792 	1
1793 	1
1796 	1
1797 	1
1798 	1
1799 	1
1802 	1
1803 	1
1804 	1
1805 	1
1809 	1
1810 	1
1812 	1
1814 	1
1817 	1
1818 	1
1820 	1
1823 	1
1824 	1
1826 	1
1828 	1
1829 	1
1830 	1
1832 	1
1841 	1
1844 	1
1847 	1
1848 	1
1850 	1
1852 	1
1853 	1
1857 	1
1860 	1
1862 	1
1864 	1
1867 	1
1872 	1
1873 	1
1875 	1
1876 	1
1878 	1
1881 	1
1884 	1
1887 	1
1888 	1
1889 	1
1891 	1
1893 	1
1894 	1
1895 	1
1896 	1
1899 	1
1900 	1
1901 	1
1902 	1
1904 	1
1905 	1
1910 	1
1911 	1
1912 	1
1913 	1
1914 	1
1915 	1
1916 	1
1918 	1
1920 	1
1922 	1
1923 	1
1924 	1
1925 	1
1926 	1
1927 	1
1931 	1
1933 	1
1934 	1
1938 	1
1939 	1
1941 	1
1943 	1
1946 	1
1948 	1
1949 	1
1951 	1
1952 	1
1953 	1
1955 	1
1956 	1
1957 	1
1958 	1
1959 	1
1961 	1
1963 	1
1966 	1
1969 	1
1970 	1
1971 	1
1978 	1
1979 	1
1980 	1
1981 	1
1983 	1
1985 	1
1987 	1
1988 	1
1989 	1
1990 	1
1992 	1
1997 	1
2000 	1
2002 	1
2004 	1
2007 	1
2008 	1
2011 	1
2013 	1
2014 	1
2015 	1
2016 	1
2017 	1
2019 	1
2020 	1
2021 	1
2026 	1
2027 	1
2028 	1
2032 	1
2033 	1
2037 	1
2042 	1
2043 	1
2044 	1
2047 	1
2048 	1
2051 	1
2052 	1
2053 	1
2054 	1
2055 	1
2058 	1
2059 	1
2063 	1
2065 	1
2066 	1
2067 	1
2070 	1
2073 	1
2074 	1
2075 	1
2077 	1
2078 	1
2080 	1
2081 	1
2083 	1
2084 	1
2086 	1
2087 	1
2088 	1
2089 	1
2093 	1
2097 	1
2098 	1
2099 	1
2100 	1
2102 	1
2103 	1
2107 	1
2108 	1
2111 	1
2112 	1
2113 	1
2114 	1
2117 	1
2119 	1
2120 	1
2121 	1
2122 	1
2125 	1
2127 	1
2129 	1
2133 	1
2134 	1
2138 	1
2140 	1
2142 	1
2144 	1
2146 	1
2149 	1
2150 	1
2151 	1
2152 	1
2153 	1
2155 	1
2156 	1
2157 	1
2159 	1
2160 	1
2161 	1
2163 	1
2164 	1
2165 	1
2166 	1
2167 	1
2168 	1
2172 	1
2177 	1
2178 	1
2179 	1
2181 	1
2182 	1
2184 	1
2187 	1
2188 	1
2200 	1
2202 	1
2203 	1
2204 	1
2207 	1
2210 	1
2213 	1
2215 	1
2216 	1
2217 	1
2218 	1
2219 	1
2222 	1
2223 	1
2224 	1
2227 	1
2228 	1
2231 	1
2233 	1
2234 	1
2237 	1
2240 	1
2242 	1
2243 	1
2244 	1
2245 	1
2246 	1
2248 	1
2249 	1
2250 	1
2251 	1
2252 	1
2253 	1
2254 	1
2256 	1
2258 	1
2263 	1
2265 	1
2266 	1
2267 	1
2268 	1
2269 	1
2270 	1
2272 	1
2273 	1
2274 	1
2276 	1
2277 	1
2280 	1
2282 	1
2284 	1
2285 	1
2286 	1
2287 	1
2288 	1
2290 	1
2291 	1
2292 	1
2293 	1
2294 	1
2296 	1
2297 	1
2298 	1
2299 	1
2301 	1
2305 	1
2306 	1
2307 	1
2308 	1
2312 	1
2314 	1
2317 	1
2318 	1
2320 	1
2322 	1
2326 	1
2327 	1
2328 	1
2329 	1
2333 	1
2334 	1
2335 	1
2336 	1
2337 	1
2338 	1
2339 	1
2341 	1
2345 	1
2346 	1
2352 	1
2356 	1
2357 	1
2358 	1
2359 	1
2361 	1
2362 	1
2363 	1
2365 	1
2366 	1
2369 	1
2372 	1
2373 	1
2374 	1
2375 	1
2376 	1
2377 	1
2378 	1
2380 	1
2383 	1
2384 	1
2386 	1
2388 	1
2389 	1
2390 	1
2394 	1
2395 	1
2398 	1
2403 	1
2404 	1
2405 	1
2406 	1
2407 	1
2411 	1
2412 	1
2415 	1
2418 	1
2423 	1
2425 	1
2427 	1
2428 	1
2429 	1
2430 	1
2432 	1
2435 	1
2438 	1
2439 	1
2440 	1
2441 	1
2448 	1
2450 	1
2451 	1
2453 	1
2454 	1
2455 	1
2457 	1
2459 	1
2460 	1
2465 	1
2466 	1
2470 	1
2471 	1
2472 	1
2480 	1
2481 	1
2482 	1
2483 	1
2484 	1
2487 	1
2488 	1
2489 	1
2490 	1
2491 	1
2493 	1
2494 	1
2495 	1
2496 	1
2497 	1
2499 	1
2502 	1
2509 	1
2512 	1
2513 	1
2516 	1
2517 	1
2521 	1
2522 	1
2524 	1
2527 	1
2530 	1
2535 	1
2536 	1
2538 	1
2539 	1
2542 	1
2543 	1
2544 	1
2545 	1
2548 	1
2549 	1
2550 	1
2551 	1
2553 	1
2555 	1
2556 	1
2557 	1
2558 	1
2559 	1
2561 	1
2564 	1
2566 	1
2567 	1
2568 	1
2569 	1
2570 	1
2573 	1
2574 	1
2575 	1
2578 	1
2579 	1
2580 	1
2582 	1
2587 	1
2588 	1
2590 	1
2591 	1
2595 	1
2596 	1
2600 	1
2601 	1
2602 	1
2607 	1
2608 	1
2612 	1
2615 	1
2617 	1
2618 	1
2619 	1
2622 	1
2624 	1
2625 	1
2626 	1
2627 	1
2628 	1
2629 	1
2630 	1
2632 	1
2633 	1
2635 	1
2636 	1
2637 	1
2638 	1
2639 	1
2641 	1
2652 	1
2655 	1
2656 	1
2657 	1
2660 	1
2661 	1
2664 	1
2665 	1
2666 	1
2667 	1
2668 	1
2669 	1
2670 	1
2674 	1
2675 	1
2676 	1
2682 	1
2687 	1
2688 	1
2691 	1
2692 	1
2696 	1
2697 	1
2698 	1
2699 	1
2700 	1
2705 	1
2706 	1
2707 	1
2709 	1
2711 	1
2713 	1
2716 	1
2717 	1
2721 	1
2723 	1
2724 	1
2725 	1
2727 	1
2730 	1
2733 	1
2734 	1
2737 	1
2741 	1
2742 	1
2743 	1
2746 	1
2747 	1
2748 	1
2750 	1
2752 	1
2754 	1
2755 	1
2756 	1
2759 	1
2760 	1
2761 	1
2762 	1
2763 	1
2764 	1
2765 	1
2766 	1
2767 	1
2768 	1
2769 	1
2770 	1
2772 	1
2773 	1
2774 	1
2775 	1
2776 	1
2777 	1
2778 	1
2787 	1
2788 	1
2789 	1
2790 	1
2792 	1
2795 	1
2796 	1
2798 	1
2803 	1
2805 	1
2808 	1
2811 	1
2813 	1
2814 	1
2816 	1
2820 	1
2821 	1
2822 	1
2823 	1
2824 	1
2826 	1
2831 	1
2832 	1
2833 	1
2834 	1
2835 	1
2836 	1
2837 	1
2842 	1
2844 	1
2845 	1
2849 	1
2850 	1
2853 	1
2854 	1
2855 	1
2858 	1
2859 	1
2860 	1
2861 	1
2862 	1
2864 	1
2866 	1
2869 	1
2870 	1
2871 	1
2872 	1
2873 	1
2876 	1
2877 	1
2878 	1
2880 	1
2882 	1
2886 	1
2887 	1
2888 	1
2889 	1
2890 	1
2894 	1
2895 	1
2896 	1
2897 	1
2898 	1
2899 	1
2901 	1
2905 	1
2906 	1
2908 	1
2909 	1
2910 	1
2911 	1
2912 	1
2915 	1
2918 	1
2920 	1
2921 	1
2924 	1
2926 	1
2927 	1
2928 	1
2929 	1
2930 	1
2931 	1
2936 	1
2937 	1
2938 	1
2939 	1
2940 	1
2948 	1
2950 	1
2952 	1
2953 	1
2955 	1
2957 	1
2958 	1
2960 	1
2964 	1
2965 	1
2966 	1
2969 	1
2971 	1
2972 	1
2977 	1
2978 	1
2979 	1
2980 	1
2982 	1
2983 	1
2985 	1
2986 	1
2988 	1
2989 	1
2990 	1
2991 	1
2993 	1
2998 	1
2999 	1
3002 	1
3003 	1
3006 	1
3010 	1
3013 	1
3018 	1
3020 	1
3023 	1
3024 	1
3027 	1
3028 	1
3029 	1
3031 	1
3032 	1
3033 	1
3034 	1
3036 	1
3039 	1
3040 	1
3041 	1
3042 	1
3046 	1
3049 	1
3051 	1
3054 	1
3055 	1
3056 	1
3057 	1
3059 	1
3060 	1
3061 	1
3063 	1
3065 	1
3066 	1
3067 	1
3069 	1
3070 	1
3071 	1
3072 	1
3073 	1
3074 	1
3083 	1
3085 	1
3086 	1
3088 	1
3091 	1
3093 	1
3097 	1
3099 	1
3101 	1
3105 	1
3107 	1
3109 	1
3111 	1
3112 	1
3113 	1
3114 	1
3117 	1
3118 	1
3119 	1
3121 	1
3122 	1
3124 	1
3126 	1
3127 	1
3128 	1
3130 	1
3131 	1
3134 	1
3136 	1
3140 	1
3141 	1
3142 	1
3145 	1
3146 	1
3147 	1
3150 	1
3152 	1
3154 	1
3156 	1
3157 	1
3158 	1
3160 	1
3164 	1
3166 	1
3167 	1
3168 	1
3169 	1
3171 	1
3175 	1
3179 	1
3180 	1
3183 	1
3184 	1
3186 	1
3188 	1
3189 	1
3190 	1
3191 	1
3192 	1
3193 	1
3195 	1
3197 	1
3198 	1
3199 	1
3200 	1
3203 	1
3204 	1
3207 	1
3211 	1
3212 	1
3214 	1
3215 	1
3217 	1
3219 	1
3224 	1
3226 	1
3227 	1
3229 	1
3233 	1
3236 	1
3237 	1
3239 	1
3240 	1
3243 	1
3244 	1
3246 	1
3251 	1
3253 	1
3254 	1
3255 	1
3262 	1
3263 	1
3265 	1
3267 	1
3269 	1
3277 	1
3278 	1
3279 	1
3281 	1
3282 	1
3284 	1
3287 	1
3291 	1
3293 	1
3295 	1
3297 	1
3298 	1
3304 	1
3305 	1
3306 	1
3307 	1
3308 	1
3310 	1
3311 	1
3312 	1
3313 	1
3316 	1
3317 	1
3318 	1
3319 	1
3323 	1
3326 	1
3327 	1
3330 	1
3333 	1
3334 	1
3337 	1
3339 	1
3344 	1
3347 	1
3349 	1
3351 	1
3354 	1
3358 	1
3359 	1
3362 	1
3365 	1
3366 	1
3367 	1
3370 	1
3373 	1
3374 	1
3375 	1
3378 	1
3379 	1
3384 	1
3385 	1
3387 	1
3389 	1
3390 	1
3391 	1
3393 	1
3394 	1
3397 	1
3403 	1
3405 	1
3406 	1
3407 	1
3408 	1
3409 	1
3410 	1
3411 	1
3414 	1
3418 	1
3419 	1
3421 	1
3424 	1
3426 	1
3429 	1
3430 	1
3434 	1
3437 	1
3438 	1
3441 	1
3443 	1
3446 	1
3449 	1
3452 	1
3455 	1
3456 	1
3460 	1
3461 	1
3464 	1
3465 	1
3466 	1
3467 	1
3468 	1
3470 	1
3473 	1
3474 	1
3476 	1
3478 	1
3479 	1
3482 	1
3487 	1
3490 	1
3491 	1
3492 	1
3493 	1
3495 	1
3498 	1
3499 	1
3500 	1
3501 	1
3502 	1
3503 	1
3504 	1
3505 	1
3506 	1
3507 	1
3508 	1
3511 	1
3512 	1
3513 	1
3515 	1
3516 	1
3519 	1
3520 	1
3525 	1
3526 	1
3528 	1
3529 	1
3530 	1
3534 	1
3535 	1
3536 	1
3537 	1
3538 	1
3541 	1
3542 	1
3543 	1
3548 	1
3549 	1
3550 	1
3552 	1
3553 	1
3554 	1
3556 	1
3558 	1
3559 	1
3561 	1
3563 	1
3564 	1
3566 	1
3567 	1
3572 	1
3573 	1
3575 	1
3576 	1
3578 	1
3579 	1
3580 	1
3583 	1
3585 	1
3586 	1
3588 	1
3590 	1
3593 	1
3595 	1
3596 	1
3598 	1
3599 	1
3605 	1
3606 	1
3608 	1
3609 	1
3612 	1
3613 	1
3617 	1
3621 	1
3626 	1
3629 	1
3630 	1
3633 	1
3634 	1
3635 	1
3636 	1
3637 	1
3638 	1
3642 	1
3647 	1
3648 	1
3649 	1
3650 	1
3651 	1
3652 	1
3653 	1
3654 	1
3660 	1
3663 	1
3665 	1
3667 	1
3671 	1
3673 	1
3676 	1
3678 	1
3682 	1
3683 	1
3684 	1
3689 	1
3690 	1
3693 	1
3698 	1
3700 	1
3701 	1
3703 	1
3704 	1
3706 	1
3707 	1
3708 	1
3709 	1
3710 	1
3715 	1
3717 	1
3719 	1
3720 	1
3721 	1
3724 	1
3725 	1
3726 	1
3727 	1
3729 	1
3731 	1
3734 	1
3736 	1
3737 	1
3739 	1
3743 	1
3747 	1
3755 	1
3756 	1
3758 	1
3759 	1
3760 	1
3761 	1
3767 	1
3770 	1
3773 	1
3774 	1
3775 	1
3776 	1
3777 	1
3778 	1
3779 	1
3781 	1
3783 	1
3784 	1
3785 	1
3787 	1
3789 	1
3791 	1
3792 	1
3793 	1
3794 	1
3795 	1
3797 	1
3803 	1
3804 	1
3808 	1
3809 	1
3810 	1
3818 	1
3819 	1
3820 	1
3822 	1
3826 	1
3827 	1
3829 	1
3838 	1
3841 	1
3845 	1
3846 	1
3852 	1
3853 	1
3855 	1
3860 	1
3861 	1
3862 	1
3863 	1
3864 	1
3865 	1
3870 	1
3872 	1
3873 	1
3874 	1
3875 	1
3876 	1
3878 	1
3882 	1
3883 	1
3884 	1
3885 	1
3886 	1
3889 	1
3890 	1
3891 	1
3893 	1
3897 	1
3898 	1
3899 	1
3901 	1
3902 	1
3904 	1
3905 	1
3906 	1
3909 	1
3910 	1
3913 	1
3915 	1
3916 	1
3918 	1
3919 	1
3920 	1
3925 	1
3927 	1
3929 	1
3930 	1
3931 	1
3935 	1
3938 	1
3939 	1
3940 	1
3942 	1
3946 	1
3947 	1
3951 	1
3953 	1
3954 	1
3955 	1
3957 	1
3961 	1
3965 	1
3966 	1
3967 	1
3968 	1
3969 	1
3971 	1
3975 	1
3976 	1
3977 	1
3981 	1
3982 	1
3983 	1
3984 	1
3986 	1
3987 	1
3988 	1
3989 	1
3991 	1
3992 	1
3995 	1
3998 	1
3999 	1
4002 	1
4004 	1
4009 	1
4010 	1
4011 	1
4012 	1
4014 	1
4015 	1
4017 	1
4019 	1
4024 	1
4028 	1
4030 	1
4033 	1
4035 	1
4036 	1
4037 	1
4038 	1
4041 	1
4044 	1
4046 	1
4047 	1
4054 	1
4055 	1
4058 	1
4062 	1
4063 	1
4065 	1
4066 	1
4070 	1
4075 	1
4076 	1
4078 	1
4080 	1
4081 	1
4083 	1
4084 	1
4087 	1
4090 	1
4091 	1
4092 	1
4093 	1
4095 	1
4098 	1
4100 	1
4103 	1
4107 	1
4110 	1
4114 	1
4117 	1
4119 	1
4122 	1
4123 	1
4125 	1
4126 	1
4129 	1
4135 	1
4140 	1
4142 	1
4143 	1
4150 	1
4151 	1
4152 	1
4153 	1
4159 	1
4160 	1
4164 	1
4167 	1
4172 	1
4173 	1
4174 	1
4176 	1
4178 	1
4181 	1
4182 	1
4183 	1
4184 	1
4186 	1
4187 	1
4188 	1
4189 	1
4191 	1
4193 	1
4195 	1
4196 	1
4197 	1
4199 	1
4202 	1
4204 	1
4205 	1
4206 	1
4207 	1
4208 	1
4209 	1
4210 	1
4211 	1
4212 	1
4213 	1
4215 	1
4218 	1
4221 	1
4223 	1
4226 	1
4230 	1
4231 	1
4232 	1
4233 	1
4235 	1
4237 	1
4238 	1
4240 	1
4241 	1
4242 	1
4245 	1
4247 	1
4248 	1
4251 	1
4252 	1
4253 	1
4254 	1
4255 	1
4259 	1
4260 	1
4261 	1
4262 	1
4265 	1
4266 	1
4270 	1
4271 	1
4273 	1
4275 	1
4278 	1
4281 	1
4282 	1
4284 	1
4286 	1
4287 	1
4290 	1
4293 	1
4300 	1
4302 	1
4305 	1
4309 	1
4310 	1
4311 	1
4313 	1
4314 	1
4316 	1
4317 	1
4320 	1
4321 	1
4322 	1
4323 	1
4325 	1
4327 	1
4329 	1
4332 	1
4336 	1
4338 	1
4339 	1
4340 	1
4343 	1
4345 	1
4346 	1
4347 	1
4348 	1
4350 	1
4352 	1
4354 	1
4359 	1
4361 	1
4362 	1
4363 	1
4364 	1
4368 	1
4369 	1
4373 	1
4374 	1
4378 	1
4379 	1
4380 	1
4381 	1
4382 	1
4384 	1
4385 	1
4386 	1
4389 	1
4390 	1
4392 	1
4393 	1
4394 	1
4396 	1
4398 	1
4400 	1
4402 	1
4403 	1
4405 	1
4407 	1
4409 	1
4410 	1
4411 	1
4413 	1
4416 	1
4418 	1
4420 	1
4421 	1
4422 	1
4424 	1
4425 	1
4431 	1
4432 	1
4434 	1
4436 	1
4437 	1
4441 	1
4442 	1
4444 	1
4446 	1
4449 	1
4450 	1
4452 	1
4454 	1
4455 	1
4457 	1
4458 	1
4459 	1
4462 	1
4464 	1
4469 	1
4471 	1
4477 	1
4478 	1
4479 	1
4480 	1
4486 	1
4488 	1
4489 	1
4492 	1
4494 	1
4496 	1
4497 	1
4498 	1
4500 	1
4503 	1
4504 	1
4509 	1
4510 	1
4512 	1
4514 	1
4516 	1
4518 	1
4520 	1
4521 	1
4522 	1
4523 	1
4524 	1
4526 	1
4530 	1
4532 	1
4533 	1
4534 	1
4535 	1
4537 	1
4538 	1
4541 	1
4544 	1
4545 	1
4546 	1
4549 	1
4551 	1
4553 	1
4554 	1
4555 	1
4557 	1
4558 	1
4559 	1
4561 	1
4563 	1
4564 	1
4567 	1
4569 	1
4571 	1
4572 	1
4573 	1
4577 	1
4581 	1
4582 	1
4584 	1
4586 	1
4593 	1
4594 	1
4598 	1
4604 	1
4605 	1
4607 	1
4614 	1
4615 	1
4616 	1
4617 	1
4618 	1
4619 	1
4622 	1
4624 	1
4625 	1
4628 	1
4630 	1
4632 	1
4634 	1
4635 	1
4636 	1
4638 	1
4642 	1
4643 	1
4644 	1
4646 	1
4652 	1
4653 	1
4654 	1
4655 	1
4656 	1
4660 	1
4661 	1
4662 	1
4663 	1
4664 	1
4665 	1
4666 	1
4667 	1
4669 	1
4671 	1
4676 	1
4680 	1
4682 	1
4683 	1
4684 	1
4686 	1
4688 	1
4692 	1
4693 	1
4697 	1
4698 	1
4707 	1
4708 	1
4710 	1
4711 	1
4712 	1
4714 	1
4717 	1
4718 	1
4721 	1
4723 	1
4724 	1
4726 	1
4728 	1
4730 	1
4731 	1
4733 	1
4736 	1
4740 	1
4745 	1
4747 	1
4751 	1
4752 	1
4755 	1
4757 	1
4765 	1
4766 	1
4769 	1
4770 	1
4771 	1
4772 	1
4773 	1
4774 	1
4775 	1
4777 	1
4778 	1
4779 	1
4781 	1
4783 	1
4787 	1
4789 	1
4790 	1
4791 	1
4795 	1
4796 	1
4799 	1
4802 	1
4803 	1
4804 	1
4806 	1
4811 	1
4812 	1
4814 	1
4815 	1
4819 	1
4820 	1
4823 	1
4825 	1
4826 	1
4830 	1
4831 	1
4833 	1
4834 	1
4837 	1
4838 	1
4839 	1
4841 	1
4842 	1
4843 	1
4844 	1
4845 	1
4847 	1
4848 	1
4849 	1
4853 	1
4856 	1
4857 	1
4859 	1
4860 	1
4861 	1
4863 	1
4866 	1
4867 	1
4868 	1
4869 	1
4870 	1
4871 	1
4872 	1
4874 	1
4876 	1
4878 	1
4879 	1
4881 	1
4882 	1
4885 	1
4890 	1
4891 	1
4893 	1
4895 	1
4897 	1
4900 	1
4901 	1
4902 	1
4903 	1
4907 	1
4910 	1
4914 	1
4915 	1
4916 	1
4917 	1
4918 	1
4919 	1
4923 	1
4926 	1
4927 	1
4928 	1
4931 	1
4935 	1
4936 	1
4938 	1
4939 	1
4940 	1
4942 	1
4945 	1
4946 	1
4948 	1
4950 	1
4954 	1
4955 	1
4956 	1
4959 	1
4960 	1
4962 	1
4963 	1
4965 	1
4966 	1
4969 	1
4971 	1
4972 	1
4974 	1
4976 	1
4977 	1
4978 	1
4982 	1
4985 	1
4987 	1
4991 	1
4993 	1
4994 	1
4996 	1
4997 	1
4998 	1
4999 	1
5002 	1
5004 	1
5005 	1
5007 	1
5008 	1
5009 	1
5010 	1
5012 	1
5016 	1
5018 	1
5022 	1
5023 	1
5027 	1
5028 	1
5030 	1
5032 	1
5033 	1
5034 	1
5037 	1
5040 	1
5041 	1
5042 	1
5043 	1
5045 	1
5047 	1
5048 	1
5051 	1
5053 	1
5057 	1
5058 	1
5059 	1
5063 	1
5068 	1
5076 	1
5078 	1
5079 	1
5080 	1
5081 	1
5085 	1
5086 	1
5087 	1
5090 	1
5092 	1
5095 	1
5096 	1
5097 	1
5100 	1
5101 	1
5102 	1
5106 	1
5110 	1
5111 	1
5113 	1
5114 	1
5115 	1
5117 	1
5118 	1
5120 	1
5121 	1
5122 	1
5123 	1
5124 	1
5125 	1
5127 	1
5128 	1
5129 	1
5130 	1
5131 	1
5132 	1
5133 	1
5135 	1
5136 	1
5137 	1
5142 	1
5145 	1
5146 	1
5147 	1
5150 	1
5151 	1
5152 	1
5155 	1
5157 	1
5160 	1
5161 	1
5163 	1
5164 	1
5168 	1
5169 	1
5171 	1
5174 	1
5176 	1
5177 	1
5178 	1
5180 	1
5182 	1
5184 	1
5185 	1
5186 	1
5187 	1
5191 	1
5194 	1
5196 	1
5197 	1
5199 	1
5200 	1
5203 	1
5204 	1
5205 	1
5206 	1
5207 	1
5208 	1
5210 	1
5213 	1
5214 	1
5217 	1
5218 	1
5219 	1
5220 	1
5221 	1
5222 	1
5223 	1
5225 	1
5226 	1
5228 	1
5231 	1
5235 	1
5236 	1
5239 	1
5240 	1
5241 	1
5243 	1
5244 	1
5246 	1
5249 	1
5250 	1
5253 	1
5255 	1
5256 	1
5257 	1
5259 	1
5262 	1
5265 	1
5266 	1
5267 	1
5272 	1
5274 	1
5275 	1
5277 	1
5278 	1
5279 	1
5282 	1
5283 	1
5286 	1
5288 	1
5291 	1
5292 	1
5293 	1
5295 	1
5296 	1
5297 	1
5299 	1
5300 	1
5302 	1
5305 	1
5306 	1
5307 	1
5308 	1
5313 	1
5314 	1
5316 	1
5327 	1
5330 	1
5333 	1
5335 	1
5337 	1
5338 	1
5340 	1
5341 	1
5342 	1
5345 	1
5346 	1
5348 	1
5349 	1
5350 	1
5351 	1
5353 	1
5355 	1
5358 	1
5359 	1
5360 	1
5362 	1
5364 	1
5365 	1
5366 	1
5368 	1
5369 	1
5370 	1
5371 	1
5372 	1
5374 	1
5375 	1
5376 	1
5381 	1
5383 	1
5384 	1
5385 	1
5386 	1
5387 	1
5394 	1
5395 	1
5396 	1
5397 	1
5398 	1
5400 	1
5401 	1
5402 	1
5404 	1
5405 	1
5406 	1
5408 	1
5410 	1
5411 	1
5413 	1
5414 	1
5417 	1
5425 	1
5426 	1
5428 	1
5432 	1
5433 	1
5434 	1
5437 	1
5439 	1
5440 	1
5441 	1
5444 	1
5445 	1
5453 	1
5455 	1
5461 	1
5462 	1
5464 	1
5465 	1
5471 	1
5472 	1
5474 	1
5475 	1
5476 	1
5477 	1
5478 	1
5481 	1
5483 	1
5484 	1
5490 	1
5492 	1
5494 	1
5495 	1
5497 	1
5498 	1
5500 	1
5503 	1
5507 	1
5510 	1
5513 	1
5514 	1
5516 	1
5517 	1
5518 	1
5519 	1
5521 	1
5522 	1
5524 	1
5526 	1
5530 	1
5531 	1
5533 	1
5534 	1
5536 	1
5537 	1
5540 	1
5541 	1
5542 	1
5543 	1
5544 	1
5545 	1
5546 	1
5547 	1
5548 	1
5549 	1
5551 	1
5557 	1
5559 	1
5567 	1
5570 	1
5572 	1
5573 	1
5575 	1
5576 	1
5579 	1
5580 	1
5582 	1
5583 	1
5584 	1
5585 	1
5587 	1
5588 	1
5590 	1
5591 	1
5593 	1
5595 	1
5598 	1
5600 	1
5604 	1
5606 	1
5607 	1
5608 	1
5610 	1
5613 	1
5615 	1
5617 	1
5618 	1
5619 	1
5621 	1
5623 	1
5624 	1
5625 	1
5627 	1
5629 	1
5630 	1
5632 	1
5633 	1
5634 	1
5636 	1
5638 	1
5640 	1
5642 	1
5643 	1
5644 	1
5646 	1
5647 	1
5648 	1
5653 	1
5656 	1
5657 	1
5661 	1
5664 	1
5665 	1
5668 	1
5672 	1
5673 	1
5674 	1
5676 	1
5677 	1
5678 	1
5679 	1
5681 	1
5682 	1
5683 	1
5685 	1
5687 	1
5688 	1
5693 	1
5695 	1
5697 	1
5699 	1
5701 	1
5702 	1
5703 	1
5704 	1
5706 	1
5707 	1
5708 	1
5712 	1
5715 	1
5716 	1
5717 	1
5719 	1
5720 	1
5722 	0.908284023669
