Number of items 	Total Weight 	Total Profit 
2394 	748925.5 	160807.35 


Total time: 0.101750135422 s
Average time: 0.0254395604134 s
Last call: 8.10623168945e-06 s
Stamp 1 of the total: 0h 0m 0s 101ms 101750\u00B5s
Stamp 2 of the total: 00:00:00.0101
Pattern that ignores zeros:
101ms 101750\u00B5s
0101

Item    Fraction

1 	1
3 	1
4 	1
8 	1
10 	1
15 	1
16 	1
17 	1
18 	1
22 	1
23 	1
27 	1
29 	1
31 	1
32 	1
35 	1
38 	1
41 	1
42 	1
43 	1
49 	1
50 	1
51 	1
52 	1
53 	1
55 	1
59 	1
60 	1
61 	1
62 	1
63 	1
64 	1
66 	1
68 	1
69 	1
70 	1
73 	1
75 	1
77 	1
80 	1
81 	1
83 	1
84 	1
85 	1
89 	1
93 	1
94 	1
96 	1
97 	1
99 	1
100 	1
102 	1
103 	1
104 	1
105 	1
106 	1
111 	1
116 	1
117 	1
118 	1
121 	1
123 	1
126 	1
127 	1
131 	1
132 	1
137 	1
141 	1
143 	1
146 	1
147 	1
151 	1
153 	1
156 	1
159 	1
161 	1
162 	1
165 	1
166 	1
169 	1
170 	1
172 	1
175 	1
177 	1
178 	1
179 	1
182 	1
183 	1
190 	1
192 	1
194 	1
196 	1
197 	1
198 	1
200 	1
206 	1
208 	1
209 	1
211 	1
214 	1
215 	1
221 	1
222 	1
223 	1
227 	1
229 	1
234 	1
238 	1
240 	1
243 	1
245 	1
247 	1
248 	1
252 	1
258 	1
260 	1
263 	1
267 	1
269 	1
271 	1
272 	1
274 	1
276 	1
280 	1
281 	1
282 	1
283 	1
284 	1
285 	1
288 	1
291 	1
292 	1
293 	1
299 	1
300 	1
301 	1
302 	1
305 	1
306 	1
307 	1
308 	1
310 	1
311 	1
315 	1
316 	1
320 	1
321 	1
322 	1
323 	1
325 	1
326 	1
328 	1
329 	1
330 	1
331 	1
333 	1
334 	1
336 	1
337 	1
339 	1
340 	1
342 	1
355 	1
356 	1
357 	1
358 	1
360 	1
362 	1
364 	1
366 	1
369 	1
370 	1
371 	1
372 	1
373 	1
375 	1
376 	1
379 	1
380 	1
384 	1
386 	1
387 	1
392 	1
394 	1
395 	1
397 	1
398 	1
402 	1
403 	1
408 	1
409 	1
410 	1
412 	1
413 	1
414 	1
416 	1
417 	1
418 	1
422 	1
423 	1
429 	1
431 	1
433 	1
434 	1
435 	1
436 	1
438 	1
439 	1
444 	1
445 	1
447 	1
448 	1
450 	1
451 	1
453 	1
454 	1
456 	1
457 	1
459 	1
461 	1
468 	1
469 	1
473 	1
474 	1
475 	1
477 	1
479 	1
480 	1
483 	1
484 	1
485 	1
491 	1
492 	1
495 	1
502 	1
505 	1
507 	1
508 	1
510 	1
511 	1
512 	1
513 	1
516 	1
520 	1
521 	1
522 	1
523 	1
528 	1
529 	1
531 	1
533 	1
534 	1
538 	1
539 	1
540 	1
543 	1
544 	1
545 	1
546 	1
549 	1
556 	1
561 	1
562 	1
567 	1
568 	1
570 	1
571 	1
575 	1
576 	1
578 	1
582 	1
583 	1
584 	1
585 	1
586 	1
587 	1
588 	1
592 	1
593 	1
595 	1
599 	1
601 	1
602 	1
603 	1
606 	1
612 	1
613 	1
614 	1
615 	1
616 	1
621 	1
623 	1
624 	1
626 	1
627 	1
629 	1
630 	1
631 	1
632 	1
633 	1
635 	1
637 	1
639 	1
647 	1
649 	1
654 	1
656 	1
657 	1
658 	1
660 	1
661 	1
662 	1
663 	1
664 	1
666 	1
668 	1
669 	1
670 	1
671 	1
674 	1
677 	1
681 	1
682 	1
683 	1
687 	1
688 	1
690 	1
692 	1
693 	1
697 	1
698 	1
699 	1
711 	1
712 	1
714 	1
718 	1
720 	1
724 	1
725 	1
726 	1
727 	1
731 	1
733 	1
734 	1
737 	1
738 	1
739 	1
740 	1
744 	1
745 	1
747 	1
751 	1
753 	1
754 	1
756 	1
757 	1
758 	1
759 	1
761 	1
762 	1
763 	1
766 	1
767 	1
768 	1
771 	1
775 	1
776 	1
777 	1
778 	1
779 	1
780 	1
781 	1
783 	1
784 	1
785 	1
786 	1
787 	1
789 	1
791 	1
794 	1
795 	1
796 	1
798 	1
799 	1
803 	1
804 	1
805 	1
806 	1
810 	1
813 	1
814 	1
815 	1
818 	1
819 	1
824 	1
826 	1
833 	1
834 	1
835 	1
836 	1
837 	1
838 	1
844 	1
846 	1
848 	1
853 	1
854 	1
857 	1
859 	1
860 	1
861 	1
862 	1
864 	1
867 	1
868 	1
870 	1
871 	1
874 	1
876 	1
878 	1
879 	1
880 	1
888 	1
891 	1
892 	1
893 	1
897 	1
900 	1
902 	1
903 	1
905 	1
908 	1
913 	1
915 	1
916 	1
918 	1
919 	1
920 	1
921 	1
922 	1
926 	1
927 	1
929 	1
930 	1
932 	1
934 	1
936 	1
937 	1
939 	1
940 	1
942 	1
946 	1
949 	1
957 	1
959 	1
961 	1
963 	1
965 	1
968 	1
969 	1
971 	1
972 	1
973 	1
976 	1
977 	1
981 	1
983 	1
985 	1
986 	1
987 	1
988 	1
989 	1
993 	1
998 	1
1001 	1
1004 	1
1008 	1
1009 	1
1010 	1
1011 	1
1013 	1
1019 	1
1020 	1
1024 	1
1026 	1
1027 	1
1028 	1
1029 	1
1030 	1
1031 	1
1034 	1
1037 	1
1040 	1
1041 	1
1042 	1
1046 	1
1047 	1
1048 	1
1050 	1
1051 	1
1052 	1
1053 	1
1054 	1
1055 	1
1059 	1
1069 	1
1071 	1
1072 	1
1078 	1
1080 	1
1084 	1
1085 	1
1088 	1
1096 	1
1097 	1
1098 	1
1099 	1
1100 	1
1102 	1
1103 	1
1105 	1
1107 	1
1109 	1
1110 	1
1112 	1
1113 	1
1118 	1
1119 	1
1121 	1
1122 	1
1124 	1
1126 	1
1127 	1
1128 	1
1131 	1
1132 	1
1135 	1
1136 	1
1142 	1
1147 	1
1150 	1
1152 	1
1154 	1
1156 	1
1157 	1
1158 	1
1159 	1
1160 	1
1161 	1
1166 	1
1167 	1
1168 	1
1170 	1
1172 	1
1174 	1
1175 	1
1176 	1
1184 	1
1186 	1
1188 	1
1189 	1
1191 	1
1192 	1
1194 	1
1197 	1
1200 	1
1203 	1
1206 	1
1207 	1
1209 	1
1210 	1
1211 	1
1214 	1
1215 	1
1217 	1
1221 	1
1222 	1
1223 	1
1226 	1
1231 	1
1232 	1
1233 	1
1234 	1
1238 	1
1241 	1
1243 	1
1245 	1
1247 	1
1250 	1
1254 	1
1255 	1
1260 	1
1262 	1
1263 	1
1265 	1
1266 	1
1269 	1
1271 	1
1272 	1
1273 	1
1274 	1
1279 	1
1281 	1
1282 	1
1284 	1
1285 	1
1287 	1
1292 	1
1293 	1
1296 	1
1297 	1
1298 	1
1299 	1
1310 	1
1311 	1
1312 	1
1315 	1
1316 	1
1317 	1
1318 	1
1320 	1
1322 	1
1323 	1
1324 	1
1328 	1
1330 	1
1333 	1
1334 	1
1335 	1
1336 	1
1338 	1
1339 	1
1343 	1
1346 	1
1348 	1
1350 	1
1355 	1
1356 	1
1357 	1
1359 	1
1362 	1
1363 	1
1364 	1
1366 	1
1367 	1
1370 	1
1372 	1
1375 	1
1376 	1
1378 	1
1380 	1
1381 	1
1383 	1
1385 	1
1387 	1
1388 	1
1389 	1
1393 	1
1395 	1
1400 	1
1401 	1
1402 	1
1405 	1
1408 	1
1409 	1
1411 	1
1413 	1
1415 	1
1417 	1
1418 	1
1420 	1
1423 	1
1425 	1
1426 	1
1431 	1
1433 	1
1434 	1
1435 	1
1436 	1
1439 	1
1444 	1
1446 	1
1448 	1
1449 	1
1452 	1
1453 	1
1454 	1
1455 	1
1456 	1
1457 	1
1458 	1
1459 	1
1461 	1
1462 	1
1465 	1
1467 	1
1468 	1
1478 	1
1482 	1
1483 	1
1484 	1
1485 	1
1486 	1
1487 	1
1490 	1
1491 	1
1492 	1
1494 	1
1496 	1
1497 	1
1498 	1
1499 	1
1503 	1
1504 	1
1507 	1
1510 	1
1512 	1
1513 	1
1514 	1
1517 	1
1518 	1
1521 	1
1523 	1
1525 	1
1526 	1
1527 	1
1528 	1
1529 	1
1530 	1
1531 	1
1532 	1
1534 	1
1535 	1
1540 	1
1541 	1
1542 	1
1543 	1
1545 	1
1546 	1
1547 	1
1548 	1
1550 	1
1554 	1
1560 	1
1562 	1
1566 	1
1567 	1
1569 	1
1570 	1
1571 	1
1572 	1
1574 	1
1576 	1
1577 	1
1579 	1
1582 	1
1583 	1
1584 	1
1587 	1
1590 	1
1591 	1
1592 	1
1594 	1
1595 	1
1597 	1
1598 	1
1599 	1
1601 	1
1603 	1
1604 	1
1607 	1
1610 	1
1611 	1
1613 	1
1614 	1
1615 	1
1617 	1
1619 	1
1622 	1
1623 	1
1624 	1
1627 	1
1628 	1
1630 	1
1634 	1
1637 	1
1639 	1
1641 	1
1643 	1
1646 	1
1648 	1
1649 	1
1650 	1
1652 	1
1654 	1
1655 	1
1657 	1
1658 	1
1664 	1
1665 	1
1666 	1
1667 	1
1670 	1
1673 	1
1676 	1
1678 	1
1679 	1
1682 	1
1684 	1
1685 	1
1686 	1
1687 	1
1689 	1
1693 	1
1695 	1
1697 	1
1698 	1
1699 	1
1701 	1
1709 	1
1710 	1
1711 	1
1712 	1
1713 	1
1714 	1
1715 	1
1716 	1
1720 	1
1722 	1
1723 	1
1725 	1
1726 	1
1729 	1
1731 	1
1733 	1
1734 	1
1737 	1
1740 	1
1741 	1
1742 	1
1744 	1
1746 	1
1747 	1
1748 	1
1749 	1
1750 	1
1753 	1
1754 	1
1755 	1
1757 	1
1759 	1
1763 	1
1764 	1
1766 	1
1767 	1
1768 	1
1769 	1
1771 	1
1774 	1
1775 	1
1779 	1
1789 	1
1792 	1
1793 	1
1796 	1
1797 	1
1798 	1
1799 	1
1801 	1
1802 	1
1803 	1
1805 	1
1808 	1
1814 	1
1815 	1
1818 	1
1819 	1
1821 	1
1822 	1
1823 	1
1827 	1
1832 	1
1836 	1
1837 	1
1838 	1
1840 	1
1842 	1
1846 	1
1847 	1
1848 	1
1851 	1
1853 	1
1854 	1
1857 	1
1858 	1
1859 	1
1860 	1
1862 	1
1865 	1
1866 	1
1867 	1
1870 	1
1871 	1
1874 	1
1879 	1
1882 	1
1883 	1
1885 	1
1886 	1
1891 	1
1897 	1
1899 	1
1900 	1
1901 	1
1904 	1
1905 	1
1907 	1
1909 	1
1914 	1
1915 	1
1916 	1
1918 	1
1920 	1
1921 	1
1922 	1
1923 	1
1926 	1
1928 	1
1931 	1
1933 	1
1934 	1
1936 	1
1939 	1
1941 	1
1944 	1
1948 	1
1949 	1
1959 	1
1960 	1
1961 	1
1965 	1
1967 	1
1968 	1
1971 	1
1973 	1
1974 	1
1977 	1
1978 	1
1983 	1
1984 	1
1985 	1
1988 	1
1989 	1
1992 	1
1993 	1
1994 	1
1995 	1
1997 	1
1999 	1
2004 	1
2006 	1
2009 	1
2010 	1
2011 	1
2014 	1
2015 	1
2017 	1
2018 	1
2019 	1
2022 	1
2025 	1
2027 	1
2029 	1
2031 	1
2033 	1
2036 	1
2037 	1
2039 	1
2042 	1
2044 	1
2046 	1
2047 	1
2059 	1
2061 	1
2063 	1
2065 	1
2071 	1
2072 	1
2073 	1
2074 	1
2077 	1
2078 	1
2082 	1
2084 	1
2085 	1
2086 	1
2087 	1
2088 	1
2090 	1
2092 	1
2094 	1
2095 	1
2096 	1
2102 	1
2103 	1
2105 	1
2107 	1
2112 	1
2113 	1
2120 	1
2121 	1
2123 	1
2124 	1
2125 	1
2126 	1
2129 	1
2130 	1
2131 	1
2133 	1
2135 	1
2136 	1
2137 	1
2139 	1
2141 	1
2142 	1
2144 	1
2145 	1
2147 	1
2148 	1
2151 	1
2153 	1
2157 	1
2163 	1
2165 	1
2167 	1
2169 	1
2170 	1
2171 	1
2172 	1
2173 	1
2176 	1
2181 	1
2182 	1
2183 	1
2184 	1
2185 	1
2186 	1
2189 	1
2192 	1
2194 	1
2197 	1
2200 	1
2201 	1
2204 	1
2206 	1
2211 	1
2213 	1
2214 	1
2215 	1
2216 	1
2218 	1
2219 	1
2221 	1
2223 	1
2224 	1
2227 	1
2232 	1
2233 	1
2234 	1
2236 	1
2238 	1
2240 	1
2241 	1
2243 	1
2245 	1
2247 	1
2249 	1
2252 	1
2253 	1
2254 	1
2256 	1
2257 	1
2258 	1
2259 	1
2260 	1
2262 	1
2263 	1
2265 	1
2268 	1
2269 	1
2271 	1
2274 	1
2275 	1
2276 	1
2278 	1
2279 	1
2280 	1
2281 	1
2282 	1
2285 	1
2288 	1
2294 	1
2295 	1
2296 	1
2298 	1
2300 	1
2302 	1
2303 	1
2305 	1
2310 	1
2311 	1
2314 	1
2315 	1
2322 	1
2331 	1
2332 	1
2333 	1
2339 	1
2341 	1
2343 	1
2344 	1
2346 	1
2350 	1
2351 	1
2352 	1
2354 	1
2356 	1
2357 	1
2358 	1
2360 	1
2361 	1
2365 	1
2366 	1
2369 	1
2370 	1
2371 	1
2372 	1
2373 	1
2379 	1
2381 	1
2382 	1
2384 	1
2386 	1
2387 	1
2389 	1
2390 	1
2392 	1
2393 	1
2395 	1
2396 	1
2397 	1
2401 	1
2403 	1
2404 	1
2410 	1
2411 	1
2412 	1
2414 	1
2416 	1
2418 	1
2419 	1
2421 	1
2423 	1
2425 	1
2429 	1
2431 	1
2432 	1
2434 	1
2435 	1
2440 	1
2447 	1
2448 	1
2451 	1
2454 	1
2458 	1
2459 	1
2461 	1
2462 	1
2469 	1
2470 	1
2472 	1
2475 	1
2476 	1
2477 	1
2479 	1
2481 	1
2482 	1
2484 	1
2486 	1
2487 	1
2489 	1
2491 	1
2493 	1
2496 	1
2502 	1
2504 	1
2505 	1
2506 	1
2508 	1
2516 	1
2517 	1
2518 	1
2520 	1
2523 	1
2526 	1
2531 	1
2532 	1
2534 	1
2537 	1
2539 	1
2541 	1
2542 	1
2543 	1
2546 	1
2551 	1
2552 	1
2556 	1
2559 	1
2560 	1
2562 	1
2564 	1
2568 	1
2569 	1
2570 	1
2571 	1
2574 	1
2575 	1
2578 	1
2583 	1
2586 	1
2587 	1
2588 	1
2592 	1
2598 	1
2600 	1
2602 	1
2604 	1
2606 	1
2610 	1
2611 	1
2612 	1
2614 	1
2616 	1
2618 	1
2619 	1
2620 	1
2622 	1
2623 	1
2624 	1
2625 	1
2626 	1
2627 	1
2628 	1
2631 	1
2633 	1
2634 	1
2635 	1
2636 	1
2638 	1
2641 	1
2642 	1
2643 	1
2645 	1
2646 	1
2649 	1
2652 	1
2661 	1
2663 	1
2664 	1
2668 	1
2669 	1
2671 	1
2673 	1
2676 	1
2678 	1
2679 	1
2680 	1
2681 	1
2691 	1
2696 	1
2699 	1
2700 	1
2703 	1
2705 	1
2708 	1
2709 	1
2710 	1
2712 	1
2713 	1
2719 	1
2720 	1
2722 	1
2725 	1
2727 	1
2731 	1
2732 	1
2733 	1
2737 	1
2738 	1
2739 	1
2740 	1
2741 	1
2742 	1
2743 	1
2744 	1
2745 	1
2747 	1
2748 	1
2749 	1
2750 	1
2752 	1
2754 	1
2757 	1
2759 	1
2760 	1
2764 	1
2766 	1
2768 	1
2775 	1
2779 	1
2780 	1
2782 	1
2787 	1
2788 	1
2790 	1
2793 	1
2796 	1
2797 	1
2798 	1
2799 	1
2800 	1
2801 	1
2802 	1
2805 	1
2806 	1
2807 	1
2810 	1
2815 	1
2819 	1
2820 	1
2821 	1
2822 	1
2823 	1
2824 	1
2828 	1
2830 	1
2832 	1
2833 	1
2834 	1
2835 	1
2838 	1
2839 	1
2840 	1
2841 	1
2844 	1
2845 	1
2849 	1
2853 	1
2854 	1
2855 	1
2858 	1
2859 	1
2862 	1
2864 	1
2865 	1
2867 	1
2874 	1
2876 	1
2878 	1
2879 	1
2882 	1
2885 	1
2886 	1
2887 	1
2888 	1
2890 	1
2894 	1
2895 	1
2896 	1
2898 	1
2899 	1
2903 	1
2910 	1
2911 	1
2912 	1
2913 	1
2920 	1
2924 	1
2928 	1
2929 	1
2930 	1
2934 	1
2936 	1
2940 	1
2942 	1
2943 	1
2944 	1
2945 	1
2946 	1
2947 	1
2949 	1
2950 	1
2951 	1
2954 	1
2956 	1
2957 	1
2960 	1
2961 	1
2962 	1
2965 	1
2966 	1
2973 	1
2974 	1
2979 	1
2983 	1
2987 	1
2989 	1
2993 	1
2994 	1
2995 	1
2997 	1
2998 	1
2999 	1
3000 	1
3002 	1
3006 	1
3008 	1
3009 	1
3010 	1
3011 	1
3013 	1
3015 	1
3018 	1
3023 	1
3024 	1
3025 	1
3026 	1
3027 	1
3028 	1
3030 	1
3031 	1
3032 	1
3034 	1
3035 	1
3042 	1
3043 	1
3044 	1
3046 	1
3047 	1
3049 	1
3051 	1
3052 	1
3057 	1
3058 	1
3059 	1
3062 	1
3064 	1
3065 	1
3070 	1
3073 	1
3074 	1
3075 	1
3076 	1
3082 	1
3085 	1
3086 	1
3087 	1
3090 	1
3091 	1
3095 	1
3096 	1
3097 	1
3098 	1
3101 	1
3102 	1
3104 	1
3105 	1
3113 	1
3115 	1
3117 	1
3118 	1
3122 	1
3123 	1
3128 	1
3130 	1
3131 	1
3133 	1
3134 	1
3137 	1
3138 	1
3140 	1
3141 	1
3142 	1
3143 	1
3146 	1
3148 	1
3151 	1
3153 	1
3155 	1
3157 	1
3161 	1
3163 	1
3165 	1
3167 	1
3171 	1
3174 	1
3175 	1
3176 	1
3177 	1
3178 	1
3179 	1
3180 	1
3186 	1
3188 	1
3197 	1
3199 	1
3201 	1
3206 	1
3207 	1
3211 	1
3214 	1
3219 	1
3223 	1
3233 	1
3237 	1
3238 	1
3240 	1
3241 	1
3243 	1
3245 	1
3246 	1
3247 	1
3249 	1
3251 	1
3254 	1
3257 	1
3258 	1
3260 	1
3261 	1
3263 	1
3268 	1
3269 	1
3270 	1
3271 	1
3275 	1
3276 	1
3278 	1
3279 	1
3282 	1
3284 	1
3288 	1
3290 	1
3293 	1
3294 	1
3295 	1
3296 	1
3299 	1
3301 	1
3303 	1
3304 	1
3307 	1
3309 	1
3310 	1
3311 	1
3312 	1
3313 	1
3315 	1
3316 	1
3320 	1
3321 	1
3324 	1
3326 	1
3327 	1
3328 	1
3329 	1
3330 	1
3331 	1
3332 	1
3334 	1
3335 	1
3336 	1
3338 	1
3340 	1
3344 	1
3347 	1
3348 	1
3353 	1
3354 	1
3358 	1
3360 	1
3361 	1
3362 	1
3364 	1
3368 	1
3372 	1
3375 	1
3378 	1
3382 	1
3383 	1
3384 	1
3389 	1
3390 	1
3392 	1
3395 	1
3403 	1
3408 	1
3409 	1
3410 	1
3412 	1
3414 	1
3416 	1
3421 	1
3422 	1
3423 	1
3425 	1
3426 	1
3427 	1
3429 	1
3432 	1
3433 	1
3435 	1
3437 	1
3440 	1
3443 	1
3445 	1
3449 	1
3451 	1
3460 	1
3462 	1
3463 	1
3464 	1
3465 	1
3466 	1
3468 	1
3469 	1
3472 	1
3473 	1
3476 	1
3477 	1
3481 	1
3485 	1
3486 	1
3490 	1
3491 	1
3492 	1
3494 	1
3496 	1
3500 	1
3501 	1
3502 	1
3508 	1
3511 	1
3513 	1
3515 	1
3516 	1
3517 	1
3518 	1
3520 	1
3521 	1
3523 	1
3524 	1
3525 	1
3526 	1
3528 	1
3530 	1
3534 	1
3536 	1
3537 	1
3538 	1
3539 	1
3542 	1
3544 	1
3546 	1
3548 	1
3549 	1
3551 	1
3552 	1
3553 	1
3555 	1
3557 	1
3558 	1
3560 	1
3561 	1
3563 	1
3564 	1
3566 	1
3568 	1
3569 	1
3570 	1
3573 	1
3574 	1
3577 	1
3578 	1
3588 	1
3591 	1
3592 	1
3594 	1
3596 	1
3598 	1
3599 	1
3601 	1
3603 	1
3605 	1
3606 	1
3609 	1
3610 	1
3611 	1
3613 	1
3615 	1
3617 	1
3618 	1
3623 	1
3625 	1
3627 	1
3628 	1
3629 	1
3630 	1
3634 	1
3635 	1
3638 	1
3643 	1
3646 	1
3647 	1
3648 	1
3650 	1
3653 	1
3654 	1
3655 	1
3658 	1
3659 	1
3660 	1
3662 	1
3663 	1
3665 	1
3668 	1
3669 	1
3670 	1
3671 	1
3672 	1
3673 	1
3676 	1
3677 	1
3678 	1
3679 	1
3680 	1
3683 	1
3689 	1
3691 	1
3692 	1
3693 	1
3694 	1
3695 	1
3700 	1
3702 	1
3703 	1
3704 	1
3706 	1
3707 	1
3709 	1
3717 	1
3719 	1
3720 	1
3721 	1
3722 	1
3725 	1
3726 	1
3731 	1
3732 	1
3735 	1
3737 	1
3739 	1
3742 	1
3743 	1
3745 	1
3749 	1
3754 	1
3756 	1
3758 	1
3760 	1
3762 	1
3763 	1
3764 	1
3767 	1
3769 	1
3770 	1
3773 	1
3774 	1
3775 	1
3777 	1
3780 	1
3781 	1
3782 	1
3785 	1
3787 	1
3793 	1
3794 	1
3795 	1
3799 	1
3801 	1
3802 	1
3804 	1
3805 	1
3806 	1
3808 	1
3812 	1
3813 	1
3814 	1
3815 	1
3817 	1
3818 	1
3819 	1
3821 	1
3822 	1
3830 	1
3831 	1
3833 	1
3834 	1
3837 	1
3839 	1
3842 	1
3843 	1
3844 	1
3845 	1
3846 	1
3847 	1
3849 	1
3851 	1
3852 	1
3853 	1
3855 	1
3858 	1
3859 	1
3861 	1
3862 	1
3863 	1
3865 	1
3866 	1
3870 	1
3871 	1
3872 	1
3873 	1
3875 	1
3876 	1
3877 	1
3880 	1
3884 	1
3887 	1
3888 	1
3889 	1
3893 	1
3898 	1
3899 	1
3901 	1
3902 	1
3907 	1
3911 	1
3914 	1
3915 	1
3922 	1
3923 	1
3925 	1
3927 	1
3929 	1
3930 	1
3931 	1
3932 	1
3935 	1
3939 	1
3940 	1
3944 	1
3946 	1
3947 	1
3948 	1
3951 	1
3956 	1
3959 	1
3960 	1
3962 	1
3963 	1
3966 	1
3969 	1
3972 	1
3973 	1
3976 	1
3978 	1
3982 	1
3985 	1
3986 	1
3987 	1
3989 	1
3992 	1
3993 	1
3994 	1
3999 	1
4002 	1
4003 	1
4005 	1
4008 	1
4010 	1
4014 	1
4018 	1
4019 	1
4020 	1
4021 	1
4022 	1
4023 	1
4025 	1
4027 	1
4028 	1
4030 	1
4032 	1
4037 	1
4040 	1
4043 	1
4044 	1
4046 	1
4047 	1
4048 	1
4049 	1
4050 	1
4056 	1
4058 	1
4060 	1
4063 	1
4064 	1
4065 	1
4066 	1
4067 	1
4070 	1
4071 	1
4072 	1
4073 	1
4075 	1
4076 	1
4077 	1
4078 	1
4080 	1
4084 	1
4087 	1
4090 	1
4094 	1
4101 	1
4104 	1
4105 	1
4106 	1
4107 	1
4108 	1
4112 	1
4113 	1
4119 	1
4120 	1
4123 	1
4126 	1
4129 	1
4130 	1
4131 	1
4132 	1
4134 	1
4138 	1
4139 	1
4144 	1
4145 	1
4147 	1
4148 	1
4150 	1
4152 	1
4153 	1
4154 	1
4155 	1
4156 	1
4160 	1
4166 	1
4168 	1
4169 	1
4170 	1
4172 	1
4175 	1
4177 	1
4180 	1
4183 	1
4184 	1
4187 	1
4189 	1
4192 	1
4200 	1
4202 	1
4209 	1
4211 	1
4213 	1
4214 	1
4219 	1
4221 	1
4222 	1
4224 	1
4229 	1
4230 	1
4231 	1
4235 	1
4238 	1
4239 	1
4241 	1
4244 	1
4245 	1
4247 	1
4248 	1
4251 	1
4252 	1
4253 	1
4255 	1
4260 	1
4266 	1
4268 	1
4269 	1
4270 	1
4275 	1
4276 	1
4279 	1
4280 	1
4284 	1
4291 	1
4292 	1
4293 	1
4294 	1
4299 	1
4301 	1
4302 	1
4305 	1
4310 	1
4313 	1
4315 	1
4316 	1
4320 	1
4321 	1
4322 	1
4325 	1
4326 	1
4328 	1
4329 	1
4333 	1
4335 	1
4337 	1
4339 	1
4343 	1
4346 	1
4348 	1
4352 	1
4354 	1
4355 	1
4356 	1
4357 	1
4358 	1
4364 	1
4366 	1
4367 	1
4370 	1
4374 	1
4378 	1
4379 	1
4385 	1
4386 	1
4387 	1
4388 	1
4389 	1
4390 	1
4391 	1
4395 	1
4397 	1
4398 	1
4400 	1
4402 	1
4403 	1
4404 	1
4406 	1
4407 	1
4408 	1
4410 	1
4411 	1
4412 	1
4414 	1
4415 	1
4416 	1
4419 	1
4420 	1
4421 	1
4422 	1
4423 	1
4430 	1
4432 	1
4434 	1
4435 	1
4439 	1
4441 	1
4442 	1
4443 	1
4446 	1
4449 	1
4453 	1
4455 	1
4457 	1
4459 	1
4460 	1
4463 	1
4466 	1
4467 	1
4468 	1
4472 	1
4473 	1
4475 	1
4477 	1
4479 	1
4482 	1
4483 	1
4486 	1
4487 	1
4490 	1
4494 	1
4498 	1
4499 	1
4500 	1
4502 	1
4504 	1
4506 	1
4507 	1
4508 	1
4510 	1
4512 	1
4513 	1
4515 	1
4525 	1
4526 	1
4527 	1
4528 	1
4529 	1
4533 	1
4535 	1
4537 	1
4538 	1
4541 	1
4545 	1
4552 	1
4554 	1
4556 	1
4559 	1
4561 	1
4562 	1
4566 	1
4567 	1
4569 	1
4570 	1
4575 	1
4576 	1
4577 	1
4578 	1
4579 	1
4581 	1
4586 	1
4587 	1
4588 	1
4595 	1
4596 	1
4598 	1
4599 	1
4601 	1
4602 	1
4603 	1
4604 	1
4607 	1
4610 	1
4617 	1
4618 	1
4620 	1
4621 	1
4622 	1
4624 	1
4625 	1
4627 	1
4628 	1
4634 	1
4635 	1
4636 	1
4637 	1
4638 	1
4640 	1
4641 	1
4642 	1
4643 	1
4644 	1
4645 	1
4646 	1
4651 	1
4653 	1
4654 	1
4655 	1
4656 	1
4657 	1
4660 	1
4661 	1
4662 	1
4665 	1
4667 	1
4679 	1
4688 	1
4690 	1
4691 	1
4692 	1
4694 	1
4695 	1
4697 	1
4699 	1
4701 	1
4704 	1
4705 	1
4708 	1
4709 	1
4710 	1
4712 	1
4716 	1
4717 	1
4719 	1
4720 	1
4722 	1
4723 	1
4725 	1
4727 	1
4728 	1
4729 	1
4738 	1
4739 	1
4740 	1
4743 	1
4744 	1
4746 	1
4747 	1
4749 	1
4750 	1
4752 	1
4753 	1
4755 	1
4759 	1
4764 	1
4765 	1
4767 	1
4772 	1
4774 	1
4776 	1
4779 	1
4782 	1
4786 	1
4787 	1
4790 	1
4791 	1
4792 	1
4793 	1
4797 	1
4800 	1
4802 	1
4807 	1
4808 	1
4810 	1
4811 	1
4812 	1
4813 	1
4816 	1
4817 	1
4819 	1
4820 	1
4822 	1
4824 	1
4829 	1
4830 	1
4832 	1
4833 	1
4834 	1
4835 	1
4836 	1
4837 	1
4839 	1
4840 	1
4841 	1
4844 	1
4845 	1
4849 	1
4855 	1
4856 	1
4858 	1
4859 	1
4860 	1
4861 	1
4863 	1
4864 	1
4867 	1
4868 	1
4871 	1
4874 	1
4885 	1
4886 	1
4889 	1
4891 	1
4892 	1
4893 	1
4894 	1
4901 	1
4905 	1
4906 	1
4909 	1
4914 	1
4916 	1
4917 	1
4918 	1
4919 	1
4920 	1
4924 	1
4937 	1
4944 	1
4948 	1
4950 	1
4952 	1
4953 	1
4956 	1
4963 	1
4964 	1
4965 	1
4975 	1
4977 	1
4978 	1
4981 	1
4983 	1
4984 	1
4985 	1
4986 	1
4988 	1
4990 	1
4991 	1
4993 	1
4996 	1
4997 	1
4998 	1
4999 	1
5004 	1
5005 	1
5010 	1
5011 	1
5012 	1
5013 	1
5014 	1
5022 	1
5023 	1
5024 	1
5025 	1
5028 	1
5029 	1
5031 	1
5033 	1
5034 	1
5035 	1
5036 	1
5037 	1
5039 	1
5042 	1
5043 	1
5044 	1
5052 	1
5056 	1
5057 	1
5058 	1
5060 	1
5062 	1
5065 	1
5066 	1
5069 	1
5072 	1
5074 	1
5075 	1
5076 	1
5077 	1
5078 	1
5079 	1
5080 	1
5089 	1
5091 	1
5092 	1
5094 	1
5095 	1
5097 	1
5099 	1
5100 	1
5101 	1
5103 	1
5104 	1
5106 	1
5107 	1
5109 	1
5113 	1
5114 	0.696153846154
