Number of items 	Total Weight 	Total Profit 
434 	128028.5 	28971.8529412 


Total time: 0.0242478847504 s
Average time: 0.00606274604797 s
Last call: 3.09944152832e-06 s
Stamp 1 of the total: 0h 0m 0s 24ms 24247\u00B5s
Stamp 2 of the total: 00:00:00.0024
Pattern that ignores zeros:
24ms 24247\u00B5s
0024

Item    Fraction

2 	1
3 	1
12 	1
14 	1
16 	1
24 	1
25 	1
28 	1
30 	1
32 	1
37 	1
38 	1
40 	1
44 	1
46 	1
48 	1
50 	1
51 	1
52 	1
55 	1
57 	1
58 	1
59 	1
63 	1
64 	1
65 	1
74 	1
75 	1
77 	1
78 	1
83 	1
89 	1
94 	1
95 	1
96 	1
101 	1
102 	1
103 	1
104 	1
105 	1
106 	1
107 	1
108 	1
110 	1
111 	1
116 	1
117 	1
119 	1
127 	1
128 	1
129 	1
133 	1
134 	1
135 	1
136 	1
137 	1
141 	1
146 	1
148 	1
149 	1
150 	1
156 	1
158 	1
159 	1
161 	1
163 	1
164 	1
168 	1
171 	1
173 	1
174 	1
175 	1
178 	1
180 	1
183 	1
187 	1
188 	1
191 	1
193 	1
194 	1
197 	1
199 	1
200 	1
202 	1
204 	1
206 	1
207 	1
209 	1
210 	1
212 	1
220 	1
223 	1
225 	1
229 	1
230 	1
231 	1
233 	1
235 	1
238 	1
239 	1
241 	1
243 	1
246 	1
248 	1
249 	1
251 	1
252 	1
254 	1
255 	1
256 	1
258 	1
262 	1
265 	1
268 	1
271 	1
275 	1
276 	1
277 	1
280 	1
281 	1
283 	1
285 	1
287 	1
288 	1
295 	1
298 	1
301 	1
302 	1
305 	1
313 	1
315 	1
317 	1
321 	1
322 	1
323 	1
324 	1
325 	1
328 	1
331 	1
333 	1
334 	1
337 	1
339 	1
342 	1
346 	1
349 	1
355 	1
356 	1
357 	1
360 	1
361 	1
362 	1
364 	1
374 	1
378 	1
379 	1
380 	1
381 	1
382 	1
383 	1
388 	1
391 	1
393 	1
397 	1
399 	1
400 	1
403 	1
408 	1
414 	1
418 	1
421 	1
422 	1
424 	1
425 	1
428 	1
431 	1
432 	1
436 	1
437 	1
438 	1
440 	1
443 	1
445 	1
446 	1
447 	1
452 	1
454 	1
457 	1
459 	1
460 	1
463 	1
465 	1
468 	1
473 	1
476 	1
477 	1
479 	1
480 	1
482 	1
483 	1
488 	1
490 	1
491 	1
492 	1
494 	1
495 	1
496 	1
500 	1
502 	1
503 	1
504 	1
511 	1
514 	1
515 	1
520 	1
521 	1
528 	1
529 	1
530 	1
531 	1
532 	1
533 	1
534 	1
536 	1
539 	1
541 	1
542 	1
546 	1
549 	1
551 	1
554 	1
556 	1
558 	1
560 	1
561 	1
562 	1
563 	1
566 	1
567 	1
568 	1
570 	1
575 	1
577 	1
579 	1
586 	1
588 	1
589 	1
592 	1
593 	1
597 	1
600 	1
602 	1
607 	1
609 	1
610 	1
616 	1
617 	1
618 	1
623 	1
624 	1
625 	1
628 	1
630 	1
631 	1
632 	1
633 	1
634 	1
635 	1
637 	1
638 	1
640 	1
642 	1
646 	1
647 	1
650 	1
663 	1
665 	1
666 	1
667 	1
668 	1
671 	1
673 	1
675 	1
678 	1
679 	1
680 	1
681 	1
683 	1
686 	1
687 	1
688 	1
690 	1
691 	1
692 	1
695 	1
696 	1
697 	1
701 	1
702 	1
703 	1
704 	1
708 	1
712 	1
716 	1
719 	1
721 	1
723 	1
724 	1
725 	1
727 	1
728 	1
730 	1
732 	1
735 	1
737 	1
738 	1
741 	1
742 	1
744 	1
750 	1
752 	1
755 	1
756 	1
758 	1
760 	1
762 	1
763 	1
767 	1
768 	1
771 	1
772 	1
776 	1
777 	1
782 	1
784 	1
786 	1
787 	1
789 	1
791 	1
793 	1
794 	1
795 	1
797 	1
798 	1
799 	1
800 	1
803 	1
804 	1
815 	1
816 	1
820 	1
822 	1
828 	1
830 	1
831 	1
833 	1
835 	1
836 	1
840 	1
842 	1
846 	1
847 	1
848 	1
849 	1
850 	1
852 	1
854 	1
857 	1
863 	1
865 	1
869 	1
871 	1
873 	1
874 	1
876 	1
879 	1
880 	1
881 	1
884 	1
887 	1
888 	1
889 	1
893 	1
896 	1
900 	1
902 	1
904 	1
905 	1
906 	1
907 	1
908 	1
910 	1
912 	1
913 	1
917 	1
918 	1
919 	1
920 	0.441176470588
924 	1
926 	1
927 	1
928 	1
929 	1
930 	1
933 	1
935 	1
937 	1
939 	1
940 	1
942 	1
944 	1
945 	1
949 	1
951 	1
954 	1
955 	1
959 	1
960 	1
964 	1
965 	1
968 	1
969 	1
971 	1
974 	1
975 	1
979 	1
983 	1
986 	1
990 	1
992 	1
994 	1
995 	1
997 	1
999 	1
