Number of items 	Total Weight 	Total Profit 
6400 	2130908.25 	431771.486759 


Total time: 0.114096164703 s
Average time: 0.0285248160362 s
Last call: 3.09944152832e-06 s
Stamp 1 of the total: 0h 0m 0s 114ms 114096\u00B5s
Stamp 2 of the total: 00:00:00.0114
Pattern that ignores zeros:
114ms 114096\u00B5s
0114

Item    Fraction

3 	1
5 	1
6 	1
7 	1
8 	1
10 	1
11 	1
15 	1
16 	1
17 	1
18 	1
19 	1
21 	1
23 	1
25 	1
26 	1
29 	1
30 	1
31 	1
32 	1
33 	1
34 	1
35 	1
37 	1
40 	1
41 	1
42 	1
43 	1
44 	1
45 	1
47 	1
49 	1
50 	1
51 	1
52 	1
53 	1
57 	1
58 	1
59 	1
61 	1
62 	1
63 	1
65 	1
67 	1
69 	1
70 	1
71 	1
73 	1
75 	1
78 	1
79 	1
81 	1
82 	1
83 	1
85 	1
92 	1
99 	1
100 	1
101 	1
104 	1
107 	1
108 	1
111 	1
113 	1
115 	1
116 	1
119 	1
122 	1
127 	1
131 	1
136 	1
138 	1
140 	1
142 	1
143 	1
144 	1
145 	1
146 	1
152 	1
153 	1
154 	1
155 	1
158 	1
159 	1
160 	1
161 	1
162 	1
164 	1
168 	1
171 	1
172 	1
173 	1
174 	1
175 	1
176 	1
181 	1
182 	1
184 	1
186 	1
187 	1
188 	1
189 	1
190 	1
191 	1
192 	1
193 	1
194 	1
196 	1
200 	1
201 	1
202 	1
204 	1
206 	1
209 	1
211 	1
213 	1
214 	1
216 	1
217 	1
219 	1
220 	1
222 	1
223 	1
225 	1
227 	1
231 	1
232 	1
233 	1
235 	1
237 	1
239 	1
241 	1
244 	1
245 	1
246 	1
248 	1
249 	1
251 	1
253 	1
255 	1
256 	1
261 	1
264 	1
265 	1
266 	1
269 	1
274 	1
275 	1
276 	1
280 	1
281 	1
283 	1
285 	1
289 	1
290 	1
292 	1
296 	1
298 	1
302 	1
303 	1
304 	1
305 	1
307 	1
308 	1
310 	1
312 	1
313 	1
314 	1
315 	1
318 	1
319 	1
320 	1
321 	1
322 	1
323 	1
324 	1
325 	1
326 	1
327 	1
328 	1
334 	1
335 	1
336 	1
338 	1
340 	1
343 	1
346 	1
347 	1
348 	1
349 	1
351 	1
352 	1
353 	1
355 	1
358 	1
359 	1
360 	1
364 	1
366 	1
369 	1
372 	1
375 	1
379 	1
380 	1
382 	1
384 	1
388 	1
390 	1
392 	1
395 	1
397 	1
403 	1
404 	1
406 	1
411 	1
413 	1
414 	1
415 	1
417 	1
418 	1
419 	1
421 	1
422 	1
423 	1
425 	1
427 	1
428 	1
429 	1
430 	1
431 	1
435 	1
436 	1
438 	1
442 	1
444 	1
446 	1
451 	1
453 	1
459 	1
461 	1
462 	1
463 	1
464 	1
466 	1
467 	1
468 	1
469 	1
470 	1
471 	1
475 	1
479 	1
480 	1
481 	1
482 	1
484 	1
485 	1
486 	1
489 	1
490 	1
492 	1
494 	1
495 	1
496 	1
497 	1
498 	1
499 	1
500 	1
503 	1
504 	1
509 	1
510 	1
514 	1
515 	1
516 	1
520 	1
521 	1
524 	1
528 	1
530 	1
531 	1
532 	1
537 	1
539 	1
540 	1
541 	1
543 	1
544 	1
545 	1
547 	1
548 	1
549 	1
550 	1
552 	1
553 	1
556 	1
557 	1
558 	1
559 	1
562 	1
563 	1
564 	1
566 	1
567 	1
568 	1
574 	1
575 	1
576 	1
584 	1
586 	1
591 	1
596 	1
597 	1
599 	1
604 	1
611 	1
612 	1
613 	1
615 	1
617 	1
620 	1
621 	1
622 	1
624 	1
625 	1
626 	1
627 	1
629 	1
631 	1
632 	1
634 	1
635 	1
637 	1
639 	1
642 	1
643 	1
644 	1
646 	1
647 	1
648 	1
650 	1
651 	1
655 	1
657 	1
658 	1
659 	1
660 	1
662 	1
665 	1
666 	1
668 	1
669 	1
671 	1
675 	1
676 	1
679 	1
682 	1
685 	1
689 	1
690 	1
691 	1
694 	1
695 	1
696 	1
698 	1
703 	1
704 	1
705 	1
706 	1
710 	1
711 	1
713 	1
714 	1
717 	1
718 	1
719 	1
726 	1
729 	1
732 	1
733 	1
736 	1
738 	1
740 	1
741 	1
742 	1
746 	1
748 	1
750 	1
752 	1
753 	1
754 	1
755 	1
756 	1
757 	1
759 	1
760 	1
761 	1
762 	1
763 	1
768 	1
770 	1
772 	1
775 	1
777 	1
778 	1
783 	1
784 	1
789 	1
790 	1
791 	1
793 	1
795 	1
796 	1
797 	1
799 	1
800 	1
801 	1
803 	1
807 	1
812 	1
814 	1
815 	1
816 	1
818 	1
823 	1
824 	1
829 	1
830 	1
832 	1
834 	1
835 	1
838 	1
841 	1
842 	1
846 	1
847 	1
848 	1
850 	1
851 	1
854 	1
856 	1
859 	1
861 	1
862 	1
863 	1
865 	1
866 	1
867 	1
871 	1
872 	1
874 	1
875 	1
879 	1
882 	1
883 	1
884 	1
885 	1
886 	1
889 	1
890 	1
891 	1
892 	1
895 	1
896 	1
897 	1
899 	1
901 	1
902 	1
903 	1
904 	1
905 	1
906 	1
908 	1
909 	1
911 	1
912 	1
913 	1
914 	1
915 	1
918 	1
920 	1
922 	1
924 	1
930 	1
931 	1
934 	1
936 	1
938 	1
939 	1
942 	1
945 	1
947 	1
950 	1
951 	1
952 	1
953 	1
954 	1
957 	1
958 	1
959 	1
963 	1
964 	1
965 	1
968 	1
969 	1
971 	1
972 	1
974 	1
975 	1
977 	1
978 	1
980 	1
982 	1
985 	1
989 	1
990 	1
991 	1
995 	1
996 	1
997 	1
998 	1
999 	1
1002 	1
1003 	1
1004 	1
1005 	1
1006 	1
1007 	1
1010 	1
1011 	1
1014 	1
1017 	1
1021 	1
1022 	1
1023 	1
1024 	1
1027 	1
1028 	1
1029 	1
1030 	1
1031 	1
1035 	1
1037 	1
1039 	1
1040 	1
1041 	1
1043 	1
1045 	1
1048 	1
1052 	1
1053 	1
1054 	1
1055 	1
1057 	1
1059 	1
1060 	1
1061 	1
1063 	1
1064 	1
1067 	1
1068 	1
1070 	1
1072 	1
1075 	1
1077 	1
1079 	1
1080 	1
1081 	1
1082 	1
1086 	1
1087 	1
1088 	1
1089 	1
1092 	1
1093 	1
1094 	1
1096 	1
1097 	1
1100 	1
1101 	1
1103 	1
1104 	1
1105 	1
1106 	1
1108 	1
1109 	1
1112 	1
1114 	1
1115 	1
1116 	1
1118 	1
1119 	1
1120 	1
1122 	1
1124 	1
1125 	1
1127 	1
1130 	1
1131 	1
1132 	1
1133 	1
1134 	1
1136 	1
1141 	1
1143 	1
1144 	1
1145 	1
1146 	1
1147 	1
1148 	1
1149 	1
1150 	1
1155 	1
1158 	1
1159 	1
1160 	1
1161 	1
1164 	1
1165 	1
1166 	1
1169 	1
1171 	1
1172 	1
1176 	1
1179 	1
1182 	1
1184 	1
1185 	1
1187 	1
1191 	1
1195 	1
1197 	1
1198 	1
1199 	1
1201 	1
1202 	1
1203 	1
1204 	1
1205 	1
1209 	1
1212 	1
1213 	1
1215 	1
1218 	1
1219 	1
1221 	1
1225 	1
1227 	1
1228 	1
1229 	1
1234 	1
1236 	1
1238 	1
1241 	1
1245 	1
1246 	1
1247 	1
1251 	1
1254 	1
1255 	1
1256 	1
1257 	1
1259 	1
1260 	1
1262 	1
1263 	1
1264 	1
1265 	1
1267 	1
1268 	1
1272 	1
1273 	1
1274 	1
1275 	1
1276 	1
1277 	1
1279 	1
1281 	1
1284 	1
1285 	1
1287 	1
1288 	1
1289 	1
1291 	1
1293 	1
1294 	1
1301 	1
1302 	1
1307 	1
1310 	1
1312 	1
1318 	1
1319 	1
1321 	1
1322 	1
1324 	1
1332 	1
1333 	1
1334 	1
1336 	1
1338 	1
1340 	1
1347 	1
1348 	1
1349 	1
1350 	1
1352 	1
1357 	1
1358 	1
1359 	1
1360 	1
1362 	1
1364 	1
1365 	1
1366 	1
1367 	1
1371 	1
1372 	1
1374 	1
1376 	1
1377 	1
1380 	1
1383 	1
1386 	1
1387 	1
1390 	1
1392 	1
1395 	1
1397 	1
1398 	1
1399 	1
1401 	1
1403 	1
1404 	1
1406 	1
1407 	1
1408 	1
1410 	1
1413 	1
1414 	1
1415 	1
1417 	1
1418 	1
1422 	1
1426 	1
1427 	1
1428 	1
1432 	1
1435 	1
1436 	1
1437 	1
1438 	1
1441 	1
1442 	1
1443 	1
1444 	1
1446 	1
1447 	1
1451 	1
1452 	1
1456 	1
1457 	1
1458 	1
1461 	1
1462 	1
1463 	1
1464 	1
1466 	1
1467 	1
1469 	1
1470 	1
1471 	1
1472 	1
1473 	1
1476 	1
1477 	1
1480 	1
1481 	1
1487 	1
1488 	1
1490 	1
1493 	1
1498 	1
1499 	1
1502 	1
1506 	1
1507 	1
1508 	1
1516 	1
1517 	1
1518 	1
1519 	1
1522 	1
1523 	1
1524 	1
1525 	1
1526 	1
1527 	1
1528 	1
1530 	1
1531 	1
1534 	1
1536 	1
1537 	1
1539 	1
1540 	1
1543 	1
1545 	1
1546 	1
1547 	1
1548 	1
1549 	1
1550 	1
1552 	1
1555 	1
1558 	1
1560 	1
1562 	1
1563 	1
1565 	1
1568 	1
1569 	1
1570 	1
1572 	1
1574 	1
1575 	1
1579 	1
1580 	1
1581 	1
1582 	1
1585 	1
1588 	1
1590 	1
1591 	1
1592 	1
1593 	1
1594 	1
1596 	1
1599 	1
1601 	1
1602 	1
1604 	1
1606 	1
1607 	1
1610 	1
1611 	1
1612 	1
1619 	1
1620 	1
1621 	1
1622 	1
1625 	1
1627 	1
1630 	1
1634 	1
1635 	1
1636 	1
1637 	1
1640 	1
1641 	1
1643 	1
1645 	1
1649 	1
1650 	1
1652 	1
1654 	1
1655 	1
1657 	1
1659 	1
1661 	1
1663 	1
1664 	1
1665 	1
1666 	1
1667 	1
1668 	1
1669 	1
1670 	1
1671 	1
1672 	1
1675 	1
1678 	1
1680 	1
1686 	1
1687 	1
1688 	1
1691 	1
1693 	1
1694 	1
1696 	1
1701 	1
1703 	1
1704 	1
1705 	1
1708 	1
1711 	1
1712 	1
1713 	1
1714 	1
1715 	1
1716 	1
1718 	1
1720 	1
1721 	1
1722 	1
1724 	1
1728 	1
1729 	1
1734 	1
1735 	1
1737 	1
1738 	1
1739 	1
1741 	1
1743 	1
1746 	1
1756 	1
1759 	1
1760 	1
1761 	1
1762 	1
1763 	1
1764 	1
1766 	1
1767 	1
1768 	1
1769 	1
1773 	1
1774 	1
1778 	1
1780 	1
1785 	1
1786 	1
1788 	1
1790 	1
1791 	1
1804 	1
1805 	1
1808 	1
1809 	1
1811 	1
1815 	1
1817 	1
1819 	1
1820 	1
1821 	1
1822 	1
1826 	1
1827 	1
1829 	1
1830 	1
1832 	1
1833 	1
1835 	1
1836 	1
1838 	1
1843 	1
1844 	1
1845 	1
1846 	1
1849 	1
1851 	1
1855 	1
1856 	1
1857 	1
1858 	1
1861 	1
1862 	1
1864 	1
1865 	1
1866 	1
1868 	1
1870 	1
1872 	1
1875 	1
1880 	1
1882 	1
1885 	1
1886 	1
1890 	1
1894 	1
1895 	1
1897 	1
1898 	1
1899 	1
1900 	1
1908 	1
1909 	1
1911 	1
1912 	1
1915 	1
1916 	1
1920 	1
1921 	1
1922 	1
1924 	1
1925 	1
1927 	1
1928 	1
1930 	1
1932 	1
1933 	1
1937 	1
1940 	1
1941 	1
1943 	1
1946 	1
1949 	1
1952 	1
1953 	1
1954 	1
1955 	1
1957 	1
1959 	1
1961 	1
1962 	1
1965 	1
1966 	1
1971 	1
1972 	1
1974 	1
1975 	1
1976 	1
1979 	1
1980 	1
1983 	1
1985 	1
1986 	1
1987 	1
1988 	1
1989 	1
1990 	1
1991 	1
1996 	1
1997 	1
1998 	1
1999 	1
2000 	1
2001 	1
2002 	1
2003 	1
2005 	1
2007 	1
2009 	1
2017 	1
2018 	1
2019 	1
2022 	1
2026 	1
2029 	1
2030 	1
2033 	1
2034 	1
2036 	1
2040 	1
2043 	1
2047 	1
2050 	1
2054 	1
2055 	1
2057 	1
2060 	1
2062 	1
2063 	1
2064 	1
2070 	1
2072 	1
2075 	1
2077 	1
2079 	1
2081 	1
2082 	1
2085 	1
2086 	1
2087 	1
2088 	1
2089 	1
2090 	1
2091 	1
2093 	1
2099 	1
2100 	1
2101 	1
2102 	1
2107 	1
2108 	1
2110 	1
2111 	1
2112 	1
2113 	1
2117 	1
2118 	1
2119 	1
2122 	1
2125 	1
2127 	1
2129 	1
2131 	1
2132 	1
2137 	1
2141 	1
2142 	1
2143 	1
2149 	1
2151 	1
2152 	1
2153 	1
2156 	1
2157 	1
2158 	1
2159 	1
2167 	1
2169 	1
2174 	1
2176 	1
2179 	1
2181 	1
2182 	1
2184 	1
2185 	1
2186 	1
2188 	1
2189 	1
2190 	1
2192 	1
2194 	1
2197 	1
2198 	1
2204 	1
2205 	1
2206 	1
2207 	1
2208 	1
2210 	1
2211 	1
2213 	1
2215 	1
2219 	1
2223 	1
2224 	1
2226 	1
2227 	1
2233 	1
2239 	1
2241 	1
2242 	1
2245 	1
2247 	1
2249 	1
2252 	1
2253 	1
2259 	1
2260 	1
2264 	1
2265 	1
2266 	1
2267 	1
2273 	1
2279 	1
2280 	1
2284 	1
2285 	1
2287 	1
2288 	1
2289 	1
2290 	1
2292 	1
2293 	1
2295 	1
2296 	1
2299 	1
2301 	1
2302 	1
2303 	1
2306 	1
2309 	1
2311 	1
2313 	1
2315 	1
2317 	1
2320 	1
2321 	1
2323 	1
2324 	1
2325 	1
2328 	1
2332 	1
2333 	1
2334 	1
2335 	1
2336 	1
2338 	1
2339 	1
2340 	1
2341 	1
2343 	1
2344 	1
2350 	1
2351 	1
2352 	1
2353 	1
2354 	1
2355 	1
2356 	1
2358 	1
2360 	1
2362 	1
2364 	1
2368 	1
2370 	1
2372 	1
2375 	1
2376 	1
2380 	1
2383 	1
2384 	1
2385 	1
2387 	1
2392 	1
2393 	1
2398 	1
2399 	1
2400 	1
2401 	1
2404 	1
2405 	1
2406 	1
2408 	1
2410 	1
2412 	1
2414 	1
2415 	1
2417 	1
2418 	1
2420 	1
2421 	1
2422 	1
2423 	1
2424 	1
2425 	1
2427 	1
2433 	1
2435 	1
2436 	1
2437 	1
2438 	1
2444 	1
2445 	1
2447 	1
2451 	1
2453 	1
2455 	1
2456 	1
2457 	1
2460 	1
2461 	1
2462 	1
2463 	1
2467 	1
2469 	1
2470 	1
2475 	1
2479 	1
2480 	1
2482 	1
2483 	1
2484 	1
2485 	1
2487 	1
2488 	1
2489 	1
2490 	1
2495 	1
2497 	1
2498 	1
2499 	1
2503 	1
2504 	1
2505 	1
2507 	1
2509 	1
2512 	1
2514 	1
2516 	1
2517 	1
2519 	1
2522 	1
2523 	1
2524 	1
2526 	1
2527 	1
2529 	1
2531 	1
2536 	1
2538 	1
2540 	1
2541 	1
2542 	1
2543 	1
2548 	1
2551 	1
2553 	1
2557 	1
2559 	1
2561 	1
2562 	1
2563 	1
2564 	1
2565 	1
2567 	1
2568 	1
2569 	1
2570 	1
2572 	1
2574 	1
2575 	1
2576 	1
2578 	1
2579 	1
2581 	1
2583 	1
2585 	1
2587 	1
2588 	1
2590 	1
2591 	1
2592 	1
2595 	1
2598 	1
2599 	1
2602 	1
2610 	1
2611 	1
2614 	1
2621 	1
2622 	1
2623 	1
2626 	1
2628 	1
2631 	1
2633 	1
2640 	1
2641 	1
2643 	1
2647 	1
2650 	1
2653 	1
2657 	1
2658 	1
2660 	1
2661 	1
2663 	1
2664 	1
2668 	1
2669 	1
2670 	1
2673 	1
2674 	1
2676 	1
2678 	1
2679 	1
2682 	1
2686 	1
2687 	1
2690 	1
2691 	1
2693 	1
2695 	1
2699 	1
2700 	1
2706 	1
2707 	1
2710 	1
2711 	1
2713 	1
2714 	1
2716 	1
2717 	1
2718 	1
2723 	1
2724 	1
2727 	1
2732 	1
2734 	1
2735 	1
2738 	1
2741 	1
2742 	1
2743 	1
2745 	1
2748 	1
2749 	1
2750 	1
2752 	1
2754 	1
2756 	1
2758 	1
2760 	1
2761 	1
2763 	1
2765 	1
2766 	1
2771 	1
2773 	1
2775 	1
2776 	1
2778 	1
2782 	1
2784 	1
2785 	1
2786 	1
2787 	1
2790 	1
2793 	1
2795 	1
2800 	1
2801 	1
2802 	1
2804 	1
2807 	1
2809 	1
2810 	1
2812 	1
2813 	1
2816 	1
2817 	1
2819 	1
2821 	1
2824 	1
2825 	1
2828 	1
2829 	1
2835 	1
2838 	1
2842 	1
2843 	1
2844 	1
2845 	1
2848 	1
2853 	1
2855 	1
2856 	1
2859 	1
2861 	1
2862 	1
2863 	1
2864 	1
2866 	1
2867 	1
2868 	1
2870 	1
2871 	1
2874 	1
2875 	1
2877 	1
2878 	1
2879 	1
2880 	1
2881 	1
2882 	1
2884 	1
2887 	1
2890 	1
2893 	1
2894 	1
2895 	1
2897 	1
2899 	1
2900 	1
2904 	1
2905 	1
2907 	1
2909 	1
2910 	1
2913 	1
2914 	1
2915 	1
2916 	1
2917 	1
2918 	1
2919 	1
2920 	1
2921 	1
2922 	1
2930 	1
2931 	1
2932 	1
2935 	1
2936 	1
2937 	1
2940 	1
2942 	1
2944 	1
2948 	1
2949 	1
2954 	1
2955 	1
2958 	1
2959 	1
2960 	1
2963 	1
2966 	1
2967 	1
2969 	1
2972 	1
2973 	1
2974 	1
2975 	1
2976 	1
2977 	1
2978 	1
2979 	1
2982 	1
2983 	1
2986 	1
2987 	1
2988 	1
2989 	1
2992 	1
2993 	1
2995 	1
2996 	1
2999 	1
3000 	1
3001 	1
3002 	1
3006 	1
3008 	1
3011 	1
3012 	1
3014 	1
3015 	1
3016 	1
3018 	1
3019 	1
3020 	1
3022 	1
3023 	1
3026 	1
3027 	1
3030 	1
3031 	1
3034 	1
3036 	1
3037 	1
3038 	1
3039 	1
3040 	1
3042 	1
3044 	1
3045 	1
3046 	1
3047 	1
3049 	1
3052 	1
3056 	1
3058 	1
3060 	1
3061 	1
3062 	1
3063 	1
3067 	1
3068 	1
3072 	1
3073 	1
3074 	1
3075 	1
3076 	1
3078 	1
3080 	1
3082 	1
3083 	1
3084 	1
3085 	1
3089 	1
3090 	1
3092 	1
3096 	1
3098 	1
3100 	1
3101 	1
3102 	1
3103 	1
3105 	1
3106 	1
3107 	1
3108 	1
3109 	1
3110 	1
3111 	1
3116 	1
3118 	1
3123 	1
3127 	1
3129 	1
3138 	1
3139 	1
3140 	1
3141 	1
3143 	1
3144 	1
3145 	1
3146 	1
3147 	1
3148 	1
3149 	1
3151 	1
3152 	1
3153 	1
3156 	1
3157 	1
3158 	1
3160 	1
3162 	1
3163 	1
3164 	1
3165 	1
3167 	1
3169 	1
3171 	1
3173 	1
3174 	1
3175 	1
3176 	1
3179 	1
3180 	1
3181 	1
3182 	1
3184 	1
3185 	1
3187 	1
3188 	1
3193 	1
3196 	1
3198 	1
3201 	1
3202 	1
3203 	1
3204 	1
3205 	1
3209 	1
3210 	1
3211 	1
3214 	1
3215 	1
3216 	1
3219 	1
3220 	1
3221 	1
3225 	1
3227 	1
3229 	1
3231 	1
3234 	1
3237 	1
3239 	1
3240 	1
3242 	1
3243 	1
3244 	1
3245 	1
3246 	1
3249 	1
3251 	1
3252 	1
3259 	1
3262 	1
3265 	1
3266 	1
3268 	1
3269 	1
3270 	1
3271 	1
3273 	1
3274 	1
3276 	1
3277 	1
3278 	1
3279 	1
3280 	1
3284 	1
3287 	1
3289 	1
3291 	1
3292 	1
3293 	1
3295 	1
3297 	1
3298 	1
3300 	1
3301 	1
3302 	1
3304 	1
3306 	1
3312 	1
3313 	1
3315 	1
3318 	1
3319 	1
3320 	1
3323 	1
3324 	1
3327 	1
3329 	1
3330 	1
3331 	1
3332 	1
3334 	1
3336 	1
3337 	1
3340 	1
3341 	1
3345 	1
3346 	1
3348 	1
3349 	1
3352 	1
3353 	1
3354 	1
3356 	1
3357 	1
3363 	1
3366 	1
3367 	1
3370 	1
3373 	1
3376 	1
3377 	1
3378 	1
3380 	1
3382 	1
3385 	1
3388 	1
3390 	1
3394 	1
3395 	1
3396 	1
3399 	1
3404 	1
3405 	1
3406 	1
3407 	1
3408 	1
3410 	1
3414 	1
3415 	1
3417 	1
3418 	1
3419 	1
3420 	1
3426 	1
3428 	1
3432 	1
3434 	1
3437 	1
3438 	1
3439 	1
3442 	1
3447 	1
3448 	1
3450 	1
3452 	1
3454 	1
3455 	1
3456 	1
3457 	1
3459 	1
3460 	1
3462 	1
3469 	1
3474 	1
3477 	1
3478 	1
3481 	1
3484 	1
3486 	1
3487 	1
3490 	1
3497 	1
3499 	1
3502 	1
3504 	1
3505 	1
3507 	1
3508 	1
3510 	1
3513 	1
3514 	1
3516 	1
3519 	1
3521 	1
3523 	1
3526 	1
3527 	1
3531 	1
3532 	1
3534 	1
3535 	1
3539 	1
3541 	1
3544 	1
3546 	1
3547 	1
3548 	1
3550 	1
3551 	1
3552 	1
3557 	1
3558 	1
3562 	1
3564 	1
3565 	1
3566 	1
3567 	1
3570 	1
3572 	1
3573 	1
3577 	1
3579 	1
3581 	1
3582 	1
3583 	1
3584 	1
3585 	1
3586 	1
3590 	1
3591 	1
3593 	1
3594 	1
3604 	1
3606 	1
3612 	1
3613 	1
3616 	1
3617 	1
3619 	1
3622 	1
3623 	1
3625 	1
3627 	1
3628 	1
3630 	1
3631 	1
3635 	1
3636 	1
3639 	1
3643 	1
3645 	1
3647 	1
3648 	1
3651 	1
3652 	1
3653 	1
3654 	1
3657 	1
3658 	1
3659 	1
3660 	1
3662 	1
3664 	1
3665 	1
3667 	1
3669 	1
3670 	1
3673 	1
3677 	1
3678 	1
3679 	1
3683 	1
3684 	1
3687 	1
3691 	1
3692 	1
3695 	1
3696 	1
3697 	1
3699 	1
3701 	1
3702 	1
3703 	1
3704 	1
3705 	1
3707 	1
3711 	1
3713 	1
3715 	1
3717 	1
3720 	1
3721 	1
3723 	1
3727 	1
3728 	1
3729 	1
3730 	1
3734 	1
3735 	1
3736 	1
3740 	1
3741 	1
3742 	1
3745 	1
3747 	1
3748 	1
3750 	1
3751 	1
3755 	1
3756 	1
3759 	1
3760 	1
3761 	1
3762 	1
3763 	1
3766 	1
3769 	1
3770 	1
3771 	1
3773 	1
3777 	1
3779 	1
3780 	1
3784 	1
3785 	1
3787 	1
3790 	1
3793 	1
3795 	1
3798 	1
3800 	1
3805 	1
3806 	1
3808 	1
3810 	1
3812 	1
3813 	1
3814 	1
3815 	1
3817 	1
3818 	1
3819 	1
3820 	1
3822 	1
3826 	1
3827 	1
3829 	1
3831 	1
3834 	1
3835 	1
3837 	1
3838 	1
3840 	1
3841 	1
3842 	1
3843 	1
3845 	1
3848 	1
3851 	1
3853 	1
3854 	1
3855 	1
3856 	1
3858 	1
3859 	1
3861 	1
3862 	1
3863 	1
3865 	1
3866 	1
3867 	1
3868 	1
3871 	1
3872 	1
3873 	1
3876 	1
3877 	1
3878 	1
3879 	1
3881 	1
3883 	1
3884 	1
3887 	1
3888 	1
3890 	1
3891 	1
3892 	1
3896 	1
3897 	1
3899 	1
3903 	1
3904 	1
3905 	1
3906 	1
3907 	1
3908 	1
3909 	1
3910 	1
3916 	1
3917 	1
3920 	1
3922 	1
3925 	1
3926 	1
3927 	1
3929 	1
3930 	1
3932 	1
3935 	1
3938 	1
3940 	1
3942 	1
3944 	1
3947 	1
3953 	1
3956 	1
3957 	1
3958 	1
3959 	1
3960 	1
3965 	1
3972 	1
3975 	1
3977 	1
3978 	1
3981 	1
3982 	1
3984 	1
3986 	1
3988 	1
3989 	1
3990 	1
3996 	1
3997 	1
3999 	1
4001 	1
4005 	1
4006 	1
4007 	1
4015 	1
4017 	1
4018 	1
4019 	1
4023 	1
4024 	1
4027 	1
4028 	1
4029 	1
4030 	1
4031 	1
4033 	1
4036 	1
4038 	1
4040 	1
4042 	1
4044 	1
4047 	1
4050 	1
4052 	1
4053 	1
4054 	1
4058 	1
4059 	1
4066 	1
4070 	1
4073 	1
4075 	1
4076 	1
4078 	1
4079 	1
4081 	1
4082 	1
4084 	1
4087 	1
4090 	1
4093 	1
4094 	1
4095 	1
4099 	1
4100 	1
4101 	1
4105 	1
4106 	1
4107 	1
4108 	1
4109 	1
4111 	1
4116 	1
4117 	1
4118 	1
4124 	1
4126 	1
4127 	1
4128 	1
4129 	1
4131 	1
4132 	1
4133 	1
4134 	1
4137 	1
4139 	1
4140 	1
4143 	1
4147 	1
4148 	1
4149 	1
4151 	1
4153 	1
4154 	1
4155 	1
4156 	1
4157 	1
4158 	1
4159 	1
4162 	1
4163 	1
4164 	1
4165 	1
4166 	1
4168 	1
4169 	1
4172 	1
4173 	1
4175 	1
4177 	1
4178 	1
4181 	1
4183 	1
4184 	1
4185 	1
4188 	1
4190 	1
4192 	1
4193 	1
4199 	1
4200 	1
4203 	1
4204 	1
4207 	1
4211 	1
4214 	1
4215 	1
4217 	1
4219 	1
4220 	1
4222 	1
4223 	1
4224 	1
4226 	1
4228 	1
4231 	1
4234 	1
4236 	1
4239 	1
4240 	1
4243 	1
4245 	1
4246 	1
4247 	1
4248 	1
4249 	1
4250 	1
4251 	1
4252 	1
4254 	1
4258 	1
4261 	1
4263 	1
4268 	1
4270 	1
4272 	1
4277 	1
4278 	1
4279 	1
4280 	1
4287 	1
4288 	1
4290 	1
4291 	1
4298 	1
4302 	1
4306 	1
4307 	1
4308 	1
4309 	1
4310 	1
4311 	1
4317 	1
4318 	1
4319 	1
4321 	1
4322 	1
4327 	1
4328 	1
4329 	1
4331 	1
4332 	1
4333 	1
4335 	1
4341 	1
4343 	1
4347 	1
4349 	1
4351 	1
4352 	1
4353 	1
4354 	1
4355 	1
4356 	1
4359 	1
4360 	1
4361 	1
4362 	1
4364 	1
4366 	1
4368 	1
4371 	1
4374 	1
4376 	1
4377 	1
4378 	1
4379 	1
4384 	1
4389 	1
4393 	1
4396 	1
4398 	1
4399 	1
4405 	1
4406 	1
4407 	1
4412 	1
4415 	1
4416 	1
4417 	1
4419 	1
4420 	1
4421 	1
4423 	1
4426 	1
4427 	1
4429 	1
4430 	1
4431 	1
4432 	1
4433 	1
4434 	1
4437 	1
4438 	1
4439 	1
4440 	1
4444 	1
4445 	1
4447 	1
4448 	1
4449 	1
4452 	1
4454 	1
4455 	1
4456 	1
4459 	1
4461 	1
4467 	1
4468 	1
4470 	1
4471 	1
4473 	1
4474 	1
4475 	1
4477 	1
4479 	1
4481 	1
4482 	1
4484 	1
4485 	1
4486 	1
4487 	1
4489 	1
4490 	1
4491 	1
4495 	1
4496 	1
4498 	1
4499 	1
4502 	1
4503 	1
4504 	1
4506 	1
4507 	1
4510 	1
4511 	1
4512 	1
4513 	1
4514 	1
4516 	1
4517 	1
4519 	1
4520 	1
4522 	1
4524 	1
4527 	1
4528 	1
4529 	1
4531 	1
4535 	1
4536 	1
4538 	1
4541 	1
4544 	1
4545 	1
4550 	1
4553 	1
4559 	1
4560 	1
4564 	1
4568 	1
4569 	1
4570 	1
4572 	1
4574 	1
4575 	1
4577 	1
4580 	1
4581 	1
4584 	1
4585 	1
4587 	1
4588 	1
4589 	1
4590 	1
4593 	1
4597 	1
4599 	1
4603 	1
4607 	1
4608 	1
4611 	1
4612 	1
4616 	1
4617 	1
4618 	1
4619 	1
4620 	1
4624 	1
4627 	1
4629 	1
4630 	1
4631 	1
4632 	1
4633 	1
4634 	1
4636 	1
4640 	1
4642 	1
4643 	1
4644 	1
4646 	1
4649 	1
4652 	1
4653 	1
4655 	1
4657 	1
4658 	1
4659 	1
4660 	1
4662 	1
4665 	1
4666 	1
4667 	1
4668 	1
4670 	1
4671 	1
4672 	1
4673 	1
4674 	1
4675 	1
4678 	1
4681 	1
4684 	1
4685 	1
4688 	1
4692 	1
4693 	1
4697 	1
4698 	1
4699 	1
4700 	1
4703 	1
4706 	1
4709 	1
4710 	1
4716 	1
4717 	1
4719 	1
4720 	1
4721 	1
4723 	1
4724 	1
4726 	1
4727 	1
4728 	1
4735 	1
4737 	1
4738 	1
4740 	1
4741 	1
4742 	1
4744 	1
4746 	1
4748 	1
4749 	1
4751 	1
4752 	1
4753 	1
4754 	1
4758 	1
4759 	1
4760 	1
4761 	1
4762 	1
4764 	1
4765 	1
4769 	1
4771 	1
4773 	1
4775 	1
4777 	1
4778 	1
4779 	1
4780 	1
4781 	1
4782 	1
4784 	1
4786 	1
4787 	1
4788 	1
4790 	1
4791 	1
4795 	1
4797 	1
4801 	1
4804 	1
4805 	1
4806 	1
4809 	1
4810 	1
4811 	1
4812 	1
4813 	1
4815 	1
4817 	1
4821 	1
4822 	1
4825 	1
4828 	1
4831 	1
4833 	1
4834 	1
4836 	1
4837 	1
4839 	1
4840 	1
4842 	1
4843 	1
4847 	1
4848 	1
4849 	1
4850 	1
4852 	1
4854 	1
4855 	1
4856 	1
4857 	1
4858 	1
4859 	1
4868 	1
4871 	1
4872 	1
4873 	1
4875 	1
4876 	1
4881 	1
4882 	1
4884 	1
4885 	1
4886 	1
4887 	1
4889 	1
4891 	1
4892 	1
4896 	1
4897 	1
4904 	1
4905 	1
4908 	1
4910 	1
4911 	1
4913 	1
4916 	1
4918 	1
4923 	1
4927 	1
4929 	1
4930 	1
4932 	1
4934 	1
4939 	1
4942 	1
4944 	1
4945 	1
4946 	1
4947 	1
4948 	1
4952 	1
4953 	1
4954 	1
4955 	1
4956 	1
4958 	1
4961 	1
4962 	1
4964 	1
4967 	1
4969 	1
4980 	1
4982 	1
4983 	1
4984 	1
4985 	1
4988 	1
4990 	1
4992 	1
4994 	1
4997 	1
5000 	1
5001 	1
5004 	1
5005 	1
5006 	1
5007 	1
5009 	1
5010 	1
5011 	1
5012 	1
5018 	1
5020 	1
5025 	1
5026 	1
5027 	1
5028 	1
5033 	1
5037 	1
5040 	1
5045 	1
5046 	1
5048 	1
5049 	1
5050 	1
5051 	1
5055 	1
5056 	1
5057 	1
5058 	1
5061 	1
5063 	1
5064 	1
5065 	1
5066 	1
5067 	1
5068 	1
5071 	1
5073 	1
5075 	1
5076 	1
5077 	1
5080 	1
5081 	1
5083 	1
5084 	1
5085 	1
5086 	1
5087 	1
5089 	1
5091 	1
5092 	1
5094 	1
5096 	1
5097 	1
5098 	1
5100 	1
5104 	1
5105 	1
5108 	1
5109 	1
5110 	1
5113 	1
5115 	1
5116 	1
5117 	1
5119 	1
5120 	1
5121 	1
5124 	1
5127 	1
5128 	1
5130 	1
5133 	1
5135 	1
5137 	1
5140 	1
5141 	1
5142 	1
5144 	1
5146 	1
5148 	1
5149 	1
5150 	1
5151 	1
5152 	1
5154 	1
5155 	1
5156 	1
5157 	1
5158 	1
5162 	1
5164 	1
5165 	1
5168 	1
5169 	1
5170 	1
5172 	1
5173 	1
5175 	1
5176 	1
5177 	1
5180 	1
5183 	1
5184 	1
5185 	1
5187 	1
5188 	1
5191 	1
5192 	1
5193 	1
5195 	1
5196 	1
5200 	1
5201 	1
5202 	1
5205 	1
5206 	1
5210 	1
5211 	1
5213 	1
5215 	1
5216 	1
5217 	1
5219 	1
5222 	1
5224 	1
5227 	1
5228 	1
5230 	1
5232 	1
5233 	1
5239 	1
5240 	1
5242 	1
5245 	1
5247 	1
5248 	1
5250 	1
5251 	1
5252 	1
5253 	1
5256 	1
5258 	1
5259 	1
5261 	1
5262 	1
5264 	1
5269 	1
5271 	1
5273 	1
5279 	1
5281 	1
5282 	1
5285 	1
5287 	1
5288 	1
5291 	1
5293 	1
5294 	1
5296 	1
5298 	1
5300 	1
5301 	1
5304 	1
5305 	1
5307 	1
5309 	1
5310 	1
5315 	1
5316 	1
5318 	1
5320 	1
5321 	1
5322 	1
5325 	1
5330 	1
5333 	1
5334 	1
5336 	1
5340 	1
5341 	1
5344 	1
5347 	1
5348 	1
5349 	1
5351 	1
5352 	1
5354 	1
5357 	1
5358 	1
5359 	1
5360 	1
5362 	1
5364 	1
5365 	1
5367 	1
5371 	1
5374 	1
5376 	1
5380 	1
5382 	1
5386 	1
5387 	1
5390 	1
5392 	1
5393 	1
5394 	1
5398 	1
5399 	1
5400 	1
5405 	1
5406 	1
5408 	1
5410 	1
5412 	1
5413 	1
5416 	1
5418 	1
5421 	1
5422 	1
5423 	1
5428 	1
5431 	1
5433 	1
5434 	1
5436 	1
5438 	1
5439 	1
5441 	1
5443 	1
5446 	1
5450 	1
5453 	1
5454 	1
5456 	1
5461 	1
5462 	1
5463 	1
5464 	1
5468 	1
5469 	1
5470 	1
5473 	1
5475 	1
5476 	1
5477 	1
5478 	1
5481 	1
5487 	1
5490 	1
5492 	1
5496 	1
5497 	1
5499 	1
5500 	1
5504 	1
5507 	1
5509 	1
5511 	1
5512 	1
5515 	1
5517 	1
5518 	1
5519 	1
5520 	1
5521 	1
5522 	1
5523 	1
5524 	1
5525 	1
5526 	1
5528 	1
5530 	1
5532 	1
5533 	1
5534 	1
5537 	1
5538 	1
5542 	1
5544 	1
5550 	1
5553 	1
5554 	1
5556 	1
5557 	1
5560 	1
5561 	1
5562 	1
5563 	1
5564 	1
5566 	1
5567 	1
5568 	1
5569 	1
5571 	1
5575 	1
5586 	1
5588 	1
5591 	1
5593 	1
5594 	1
5599 	1
5600 	1
5601 	1
5603 	1
5606 	1
5607 	1
5608 	1
5611 	1
5614 	1
5615 	1
5616 	1
5618 	1
5620 	1
5622 	1
5628 	1
5630 	1
5631 	1
5633 	1
5634 	1
5635 	1
5638 	1
5640 	1
5642 	1
5647 	1
5651 	1
5652 	1
5654 	1
5658 	1
5660 	1
5668 	1
5669 	1
5673 	1
5674 	1
5675 	1
5679 	1
5682 	1
5684 	1
5685 	1
5686 	1
5687 	1
5688 	1
5689 	1
5692 	1
5694 	1
5696 	1
5697 	1
5700 	1
5704 	1
5708 	1
5709 	1
5710 	1
5711 	1
5712 	1
5714 	1
5715 	1
5716 	1
5717 	1
5719 	1
5721 	1
5723 	1
5724 	1
5725 	1
5727 	1
5728 	1
5729 	1
5730 	1
5731 	1
5732 	1
5737 	1
5746 	1
5749 	1
5750 	1
5754 	1
5758 	1
5761 	1
5762 	1
5765 	1
5768 	1
5770 	1
5772 	1
5774 	1
5777 	1
5779 	1
5781 	1
5782 	1
5783 	1
5785 	1
5787 	1
5789 	1
5791 	1
5793 	1
5794 	1
5795 	1
5798 	1
5799 	1
5802 	1
5803 	1
5804 	1
5806 	1
5808 	1
5809 	1
5810 	1
5812 	1
5816 	1
5817 	1
5818 	1
5819 	1
5825 	1
5826 	1
5827 	1
5834 	1
5835 	1
5836 	1
5838 	1
5839 	1
5840 	1
5841 	1
5843 	1
5845 	1
5846 	1
5847 	1
5848 	1
5849 	1
5852 	1
5853 	1
5854 	1
5855 	1
5857 	1
5859 	1
5860 	1
5861 	1
5862 	1
5863 	1
5864 	1
5865 	1
5866 	1
5868 	1
5870 	1
5871 	1
5874 	1
5875 	1
5876 	1
5877 	1
5879 	1
5880 	1
5881 	1
5882 	1
5886 	1
5889 	1
5892 	1
5893 	1
5896 	1
5898 	1
5899 	1
5901 	1
5903 	1
5905 	1
5908 	1
5914 	1
5916 	1
5917 	1
5919 	1
5920 	1
5922 	1
5923 	1
5926 	1
5927 	1
5928 	1
5929 	1
5933 	1
5935 	1
5937 	1
5939 	1
5940 	1
5943 	1
5945 	1
5946 	1
5948 	1
5949 	1
5950 	1
5951 	1
5953 	1
5955 	1
5957 	1
5958 	1
5959 	1
5960 	1
5961 	1
5962 	1
5963 	1
5964 	1
5965 	1
5966 	1
5967 	1
5968 	1
5969 	1
5970 	1
5972 	1
5973 	1
5974 	1
5976 	1
5980 	1
5981 	1
5982 	1
5986 	1
5988 	1
5995 	1
5997 	1
5998 	1
6001 	1
6002 	1
6003 	1
6004 	1
6005 	1
6006 	1
6008 	1
6012 	1
6013 	1
6017 	1
6018 	1
6019 	1
6023 	1
6024 	1
6030 	1
6033 	1
6034 	1
6035 	1
6036 	1
6039 	1
6040 	1
6043 	1
6044 	1
6049 	1
6053 	1
6054 	1
6055 	1
6057 	1
6059 	1
6060 	1
6064 	1
6065 	1
6066 	1
6067 	1
6068 	1
6070 	1
6075 	1
6077 	1
6078 	1
6081 	1
6082 	1
6084 	1
6085 	1
6087 	1
6088 	1
6091 	1
6094 	1
6095 	1
6099 	1
6100 	1
6104 	1
6106 	1
6108 	1
6109 	1
6112 	1
6113 	1
6114 	1
6115 	1
6117 	1
6118 	1
6123 	1
6124 	1
6127 	1
6128 	1
6131 	1
6132 	1
6133 	1
6134 	1
6136 	1
6137 	1
6138 	1
6139 	1
6140 	1
6142 	1
6144 	1
6145 	1
6146 	1
6148 	1
6149 	1
6150 	1
6152 	1
6154 	1
6155 	1
6157 	1
6159 	1
6160 	1
6163 	1
6164 	1
6165 	1
6167 	1
6168 	1
6172 	1
6175 	1
6177 	1
6181 	1
6182 	1
6183 	1
6184 	1
6188 	1
6189 	1
6190 	1
6192 	1
6193 	1
6195 	1
6196 	1
6198 	1
6199 	1
6201 	1
6202 	1
6205 	1
6207 	1
6209 	1
6210 	1
6211 	1
6212 	1
6214 	1
6215 	1
6217 	1
6223 	1
6225 	1
6228 	1
6231 	1
6233 	1
6234 	1
6235 	1
6236 	1
6237 	1
6241 	1
6242 	1
6244 	1
6245 	1
6246 	1
6247 	1
6251 	1
6254 	1
6257 	1
6259 	1
6260 	1
6263 	1
6267 	1
6268 	1
6271 	1
6274 	1
6279 	1
6280 	1
6283 	1
6284 	1
6285 	1
6287 	1
6289 	1
6290 	1
6292 	1
6293 	1
6298 	1
6300 	1
6302 	1
6303 	1
6304 	1
6305 	1
6307 	1
6310 	1
6311 	1
6313 	1
6315 	1
6317 	1
6319 	1
6322 	1
6323 	1
6327 	1
6328 	1
6329 	1
6331 	1
6334 	1
6337 	1
6341 	1
6343 	1
6344 	1
6345 	1
6347 	1
6351 	1
6352 	1
6361 	1
6363 	1
6364 	1
6365 	1
6366 	1
6368 	1
6369 	1
6371 	1
6372 	1
6373 	1
6376 	1
6378 	1
6379 	1
6380 	1
6381 	1
6385 	1
6386 	1
6387 	1
6389 	1
6395 	1
6396 	1
6397 	1
6398 	1
6399 	1
6402 	1
6403 	1
6404 	1
6405 	1
6406 	1
6409 	1
6413 	1
6414 	1
6417 	1
6422 	1
6424 	1
6427 	1
6431 	1
6433 	1
6436 	1
6437 	1
6438 	1
6439 	1
6440 	1
6441 	1
6442 	1
6443 	1
6445 	1
6446 	1
6447 	1
6449 	1
6450 	1
6451 	1
6452 	1
6453 	1
6454 	1
6455 	1
6456 	1
6457 	1
6461 	1
6462 	1
6465 	1
6466 	1
6468 	1
6469 	1
6470 	1
6472 	1
6475 	1
6476 	1
6477 	1
6479 	1
6480 	1
6481 	1
6482 	1
6483 	1
6484 	1
6485 	1
6486 	1
6487 	1
6489 	1
6490 	1
6491 	1
6492 	1
6494 	1
6495 	1
6497 	1
6501 	1
6503 	1
6505 	1
6506 	1
6508 	1
6512 	1
6514 	1
6515 	1
6522 	1
6524 	1
6525 	1
6527 	1
6531 	1
6532 	1
6538 	1
6541 	1
6548 	1
6549 	1
6552 	1
6553 	1
6554 	1
6555 	1
6556 	1
6557 	1
6558 	1
6560 	1
6561 	1
6563 	1
6565 	1
6566 	1
6567 	1
6568 	1
6569 	1
6572 	1
6574 	1
6577 	1
6578 	1
6580 	1
6581 	1
6583 	1
6586 	1
6589 	1
6591 	1
6592 	1
6593 	1
6595 	1
6596 	1
6599 	1
6600 	1
6601 	1
6603 	1
6604 	1
6618 	1
6619 	1
6621 	1
6624 	1
6625 	1
6628 	1
6629 	1
6630 	1
6632 	1
6633 	1
6634 	1
6635 	1
6636 	1
6637 	1
6638 	1
6639 	1
6641 	1
6644 	1
6645 	1
6646 	1
6650 	1
6651 	1
6652 	1
6653 	1
6654 	1
6655 	1
6657 	1
6660 	1
6661 	1
6664 	1
6665 	1
6666 	1
6668 	1
6669 	1
6671 	1
6672 	1
6674 	1
6678 	1
6680 	1
6685 	1
6686 	1
6691 	1
6693 	1
6694 	1
6696 	1
6698 	1
6699 	1
6701 	1
6702 	1
6703 	1
6706 	1
6707 	1
6708 	1
6709 	1
6710 	1
6712 	1
6714 	1
6715 	1
6716 	1
6718 	1
6721 	1
6722 	1
6729 	1
6731 	1
6736 	1
6737 	1
6738 	1
6741 	1
6744 	1
6746 	1
6747 	1
6748 	1
6749 	1
6750 	1
6751 	1
6756 	1
6757 	1
6758 	1
6759 	1
6760 	1
6761 	1
6762 	1
6767 	1
6769 	1
6770 	1
6772 	1
6773 	1
6774 	1
6775 	1
6776 	1
6778 	1
6780 	1
6783 	1
6785 	1
6786 	1
6789 	1
6791 	1
6792 	1
6795 	1
6796 	1
6797 	1
6798 	1
6799 	1
6800 	1
6802 	1
6806 	1
6807 	1
6809 	1
6810 	1
6811 	1
6812 	1
6813 	1
6815 	1
6816 	1
6817 	1
6818 	1
6819 	1
6820 	1
6827 	1
6830 	1
6831 	1
6835 	1
6836 	1
6838 	1
6840 	1
6843 	1
6844 	1
6845 	1
6847 	1
6848 	1
6850 	1
6851 	1
6854 	1
6855 	1
6856 	1
6858 	1
6861 	1
6862 	1
6866 	1
6867 	1
6868 	1
6870 	1
6871 	1
6872 	1
6876 	1
6879 	1
6880 	1
6881 	1
6882 	1
6883 	1
6884 	1
6886 	1
6887 	1
6888 	1
6890 	1
6892 	1
6893 	1
6895 	1
6896 	1
6897 	1
6898 	1
6899 	1
6900 	1
6902 	1
6906 	1
6909 	1
6916 	1
6919 	1
6920 	1
6923 	1
6928 	1
6929 	1
6933 	1
6934 	1
6937 	1
6938 	1
6942 	1
6944 	1
6945 	1
6947 	1
6950 	1
6958 	1
6959 	1
6961 	1
6962 	1
6964 	1
6967 	1
6968 	1
6970 	1
6971 	1
6974 	1
6979 	1
6980 	1
6982 	1
6983 	1
6986 	1
6987 	1
6988 	1
6989 	1
6990 	1
6992 	1
6999 	1
7000 	1
7001 	1
7003 	1
7005 	1
7006 	1
7007 	1
7008 	1
7009 	1
7010 	1
7011 	1
7013 	1
7016 	1
7017 	1
7018 	1
7019 	1
7023 	1
7029 	1
7030 	1
7032 	1
7036 	1
7037 	1
7039 	1
7043 	1
7047 	1
7048 	1
7054 	1
7056 	1
7057 	1
7059 	1
7061 	1
7062 	1
7063 	1
7064 	1
7066 	1
7067 	1
7068 	1
7069 	1
7071 	1
7073 	1
7074 	1
7075 	1
7076 	1
7077 	1
7078 	1
7081 	1
7082 	1
7083 	1
7085 	1
7086 	1
7087 	1
7088 	1
7091 	1
7092 	1
7094 	1
7098 	1
7099 	1
7105 	1
7106 	1
7107 	1
7109 	1
7113 	1
7114 	1
7115 	1
7116 	1
7118 	1
7119 	1
7120 	1
7124 	1
7126 	1
7127 	1
7128 	1
7130 	1
7132 	1
7133 	1
7134 	1
7139 	1
7140 	1
7142 	1
7144 	1
7145 	1
7146 	1
7147 	1
7148 	1
7151 	1
7157 	1
7158 	1
7160 	1
7161 	1
7165 	1
7166 	1
7169 	1
7171 	1
7173 	1
7175 	1
7176 	1
7177 	1
7182 	1
7189 	1
7192 	1
7194 	1
7196 	1
7199 	1
7200 	1
7203 	1
7204 	1
7208 	1
7209 	1
7210 	1
7213 	1
7215 	1
7218 	1
7219 	1
7220 	1
7221 	1
7223 	1
7224 	1
7226 	1
7233 	1
7238 	1
7239 	1
7240 	1
7242 	1
7243 	1
7244 	1
7245 	1
7251 	1
7253 	1
7255 	1
7257 	1
7258 	1
7261 	1
7266 	1
7268 	1
7270 	1
7271 	1
7272 	1
7273 	1
7274 	1
7277 	1
7279 	1
7285 	1
7286 	1
7288 	1
7290 	1
7292 	1
7294 	1
7296 	1
7298 	1
7300 	1
7301 	1
7303 	1
7306 	1
7308 	1
7310 	1
7311 	1
7313 	1
7314 	1
7317 	1
7319 	1
7320 	1
7321 	1
7322 	1
7323 	1
7324 	1
7325 	1
7326 	1
7328 	1
7329 	1
7331 	1
7332 	1
7333 	1
7338 	1
7340 	1
7344 	1
7345 	1
7346 	1
7348 	1
7349 	1
7350 	1
7352 	1
7353 	1
7355 	1
7356 	1
7357 	1
7360 	1
7363 	1
7368 	1
7372 	1
7374 	1
7376 	1
7380 	1
7382 	1
7384 	1
7385 	1
7386 	1
7388 	1
7389 	1
7390 	1
7391 	1
7392 	1
7393 	1
7394 	1
7395 	1
7396 	1
7397 	1
7400 	1
7401 	1
7404 	1
7405 	1
7406 	1
7407 	1
7408 	1
7410 	1
7412 	1
7413 	1
7414 	1
7415 	1
7418 	1
7419 	1
7420 	1
7421 	1
7426 	1
7427 	1
7428 	1
7431 	1
7434 	1
7435 	1
7440 	1
7441 	1
7442 	1
7444 	1
7447 	1
7449 	1
7451 	1
7454 	1
7455 	1
7457 	1
7460 	1
7462 	1
7463 	1
7465 	1
7470 	1
7472 	1
7475 	1
7476 	1
7479 	1
7481 	1
7482 	1
7485 	1
7486 	1
7488 	1
7491 	1
7494 	1
7498 	1
7500 	1
7501 	1
7502 	1
7506 	1
7514 	1
7515 	1
7517 	1
7520 	1
7521 	1
7523 	1
7524 	1
7525 	1
7526 	1
7529 	1
7530 	1
7535 	1
7539 	1
7540 	1
7541 	1
7542 	1
7544 	1
7549 	1
7554 	1
7557 	1
7558 	1
7563 	1
7564 	1
7567 	1
7569 	1
7570 	1
7572 	1
7573 	1
7574 	1
7576 	1
7578 	1
7579 	1
7580 	1
7581 	1
7586 	1
7587 	1
7588 	1
7589 	1
7593 	1
7594 	1
7598 	1
7601 	1
7603 	1
7604 	1
7605 	1
7607 	1
7609 	1
7610 	1
7612 	1
7616 	1
7617 	1
7619 	1
7621 	1
7622 	1
7624 	1
7627 	1
7628 	1
7636 	1
7637 	1
7638 	1
7639 	1
7640 	1
7641 	1
7642 	1
7645 	1
7646 	1
7647 	1
7650 	1
7655 	1
7658 	1
7659 	1
7660 	1
7666 	1
7667 	1
7669 	1
7671 	1
7673 	1
7674 	1
7676 	1
7677 	1
7678 	1
7679 	1
7680 	1
7683 	1
7686 	1
7687 	1
7689 	1
7692 	1
7694 	1
7695 	1
7696 	1
7698 	1
7699 	1
7700 	1
7704 	1
7705 	1
7707 	1
7708 	1
7709 	1
7710 	1
7711 	1
7712 	1
7716 	1
7718 	1
7722 	1
7723 	1
7724 	1
7726 	1
7727 	1
7728 	1
7729 	1
7730 	1
7732 	1
7734 	1
7739 	1
7743 	1
7744 	1
7748 	1
7751 	1
7753 	1
7754 	1
7759 	1
7760 	1
7762 	1
7763 	1
7767 	1
7769 	1
7771 	1
7773 	1
7774 	1
7775 	1
7776 	1
7777 	1
7778 	1
7779 	1
7780 	1
7781 	1
7782 	1
7783 	1
7784 	1
7785 	1
7786 	1
7787 	1
7790 	1
7791 	1
7793 	1
7795 	1
7796 	1
7798 	1
7799 	1
7802 	1
7803 	1
7804 	1
7805 	1
7806 	1
7807 	1
7808 	1
7810 	1
7817 	1
7822 	1
7823 	1
7824 	1
7825 	1
7828 	1
7831 	1
7833 	1
7834 	1
7837 	1
7838 	1
7839 	1
7843 	1
7845 	1
7847 	1
7848 	1
7849 	1
7850 	1
7851 	1
7852 	1
7855 	1
7857 	1
7858 	1
7860 	1
7861 	1
7863 	1
7864 	1
7865 	1
7866 	1
7867 	1
7869 	1
7870 	1
7873 	1
7875 	1
7878 	1
7879 	1
7880 	1
7881 	1
7882 	1
7883 	1
7885 	1
7886 	1
7887 	1
7888 	1
7891 	1
7893 	1
7896 	1
7897 	1
7898 	1
7900 	1
7901 	1
7905 	1
7906 	1
7909 	1
7910 	1
7913 	1
7914 	1
7915 	1
7919 	1
7921 	1
7922 	1
7923 	1
7924 	1
7926 	1
7927 	1
7929 	1
7931 	1
7934 	1
7935 	1
7937 	1
7939 	1
7940 	1
7941 	1
7942 	1
7943 	1
7945 	1
7947 	1
7950 	1
7955 	1
7956 	1
7957 	1
7959 	1
7960 	1
7961 	1
7962 	1
7964 	1
7966 	1
7967 	1
7968 	1
7971 	1
7972 	1
7973 	1
7974 	1
7976 	1
7977 	1
7978 	1
7979 	1
7981 	1
7982 	1
7983 	1
7986 	1
7987 	1
7989 	1
7991 	1
7992 	1
7994 	1
7997 	1
7998 	1
7999 	1
8002 	1
8006 	1
8011 	1
8012 	1
8013 	1
8014 	1
8016 	1
8017 	1
8018 	1
8019 	1
8026 	1
8028 	1
8034 	1
8036 	1
8037 	1
8038 	1
8040 	1
8041 	1
8042 	1
8045 	1
8047 	1
8048 	1
8052 	1
8054 	1
8056 	1
8060 	1
8061 	1
8062 	1
8064 	1
8070 	1
8071 	1
8072 	1
8074 	1
8075 	1
8079 	1
8080 	1
8081 	1
8082 	1
8083 	1
8085 	1
8087 	1
8090 	1
8091 	1
8093 	1
8095 	1
8098 	1
8104 	1
8105 	1
8107 	1
8109 	1
8111 	1
8112 	1
8114 	1
8115 	1
8116 	1
8117 	1
8121 	1
8125 	1
8126 	1
8128 	1
8129 	1
8130 	1
8131 	1
8132 	1
8134 	1
8136 	1
8137 	1
8139 	1
8140 	1
8141 	1
8146 	1
8147 	1
8149 	1
8150 	1
8151 	1
8154 	1
8155 	1
8158 	1
8159 	1
8162 	1
8163 	1
8164 	1
8171 	1
8172 	1
8177 	1
8180 	1
8181 	1
8182 	1
8186 	1
8190 	1
8192 	1
8196 	1
8198 	1
8199 	1
8200 	1
8204 	1
8205 	1
8206 	1
8207 	1
8208 	1
8210 	1
8212 	1
8213 	1
8214 	1
8215 	1
8219 	1
8220 	1
8221 	1
8222 	1
8223 	1
8224 	1
8226 	1
8227 	1
8228 	1
8231 	1
8232 	1
8233 	1
8235 	1
8236 	1
8241 	1
8243 	1
8244 	1
8246 	1
8247 	1
8248 	1
8249 	1
8250 	1
8251 	1
8252 	1
8253 	1
8255 	1
8256 	1
8257 	1
8262 	1
8263 	1
8266 	1
8268 	1
8272 	1
8276 	1
8279 	1
8281 	1
8283 	1
8284 	1
8285 	1
8286 	1
8287 	1
8289 	1
8292 	1
8295 	1
8297 	1
8299 	1
8301 	1
8304 	1
8307 	1
8308 	1
8310 	1
8313 	1
8320 	1
8324 	1
8325 	1
8327 	1
8331 	1
8340 	1
8343 	1
8345 	1
8346 	1
8347 	1
8351 	1
8353 	1
8356 	1
8358 	1
8360 	1
8361 	1
8364 	1
8365 	1
8370 	1
8372 	1
8375 	1
8377 	1
8378 	1
8381 	1
8384 	1
8385 	1
8388 	1
8393 	1
8397 	1
8398 	1
8400 	1
8402 	1
8407 	1
8408 	1
8409 	1
8410 	1
8412 	1
8414 	1
8416 	1
8417 	1
8419 	1
8421 	1
8422 	1
8423 	1
8424 	1
8425 	1
8427 	1
8431 	1
8432 	1
8435 	1
8437 	1
8445 	1
8446 	1
8449 	1
8450 	1
8454 	1
8455 	1
8456 	1
8457 	1
8459 	1
8460 	1
8462 	1
8463 	1
8467 	1
8468 	1
8469 	1
8470 	1
8471 	1
8476 	1
8478 	1
8479 	1
8482 	1
8483 	1
8485 	1
8486 	1
8488 	1
8490 	1
8493 	1
8501 	1
8508 	1
8510 	1
8512 	1
8514 	1
8515 	1
8516 	1
8518 	1
8521 	1
8524 	1
8526 	1
8527 	1
8528 	1
8529 	1
8530 	1
8531 	1
8532 	1
8533 	1
8535 	1
8536 	1
8538 	1
8541 	1
8543 	1
8547 	1
8549 	1
8550 	1
8552 	1
8553 	1
8557 	1
8558 	1
8559 	1
8566 	1
8575 	1
8576 	1
8577 	1
8581 	1
8582 	1
8583 	1
8586 	1
8590 	1
8596 	1
8598 	1
8599 	1
8603 	1
8604 	1
8605 	1
8607 	1
8609 	1
8610 	1
8611 	1
8613 	1
8615 	1
8618 	1
8620 	1
8623 	1
8624 	1
8627 	1
8628 	1
8629 	1
8631 	1
8634 	1
8635 	1
8637 	1
8639 	1
8640 	1
8642 	1
8645 	1
8646 	1
8647 	1
8649 	1
8650 	1
8651 	1
8655 	1
8660 	1
8661 	1
8663 	1
8666 	1
8669 	1
8673 	1
8674 	1
8677 	1
8678 	1
8679 	1
8680 	1
8681 	1
8683 	1
8684 	1
8686 	1
8687 	1
8688 	1
8692 	1
8693 	1
8695 	1
8696 	1
8697 	1
8698 	1
8700 	1
8701 	1
8702 	1
8703 	1
8704 	1
8705 	1
8710 	1
8711 	1
8716 	1
8719 	1
8720 	1
8722 	1
8726 	1
8727 	1
8728 	1
8729 	1
8730 	1
8731 	1
8732 	1
8734 	1
8735 	1
8737 	1
8738 	1
8739 	1
8740 	1
8741 	1
8744 	1
8745 	1
8746 	1
8747 	1
8748 	1
8749 	1
8750 	1
8752 	1
8755 	1
8759 	1
8763 	1
8765 	1
8766 	1
8767 	1
8770 	1
8771 	1
8774 	1
8775 	1
8777 	1
8778 	1
8780 	1
8787 	1
8788 	1
8789 	1
8791 	1
8798 	1
8799 	1
8803 	1
8804 	1
8805 	1
8808 	1
8809 	1
8811 	1
8817 	1
8819 	1
8821 	1
8822 	1
8823 	1
8826 	1
8830 	1
8833 	1
8835 	1
8836 	1
8838 	1
8840 	1
8843 	1
8844 	1
8845 	1
8847 	1
8848 	1
8849 	1
8850 	1
8851 	1
8853 	1
8856 	1
8858 	1
8859 	1
8860 	1
8861 	1
8865 	1
8866 	1
8868 	1
8878 	1
8879 	1
8881 	1
8882 	1
8883 	1
8885 	1
8886 	1
8890 	1
8894 	1
8895 	1
8898 	1
8900 	1
8901 	1
8902 	1
8903 	1
8907 	1
8908 	1
8910 	1
8915 	1
8918 	1
8920 	1
8922 	1
8923 	1
8924 	1
8926 	1
8927 	1
8928 	1
8930 	1
8933 	1
8937 	1
8941 	1
8943 	1
8944 	1
8946 	1
8948 	1
8949 	1
8952 	1
8955 	1
8956 	1
8958 	1
8960 	1
8965 	1
8966 	1
8968 	1
8972 	1
8974 	1
8975 	1
8976 	1
8977 	1
8978 	1
8979 	1
8981 	1
8982 	1
8984 	1
8985 	1
8987 	1
8988 	1
8989 	1
8991 	1
8993 	1
8997 	1
9001 	1
9002 	1
9003 	1
9004 	1
9006 	1
9007 	1
9009 	1
9010 	1
9014 	1
9016 	1
9017 	1
9018 	1
9019 	1
9025 	1
9029 	1
9031 	1
9032 	1
9034 	1
9038 	1
9039 	1
9041 	1
9043 	1
9045 	1
9047 	1
9048 	1
9050 	1
9054 	1
9064 	1
9065 	1
9068 	1
9072 	1
9073 	1
9075 	1
9077 	1
9078 	1
9079 	1
9084 	1
9092 	1
9093 	1
9094 	1
9097 	1
9098 	1
9107 	1
9108 	1
9110 	1
9113 	1
9115 	1
9116 	1
9118 	1
9121 	1
9122 	1
9123 	1
9124 	1
9125 	1
9128 	1
9131 	1
9132 	1
9133 	1
9137 	1
9138 	1
9142 	1
9144 	1
9146 	1
9147 	1
9148 	1
9152 	1
9153 	1
9161 	1
9162 	1
9163 	1
9166 	1
9167 	1
9171 	1
9175 	1
9177 	1
9178 	1
9179 	1
9180 	1
9185 	1
9186 	1
9189 	1
9190 	1
9191 	1
9192 	1
9193 	1
9194 	1
9197 	1
9201 	1
9202 	1
9203 	1
9205 	1
9206 	1
9210 	1
9211 	1
9217 	1
9218 	1
9221 	1
9222 	1
9223 	1
9224 	1
9226 	1
9227 	1
9228 	1
9229 	1
9231 	1
9235 	1
9236 	1
9237 	1
9241 	1
9242 	1
9244 	1
9246 	1
9247 	1
9248 	1
9249 	1
9252 	1
9253 	1
9255 	1
9260 	1
9261 	1
9263 	1
9265 	1
9267 	1
9268 	1
9269 	1
9270 	1
9272 	1
9277 	1
9279 	1
9283 	1
9284 	1
9288 	1
9292 	1
9294 	1
9295 	1
9298 	1
9301 	1
9306 	1
9307 	1
9308 	1
9309 	1
9311 	1
9312 	1
9314 	1
9315 	1
9319 	1
9322 	1
9323 	1
9325 	1
9326 	1
9327 	1
9328 	1
9329 	1
9332 	1
9333 	1
9335 	1
9340 	1
9344 	1
9346 	1
9349 	1
9351 	1
9352 	1
9354 	1
9356 	1
9357 	1
9358 	1
9359 	1
9360 	1
9361 	1
9363 	1
9364 	1
9365 	1
9366 	1
9367 	1
9369 	1
9373 	1
9377 	1
9379 	1
9382 	1
9383 	1
9384 	1
9385 	1
9388 	1
9392 	1
9394 	1
9396 	1
9398 	1
9400 	1
9401 	1
9404 	1
9405 	1
9406 	1
9407 	1
9409 	1
9412 	1
9413 	1
9414 	1
9415 	1
9420 	1
9421 	1
9423 	1
9427 	1
9428 	1
9430 	1
9432 	1
9437 	1
9439 	1
9440 	1
9441 	1
9442 	1
9445 	1
9448 	1
9450 	1
9452 	1
9453 	1
9456 	1
9458 	1
9459 	1
9460 	1
9461 	1
9462 	1
9464 	1
9465 	1
9467 	1
9469 	1
9470 	1
9471 	1
9473 	1
9475 	1
9476 	1
9483 	1
9486 	1
9490 	1
9494 	1
9498 	1
9500 	1
9501 	1
9505 	1
9507 	1
9508 	1
9511 	1
9512 	1
9513 	1
9516 	1
9517 	1
9522 	1
9525 	1
9526 	1
9533 	1
9536 	1
9537 	1
9541 	1
9543 	1
9544 	1
9546 	1
9549 	1
9553 	1
9555 	1
9556 	1
9557 	1
9558 	1
9561 	1
9562 	1
9566 	1
9568 	1
9569 	1
9570 	1
9571 	1
9572 	1
9574 	1
9576 	1
9579 	1
9580 	1
9585 	1
9587 	1
9589 	1
9591 	1
9593 	1
9596 	1
9597 	1
9600 	1
9601 	1
9604 	1
9605 	1
9607 	1
9608 	1
9609 	1
9610 	1
9611 	1
9612 	1
9615 	1
9617 	1
9618 	1
9622 	1
9623 	1
9627 	1
9628 	1
9629 	1
9632 	1
9633 	1
9634 	1
9635 	1
9640 	1
9641 	1
9648 	1
9650 	1
9651 	1
9652 	1
9653 	1
9655 	1
9660 	1
9662 	1
9663 	1
9664 	1
9665 	1
9666 	1
9668 	1
9669 	1
9670 	1
9671 	1
9672 	1
9674 	1
9676 	1
9677 	1
9678 	1
9679 	1
9680 	1
9684 	1
9685 	1
9686 	1
9687 	1
9689 	1
9690 	1
9691 	1
9692 	1
9696 	1
9697 	1
9698 	1
9701 	1
9702 	1
9704 	1
9707 	1
9708 	1
9709 	1
9710 	1
9714 	1
9715 	1
9716 	1
9719 	1
9720 	1
9723 	1
9724 	1
9725 	1
9727 	1
9729 	1
9730 	1
9732 	1
9733 	1
9735 	1
9736 	1
9737 	1
9738 	1
9740 	1
9743 	1
9745 	1
9746 	1
9747 	1
9751 	1
9753 	1
9754 	1
9756 	1
9759 	1
9760 	1
9762 	1
9766 	1
9769 	1
9770 	1
9772 	1
9774 	1
9776 	1
9777 	1
9778 	1
9779 	1
9785 	1
9787 	1
9788 	1
9790 	1
9792 	1
9794 	1
9795 	1
9797 	1
9799 	1
9800 	1
9801 	1
9803 	1
9804 	1
9805 	1
9808 	1
9809 	1
9811 	1
9812 	1
9815 	1
9818 	1
9820 	1
9821 	1
9837 	1
9838 	1
9840 	1
9841 	1
9843 	1
9846 	1
9847 	1
9849 	1
9850 	1
9856 	1
9857 	1
9860 	1
9861 	1
9862 	1
9863 	1
9865 	1
9868 	1
9870 	1
9871 	1
9874 	1
9875 	1
9877 	1
9881 	1
9882 	1
9883 	1
9884 	1
9885 	1
9886 	1
9887 	1
9888 	1
9891 	1
9893 	1
9894 	1
9895 	1
9896 	1
9900 	1
9901 	1
9902 	1
9904 	1
9906 	1
9907 	1
9908 	1
9911 	1
9916 	1
9920 	1
9924 	1
9925 	1
9926 	1
9928 	1
9929 	1
9930 	1
9931 	1
9932 	1
9933 	1
9934 	1
9936 	1
9937 	1
9941 	1
9942 	1
9945 	1
9947 	1
9950 	1
9951 	1
9952 	1
9954 	1
9957 	1
9959 	1
9961 	1
9962 	1
9963 	1
9966 	1
9967 	1
9971 	1
9972 	1
9976 	1
9979 	1
9981 	1
9982 	1
9983 	1
9991 	1
9994 	1
9995 	1
9997 	1
10005 	1
10008 	1
10010 	1
10011 	1
10014 	1
10016 	1
10019 	1
10022 	1
10024 	1
10026 	1
10027 	1
10030 	1
10032 	1
10033 	1
10036 	1
10037 	1
10039 	1
10042 	1
10045 	1
10046 	1
10048 	1
10049 	1
10054 	1
10056 	1
10058 	1
10062 	1
10065 	1
10066 	1
10067 	1
10069 	1
10071 	1
10072 	1
10074 	1
10076 	1
10077 	1
10080 	1
10085 	1
10088 	1
10093 	1
10096 	1
10097 	1
10098 	1
10099 	1
10101 	1
10103 	1
10104 	1
10105 	1
10106 	1
10108 	1
10111 	1
10112 	1
10113 	1
10114 	1
10117 	1
10120 	1
10121 	1
10122 	1
10124 	1
10126 	1
10131 	1
10136 	1
10137 	1
10138 	1
10139 	1
10142 	1
10143 	1
10144 	1
10146 	1
10147 	1
10149 	1
10150 	1
10154 	1
10155 	1
10156 	1
10157 	1
10158 	1
10161 	1
10162 	1
10163 	1
10164 	1
10166 	1
10167 	1
10170 	1
10171 	1
10172 	1
10175 	1
10177 	1
10178 	1
10179 	1
10182 	1
10185 	1
10186 	1
10187 	1
10188 	1
10194 	1
10195 	1
10198 	1
10200 	1
10203 	1
10205 	1
10206 	1
10207 	1
10209 	1
10210 	1
10213 	1
10215 	1
10218 	1
10221 	1
10224 	1
10227 	1
10228 	1
10230 	1
10232 	1
10233 	1
10235 	1
10237 	1
10238 	1
10239 	1
10241 	1
10242 	1
10244 	1
10245 	1
10249 	1
10252 	1
10254 	1
10257 	1
10259 	1
10263 	1
10265 	1
10266 	1
10269 	1
10272 	1
10275 	1
10276 	1
10280 	1
10281 	1
10282 	1
10283 	1
10285 	1
10286 	1
10288 	1
10290 	1
10292 	1
10295 	1
10297 	1
10298 	1
10299 	1
10300 	1
10301 	1
10302 	1
10304 	1
10305 	1
10309 	1
10312 	1
10313 	1
10314 	1
10315 	1
10316 	1
10319 	1
10321 	1
10326 	1
10327 	1
10335 	1
10337 	1
10340 	1
10342 	1
10343 	1
10346 	1
10349 	1
10352 	1
10353 	1
10355 	1
10357 	1
10360 	1
10363 	1
10365 	1
10370 	1
10373 	1
10377 	1
10378 	1
10381 	1
10383 	1
10387 	1
10389 	1
10397 	1
10399 	1
10400 	1
10401 	1
10402 	1
10404 	1
10408 	1
10410 	1
10413 	1
10414 	1
10421 	1
10426 	1
10428 	1
10431 	1
10432 	1
10433 	1
10434 	1
10435 	1
10436 	1
10437 	1
10438 	1
10439 	1
10442 	1
10443 	1
10444 	1
10448 	1
10449 	1
10450 	1
10451 	1
10453 	1
10455 	1
10457 	1
10458 	1
10459 	1
10460 	1
10461 	1
10462 	1
10465 	1
10466 	1
10467 	1
10471 	1
10473 	1
10476 	1
10477 	1
10478 	1
10483 	1
10484 	1
10489 	1
10493 	1
10496 	1
10497 	1
10501 	1
10502 	1
10503 	1
10504 	1
10505 	1
10509 	1
10510 	1
10511 	1
10515 	1
10517 	1
10519 	1
10521 	1
10522 	1
10523 	1
10524 	1
10525 	1
10529 	1
10531 	1
10532 	1
10534 	1
10535 	1
10540 	1
10542 	1
10543 	1
10545 	1
10546 	1
10547 	1
10549 	1
10552 	1
10556 	1
10558 	1
10561 	1
10562 	1
10563 	1
10564 	1
10565 	1
10569 	1
10570 	1
10571 	1
10572 	1
10573 	1
10576 	1
10578 	1
10579 	1
10581 	1
10583 	1
10587 	1
10589 	1
10592 	1
10595 	1
10598 	1
10599 	1
10600 	1
10603 	1
10604 	1
10607 	1
10608 	1
10613 	1
10616 	1
10617 	1
10618 	1
10619 	1
10620 	1
10622 	1
10625 	1
10627 	1
10628 	1
10629 	1
10630 	1
10631 	1
10632 	1
10633 	1
10638 	1
10642 	1
10643 	1
10646 	1
10647 	1
10648 	1
10650 	1
10652 	1
10653 	1
10659 	1
10664 	1
10666 	1
10668 	1
10674 	1
10675 	1
10678 	1
10682 	1
10684 	1
10689 	1
10694 	1
10695 	1
10698 	1
10701 	1
10703 	1
10704 	1
10707 	1
10709 	1
10710 	1
10713 	1
10714 	1
10716 	1
10720 	1
10722 	1
10723 	1
10724 	1
10725 	1
10727 	1
10731 	1
10733 	1
10735 	1
10739 	1
10740 	1
10749 	1
10750 	1
10751 	1
10752 	1
10753 	1
10755 	1
10756 	1
10757 	1
10759 	1
10764 	1
10768 	1
10771 	1
10772 	1
10774 	1
10778 	1
10780 	1
10781 	1
10782 	1
10783 	1
10784 	1
10787 	1
10791 	1
10792 	1
10793 	1
10795 	1
10801 	1
10804 	1
10808 	1
10809 	1
10814 	1
10815 	1
10821 	1
10823 	1
10824 	1
10825 	1
10827 	1
10828 	1
10829 	1
10830 	1
10832 	1
10835 	1
10839 	1
10840 	1
10844 	1
10845 	1
10846 	1
10847 	1
10848 	1
10851 	1
10856 	1
10858 	1
10861 	1
10862 	1
10865 	1
10873 	1
10874 	1
10875 	1
10878 	1
10880 	1
10882 	1
10884 	1
10885 	1
10886 	1
10887 	1
10890 	1
10891 	1
10896 	1
10897 	1
10898 	1
10903 	1
10905 	1
10906 	1
10908 	1
10909 	1
10918 	1
10920 	1
10924 	1
10925 	1
10926 	1
10929 	1
10935 	1
10936 	1
10938 	1
10939 	1
10940 	1
10941 	1
10943 	1
10946 	1
10947 	1
10949 	1
10953 	1
10954 	1
10960 	1
10964 	1
10967 	1
10972 	1
10974 	1
10975 	1
10978 	1
10981 	1
10985 	1
10990 	1
10991 	1
10993 	1
10995 	1
10998 	1
11000 	1
11001 	1
11002 	1
11004 	1
11006 	1
11009 	1
11010 	1
11011 	1
11012 	1
11014 	1
11015 	1
11016 	1
11017 	1
11018 	1
11019 	1
11020 	1
11021 	1
11027 	1
11030 	1
11031 	1
11032 	1
11033 	1
11034 	1
11039 	1
11040 	1
11041 	1
11042 	1
11044 	1
11046 	1
11047 	1
11048 	1
11050 	1
11052 	1
11055 	1
11056 	1
11058 	1
11059 	1
11061 	1
11063 	1
11065 	1
11068 	1
11069 	1
11070 	1
11071 	1
11073 	1
11077 	1
11079 	1
11080 	1
11082 	1
11083 	1
11085 	1
11091 	1
11092 	1
11093 	1
11096 	1
11098 	1
11099 	1
11100 	1
11101 	1
11103 	1
11104 	1
11106 	1
11107 	1
11109 	1
11112 	1
11113 	1
11115 	1
11116 	1
11117 	1
11118 	1
11119 	1
11120 	1
11121 	1
11124 	1
11125 	1
11126 	1
11130 	1
11133 	1
11134 	1
11135 	1
11137 	1
11138 	1
11139 	1
11142 	1
11144 	1
11146 	1
11148 	1
11149 	1
11153 	1
11154 	1
11157 	1
11159 	1
11161 	1
11163 	1
11164 	1
11165 	1
11166 	1
11169 	1
11171 	1
11174 	1
11175 	1
11176 	1
11177 	1
11178 	1
11179 	1
11181 	1
11183 	1
11184 	1
11185 	1
11188 	1
11189 	1
11192 	1
11193 	1
11195 	1
11196 	1
11199 	1
11200 	1
11201 	1
11203 	1
11205 	1
11207 	1
11208 	1
11212 	1
11213 	1
11218 	1
11219 	1
11223 	1
11224 	1
11225 	1
11227 	1
11230 	1
11231 	1
11233 	1
11234 	1
11237 	1
11238 	1
11244 	1
11245 	1
11246 	1
11247 	1
11248 	1
11250 	1
11252 	1
11254 	1
11255 	1
11256 	1
11260 	1
11264 	1
11266 	1
11267 	1
11269 	1
11270 	1
11271 	1
11275 	1
11276 	1
11279 	1
11280 	1
11281 	1
11282 	1
11283 	1
11287 	1
11290 	1
11291 	1
11292 	1
11294 	1
11295 	1
11299 	1
11301 	1
11304 	1
11305 	1
11308 	1
11310 	1
11315 	1
11318 	1
11319 	1
11320 	1
11321 	1
11322 	1
11328 	1
11330 	1
11335 	1
11337 	1
11338 	1
11340 	1
11344 	1
11345 	1
11350 	1
11352 	1
11354 	1
11355 	1
11357 	1
11367 	1
11372 	1
11374 	1
11376 	1
11378 	1
11383 	1
11384 	1
11385 	1
11387 	1
11389 	1
11390 	1
11391 	1
11392 	1
11393 	1
11395 	1
11397 	1
11399 	1
11400 	1
11402 	1
11405 	1
11407 	1
11412 	1
11414 	1
11415 	1
11419 	1
11420 	1
11421 	1
11423 	1
11426 	1
11428 	1
11429 	1
11431 	1
11434 	1
11435 	1
11438 	1
11441 	1
11442 	1
11446 	1
11447 	1
11449 	1
11450 	1
11454 	1
11461 	1
11462 	1
11465 	1
11467 	1
11469 	1
11471 	1
11474 	1
11476 	1
11479 	1
11480 	1
11482 	1
11486 	1
11487 	1
11488 	1
11489 	1
11492 	1
11493 	1
11497 	1
11498 	1
11505 	1
11507 	1
11508 	1
11511 	1
11512 	1
11513 	1
11515 	1
11519 	1
11520 	1
11524 	1
11526 	1
11528 	1
11529 	1
11530 	1
11531 	1
11532 	1
11533 	1
11534 	1
11539 	1
11540 	1
11543 	1
11544 	1
11545 	1
11546 	1
11549 	1
11550 	1
11552 	1
11553 	1
11555 	1
11556 	1
11559 	1
11561 	1
11564 	1
11565 	1
11566 	1
11567 	1
11569 	1
11570 	1
11573 	1
11574 	1
11575 	1
11576 	1
11577 	1
11579 	1
11581 	1
11582 	1
11583 	1
11585 	1
11589 	1
11590 	1
11593 	1
11594 	1
11598 	1
11599 	1
11600 	1
11601 	1
11602 	1
11604 	1
11606 	1
11608 	1
11610 	1
11612 	1
11614 	1
11615 	1
11618 	1
11619 	1
11620 	1
11622 	1
11623 	1
11624 	1
11625 	1
11626 	1
11634 	1
11635 	1
11639 	1
11644 	1
11647 	1
11648 	1
11649 	1
11650 	1
11654 	1
11655 	1
11657 	1
11661 	1
11663 	1
11664 	1
11666 	1
11667 	1
11672 	1
11674 	1
11675 	1
11677 	1
11678 	1
11680 	1
11683 	1
11684 	1
11687 	1
11688 	1
11689 	1
11691 	1
11692 	1
11699 	1
11701 	1
11702 	1
11703 	1
11704 	1
11705 	1
11706 	1
11707 	1
11708 	1
11710 	1
11711 	1
11713 	1
11714 	1
11715 	1
11718 	1
11719 	1
11720 	1
11721 	1
11724 	1
11726 	1
11729 	1
11730 	1
11732 	1
11733 	1
11734 	1
11735 	1
11737 	1
11741 	1
11743 	1
11746 	1
11747 	1
11750 	1
11753 	1
11754 	1
11760 	1
11761 	1
11764 	1
11765 	1
11766 	1
11768 	1
11769 	1
11770 	1
11775 	1
11776 	1
11777 	1
11779 	1
11782 	1
11783 	1
11784 	1
11785 	1
11786 	1
11788 	1
11790 	1
11791 	1
11793 	1
11794 	1
11795 	1
11797 	1
11798 	1
11799 	1
11801 	1
11803 	1
11804 	1
11807 	1
11808 	1
11809 	1
11812 	1
11816 	1
11819 	1
11821 	1
11823 	1
11825 	1
11827 	1
11828 	1
11829 	1
11833 	1
11837 	1
11838 	1
11839 	1
11841 	1
11843 	1
11845 	1
11848 	1
11850 	1
11851 	1
11852 	1
11853 	1
11856 	1
11858 	1
11860 	1
11861 	1
11862 	1
11863 	1
11866 	1
11867 	1
11868 	1
11869 	1
11870 	1
11873 	1
11876 	1
11878 	1
11880 	1
11881 	1
11883 	1
11884 	1
11887 	1
11889 	1
11890 	1
11893 	1
11894 	1
11895 	1
11896 	1
11897 	1
11899 	1
11900 	1
11902 	1
11911 	1
11916 	1
11918 	1
11920 	1
11921 	1
11922 	1
11923 	1
11925 	1
11926 	1
11927 	1
11928 	1
11929 	1
11932 	1
11933 	1
11935 	1
11938 	1
11940 	1
11941 	1
11944 	1
11946 	1
11947 	1
11948 	1
11954 	1
11955 	1
11957 	1
11958 	1
11959 	1
11963 	1
11970 	1
11973 	1
11978 	1
11979 	1
11981 	1
11983 	1
11985 	1
11987 	1
11989 	1
11992 	1
11993 	1
11994 	1
11995 	1
11998 	1
12000 	1
12003 	1
12004 	1
12005 	1
12007 	1
12008 	1
12010 	1
12012 	1
12013 	1
12014 	1
12015 	1
12016 	1
12017 	1
12019 	1
12021 	1
12022 	1
12023 	1
12024 	1
12028 	1
12031 	1
12034 	1
12035 	1
12036 	1
12037 	1
12038 	1
12039 	1
12042 	1
12043 	1
12044 	1
12046 	1
12047 	1
12050 	1
12052 	1
12053 	1
12055 	1
12060 	1
12061 	1
12062 	1
12064 	1
12065 	1
12066 	1
12067 	1
12069 	1
12071 	1
12072 	1
12073 	1
12077 	1
12080 	1
12082 	1
12084 	1
12086 	1
12093 	1
12094 	1
12097 	1
12104 	1
12105 	1
12106 	1
12109 	1
12110 	1
12115 	1
12119 	1
12120 	1
12121 	1
12123 	1
12126 	1
12131 	1
12134 	1
12135 	1
12138 	1
12140 	1
12141 	1
12142 	1
12146 	1
12147 	1
12149 	1
12151 	1
12152 	1
12153 	1
12157 	1
12158 	1
12159 	1
12160 	1
12163 	1
12165 	1
12169 	1
12171 	1
12172 	1
12175 	1
12178 	1
12179 	1
12182 	1
12183 	1
12184 	1
12186 	1
12187 	1
12188 	1
12189 	1
12192 	1
12196 	1
12197 	1
12198 	1
12200 	1
12201 	1
12203 	1
12208 	1
12211 	1
12216 	1
12217 	1
12219 	1
12220 	1
12221 	1
12222 	1
12223 	1
12228 	1
12229 	1
12230 	1
12232 	1
12233 	1
12238 	1
12239 	1
12241 	1
12243 	1
12244 	1
12248 	1
12249 	1
12250 	1
12251 	1
12252 	1
12255 	1
12256 	1
12259 	1
12260 	1
12263 	1
12264 	1
12265 	1
12266 	1
12268 	1
12272 	1
12273 	1
12274 	1
12275 	1
12276 	1
12277 	1
12278 	1
12279 	1
12280 	1
12281 	1
12282 	1
12285 	1
12288 	1
12289 	1
12293 	1
12295 	1
12297 	1
12298 	1
12299 	1
12300 	1
12307 	1
12308 	1
12309 	1
12310 	1
12312 	1
12316 	1
12318 	1
12319 	1
12320 	1
12322 	1
12323 	1
12326 	1
12329 	1
12330 	1
12331 	1
12337 	1
12340 	1
12341 	1
12342 	1
12343 	1
12346 	1
12347 	1
12349 	1
12350 	1
12351 	1
12353 	1
12354 	1
12358 	1
12361 	1
12362 	1
12363 	1
12364 	1
12365 	1
12367 	1
12373 	1
12375 	1
12376 	1
12381 	1
12383 	1
12386 	1
12391 	1
12395 	1
12398 	1
12399 	1
12406 	1
12409 	1
12410 	1
12412 	1
12413 	1
12426 	1
12428 	1
12433 	1
12434 	1
12436 	1
12437 	1
12440 	1
12441 	1
12442 	1
12443 	1
12447 	1
12448 	1
12450 	1
12452 	1
12454 	1
12455 	1
12456 	1
12458 	1
12460 	1
12461 	1
12463 	1
12464 	1
12467 	1
12468 	1
12469 	1
12471 	1
12472 	1
12473 	1
12475 	1
12476 	1
12478 	1
12481 	1
12484 	1
12485 	1
12486 	1
12487 	1
12489 	1
12490 	1
12491 	1
12492 	1
12493 	1
12496 	1
12499 	1
12504 	1
12505 	1
12506 	1
12508 	1
12509 	1
12512 	1
12514 	1
12515 	1
12518 	1
12521 	1
12525 	1
12526 	1
12527 	1
12528 	1
12529 	1
12537 	1
12539 	1
12541 	1
12543 	1
12544 	1
12548 	1
12550 	1
12552 	1
12554 	1
12557 	1
12558 	1
12559 	1
12560 	1
12563 	1
12567 	1
12570 	1
12572 	1
12573 	1
12574 	1
12578 	1
12579 	1
12580 	1
12581 	1
12582 	1
12583 	1
12587 	1
12591 	1
12592 	1
12594 	1
12595 	1
12597 	1
12599 	1
12600 	1
12601 	1
12603 	1
12606 	1
12609 	1
12610 	1
12611 	1
12615 	1
12616 	1
12617 	1
12618 	1
12624 	1
12625 	1
12626 	1
12627 	1
12628 	1
12631 	1
12632 	1
12634 	1
12635 	1
12637 	1
12639 	1
12641 	1
12643 	1
12644 	1
12645 	1
12646 	1
12650 	1
12651 	1
12652 	1
12654 	1
12660 	1
12661 	1
12662 	1
12666 	1
12668 	1
12669 	1
12670 	1
12671 	1
12672 	1
12676 	1
12678 	1
12685 	1
12686 	1
12689 	1
12691 	1
12693 	1
12694 	1
12695 	1
12696 	1
12697 	1
12701 	1
12702 	1
12703 	1
12706 	1
12714 	1
12715 	1
12717 	1
12718 	1
12719 	1
12720 	1
12721 	1
12723 	1
12726 	1
12728 	1
12732 	1
12734 	1
12736 	1
12737 	1
12738 	1
12742 	1
12745 	1
12746 	1
12747 	1
12750 	1
12751 	1
12753 	1
12754 	1
12755 	1
12756 	1
12758 	1
12759 	1
12761 	1
12762 	1
12763 	0.734237074401
