Number of items 	Total Weight 	Total Profit 
1129 	379566.25 	74487.1668697 


Total time: 0.0169787406921 s
Average time: 0.00424540042877 s
Last call: 2.86102294922e-06 s
Stamp 1 of the total: 0h 0m 0s 16ms 16978\u00B5s
Stamp 2 of the total: 00:00:00.0016
Pattern that ignores zeros:
16ms 16978\u00B5s
0016

Item    Fraction

1 	1
2 	1
3 	1
4 	1
5 	1
6 	1
8 	1
9 	1
10 	1
16 	1
19 	1
21 	1
22 	1
23 	1
24 	1
25 	1
27 	1
29 	1
30 	1
32 	1
33 	1
35 	1
36 	1
37 	1
38 	1
39 	1
41 	1
42 	1
43 	1
44 	1
48 	1
50 	1
52 	1
55 	1
57 	1
58 	1
64 	1
68 	1
70 	1
73 	1
74 	1
76 	1
77 	1
79 	1
81 	1
82 	1
83 	1
84 	1
86 	1
87 	1
88 	1
89 	1
90 	1
94 	1
97 	1
99 	1
100 	1
101 	1
102 	1
104 	1
105 	1
106 	1
109 	1
115 	1
117 	1
118 	1
120 	1
123 	1
124 	1
125 	1
127 	1
128 	1
130 	1
131 	1
137 	1
139 	1
140 	1
148 	1
153 	1
154 	1
156 	1
157 	1
159 	1
161 	1
162 	1
168 	1
169 	1
170 	1
173 	1
176 	1
177 	1
181 	1
183 	1
184 	1
186 	1
190 	1
191 	1
196 	1
200 	1
201 	1
202 	1
207 	1
209 	1
211 	1
213 	1
216 	1
218 	1
219 	1
220 	1
222 	1
224 	1
227 	1
228 	1
230 	1
233 	1
240 	1
241 	1
244 	1
246 	1
248 	1
251 	1
252 	1
253 	1
254 	1
258 	1
261 	1
262 	1
263 	1
264 	1
265 	1
267 	1
269 	1
270 	1
271 	1
272 	1
273 	1
277 	1
280 	1
281 	1
284 	1
285 	1
287 	1
288 	1
289 	1
292 	1
294 	1
296 	1
298 	1
299 	1
300 	1
301 	1
302 	1
307 	1
311 	1
314 	1
315 	1
319 	1
322 	1
324 	1
326 	1
327 	1
328 	1
330 	1
331 	1
332 	1
336 	1
337 	1
339 	1
342 	1
348 	1
349 	1
351 	1
362 	1
364 	1
365 	1
366 	1
367 	1
369 	1
371 	1
373 	1
375 	1
377 	1
378 	1
380 	1
382 	1
383 	1
386 	1
389 	1
390 	1
391 	1
394 	1
396 	1
397 	1
398 	1
399 	1
400 	1
401 	1
406 	1
408 	1
409 	1
410 	1
412 	1
414 	1
417 	1
418 	1
419 	1
423 	1
426 	1
428 	1
429 	1
431 	1
432 	1
433 	1
435 	1
437 	1
438 	1
440 	1
441 	1
442 	1
444 	1
448 	1
450 	1
455 	1
456 	1
457 	1
458 	1
469 	1
470 	1
474 	1
475 	1
476 	1
478 	1
481 	1
482 	1
483 	1
484 	1
487 	1
488 	1
490 	1
493 	1
496 	1
498 	1
499 	1
500 	1
501 	1
502 	1
504 	1
505 	1
507 	1
508 	1
510 	1
511 	1
514 	1
516 	1
518 	1
519 	1
521 	1
522 	1
525 	1
528 	1
529 	1
530 	1
531 	1
535 	1
536 	1
537 	1
539 	1
541 	1
542 	1
543 	1
545 	1
549 	1
551 	1
553 	1
554 	1
557 	1
560 	1
561 	1
564 	1
565 	1
567 	1
568 	1
570 	1
571 	1
572 	1
573 	1
574 	1
575 	1
576 	1
577 	1
582 	1
584 	1
585 	1
592 	1
594 	1
595 	1
596 	1
601 	1
603 	1
609 	1
612 	1
613 	1
617 	1
620 	1
621 	1
622 	1
623 	1
625 	1
627 	1
629 	1
633 	1
634 	1
638 	1
639 	1
641 	1
643 	1
644 	1
645 	1
646 	1
647 	1
649 	1
651 	1
653 	1
654 	1
657 	1
660 	1
662 	1
663 	1
664 	1
665 	1
668 	1
670 	1
671 	1
673 	1
674 	1
675 	1
682 	1
684 	1
685 	1
687 	1
688 	1
689 	1
690 	1
692 	1
695 	1
698 	1
702 	1
703 	1
705 	1
706 	1
708 	1
709 	1
710 	1
711 	1
712 	1
713 	1
717 	1
721 	1
722 	1
723 	1
724 	1
730 	1
732 	1
736 	1
737 	1
741 	1
743 	1
745 	1
748 	1
750 	1
751 	1
752 	1
753 	1
754 	1
755 	1
756 	1
757 	1
759 	1
760 	1
761 	1
764 	1
766 	1
767 	1
771 	1
775 	1
776 	1
777 	1
780 	1
781 	1
783 	1
786 	1
787 	1
788 	1
789 	1
793 	1
795 	1
796 	1
797 	1
798 	1
800 	1
801 	1
802 	1
803 	1
807 	1
810 	1
812 	1
813 	1
818 	1
820 	1
821 	1
825 	1
827 	1
831 	1
833 	1
838 	1
840 	1
843 	1
845 	1
846 	1
848 	1
849 	1
850 	1
851 	1
852 	1
853 	1
854 	1
855 	1
856 	1
857 	1
858 	1
860 	1
862 	1
863 	1
864 	1
868 	1
869 	1
871 	1
873 	1
874 	1
876 	1
877 	1
882 	1
883 	1
885 	1
889 	1
892 	1
893 	1
894 	1
895 	1
896 	1
901 	1
903 	1
904 	1
905 	1
906 	1
908 	1
909 	1
911 	1
913 	1
915 	1
916 	1
917 	1
918 	1
919 	1
920 	1
921 	1
924 	1
927 	1
928 	1
933 	1
934 	1
935 	1
936 	1
938 	1
942 	1
944 	1
945 	1
949 	1
951 	1
952 	1
958 	1
961 	1
963 	1
967 	1
968 	1
969 	1
971 	1
974 	1
978 	1
979 	1
980 	1
983 	1
988 	1
990 	1
995 	1
996 	1
997 	1
998 	1
1001 	1
1002 	1
1004 	1
1005 	1
1007 	1
1009 	1
1011 	1
1015 	1
1016 	1
1017 	1
1018 	1
1020 	1
1021 	1
1023 	1
1024 	1
1026 	1
1027 	1
1028 	1
1029 	1
1030 	1
1031 	1
1033 	1
1035 	1
1036 	1
1037 	1
1038 	1
1041 	1
1043 	1
1045 	1
1046 	1
1047 	1
1048 	1
1049 	1
1051 	1
1052 	1
1053 	1
1054 	1
1055 	1
1057 	1
1059 	1
1060 	1
1062 	1
1065 	1
1066 	1
1070 	1
1072 	1
1073 	1
1076 	1
1077 	1
1083 	1
1089 	1
1090 	1
1093 	1
1094 	1
1095 	1
1097 	1
1098 	1
1100 	1
1103 	1
1107 	1
1111 	1
1112 	1
1114 	1
1116 	1
1123 	1
1125 	1
1128 	1
1129 	1
1130 	1
1131 	1
1133 	1
1134 	1
1136 	1
1142 	1
1143 	1
1145 	1
1149 	1
1150 	1
1151 	1
1152 	1
1153 	1
1155 	1
1156 	1
1158 	1
1159 	1
1161 	1
1163 	1
1164 	1
1165 	1
1167 	1
1168 	1
1172 	1
1174 	1
1175 	1
1176 	1
1181 	1
1184 	1
1185 	1
1191 	1
1193 	1
1196 	1
1198 	1
1199 	1
1201 	1
1204 	1
1206 	1
1207 	1
1209 	1
1210 	1
1211 	1
1212 	1
1213 	1
1214 	1
1215 	1
1216 	1
1221 	1
1223 	1
1224 	1
1227 	1
1228 	1
1229 	1
1232 	1
1233 	1
1234 	1
1236 	1
1240 	1
1243 	1
1244 	1
1245 	1
1246 	1
1250 	1
1251 	1
1254 	1
1255 	1
1256 	1
1260 	1
1261 	1
1262 	1
1263 	1
1264 	1
1265 	1
1266 	1
1267 	1
1268 	1
1269 	1
1271 	1
1272 	1
1274 	1
1275 	1
1277 	1
1283 	1
1285 	1
1286 	1
1288 	1
1290 	1
1291 	1
1297 	1
1301 	1
1307 	1
1312 	1
1313 	1
1315 	1
1316 	1
1319 	1
1321 	1
1322 	1
1325 	1
1327 	1
1328 	1
1329 	1
1331 	1
1334 	1
1339 	1
1340 	1
1343 	1
1344 	1
1350 	1
1351 	1
1353 	1
1355 	1
1357 	1
1358 	1
1359 	1
1361 	1
1362 	1
1363 	1
1365 	1
1367 	1
1371 	1
1374 	1
1376 	1
1377 	1
1381 	1
1382 	1
1383 	1
1384 	1
1385 	1
1389 	1
1392 	1
1393 	1
1394 	1
1395 	1
1397 	1
1398 	1
1399 	1
1401 	1
1404 	1
1405 	1
1406 	1
1408 	1
1409 	1
1411 	1
1413 	1
1416 	1
1417 	1
1421 	1
1424 	1
1425 	1
1426 	1
1428 	1
1429 	1
1430 	1
1431 	1
1433 	1
1435 	1
1437 	1
1443 	1
1445 	1
1448 	1
1450 	1
1451 	1
1454 	1
1456 	1
1458 	1
1460 	1
1463 	1
1465 	1
1466 	1
1469 	1
1473 	1
1475 	1
1476 	1
1477 	1
1481 	1
1482 	1
1483 	1
1484 	1
1485 	1
1487 	1
1489 	1
1491 	1
1493 	1
1494 	1
1496 	1
1498 	1
1499 	1
1501 	1
1503 	1
1505 	1
1509 	1
1512 	1
1515 	1
1516 	1
1519 	1
1521 	1
1524 	1
1525 	1
1531 	1
1536 	1
1537 	1
1538 	1
1540 	1
1542 	1
1544 	1
1545 	1
1550 	1
1551 	1
1552 	1
1555 	1
1556 	1
1557 	1
1560 	1
1561 	1
1562 	1
1565 	1
1566 	1
1568 	1
1569 	1
1571 	1
1572 	1
1574 	1
1576 	1
1577 	1
1580 	1
1582 	1
1583 	1
1586 	1
1587 	1
1591 	1
1602 	1
1606 	1
1612 	1
1617 	1
1620 	1
1621 	1
1622 	1
1623 	1
1624 	1
1625 	1
1629 	1
1630 	1
1631 	1
1633 	1
1634 	1
1635 	1
1644 	1
1647 	1
1648 	1
1650 	1
1651 	1
1652 	1
1653 	1
1654 	1
1657 	1
1659 	1
1661 	1
1662 	1
1664 	1
1669 	1
1671 	1
1673 	1
1675 	1
1680 	1
1682 	1
1683 	1
1685 	1
1686 	1
1687 	1
1688 	1
1689 	1
1690 	1
1691 	1
1692 	1
1694 	1
1696 	1
1697 	1
1698 	1
1701 	1
1702 	1
1705 	1
1708 	1
1711 	1
1712 	1
1715 	1
1716 	1
1719 	1
1720 	1
1723 	1
1726 	1
1731 	1
1732 	1
1736 	1
1738 	1
1739 	1
1740 	1
1744 	1
1747 	1
1748 	1
1754 	1
1757 	1
1759 	1
1760 	1
1761 	1
1763 	1
1766 	1
1767 	1
1769 	1
1770 	1
1772 	1
1773 	1
1774 	1
1777 	1
1779 	1
1780 	1
1782 	1
1783 	1
1788 	1
1789 	1
1793 	1
1795 	1
1797 	1
1798 	1
1800 	1
1801 	1
1805 	1
1807 	1
1808 	1
1809 	1
1814 	1
1817 	1
1818 	1
1825 	1
1827 	1
1828 	1
1829 	1
1830 	1
1834 	1
1835 	1
1836 	1
1839 	1
1840 	1
1846 	1
1847 	1
1848 	1
1850 	1
1851 	1
1853 	1
1854 	1
1855 	1
1856 	1
1857 	1
1859 	1
1860 	1
1861 	1
1862 	1
1863 	1
1864 	1
1865 	1
1868 	1
1871 	1
1873 	1
1875 	1
1879 	1
1880 	1
1883 	1
1884 	1
1887 	1
1889 	1
1890 	1
1891 	1
1894 	1
1897 	1
1898 	1
1900 	1
1902 	1
1905 	1
1909 	1
1911 	1
1914 	1
1915 	1
1917 	1
1921 	1
1922 	1
1926 	1
1929 	1
1930 	1
1931 	1
1938 	1
1940 	1
1942 	1
1943 	1
1948 	1
1954 	1
1958 	1
1959 	1
1960 	1
1961 	1
1962 	1
1963 	1
1967 	1
1968 	1
1973 	1
1976 	1
1979 	1
1980 	1
1982 	1
1983 	1
1984 	1
1986 	1
1987 	1
1989 	1
1992 	1
1994 	1
1995 	1
1997 	1
1998 	1
2000 	1
2001 	1
2007 	1
2008 	1
2009 	1
2014 	1
2016 	1
2017 	1
2018 	1
2019 	1
2020 	1
2021 	1
2025 	1
2026 	1
2031 	1
2032 	1
2033 	1
2036 	1
2038 	1
2040 	1
2045 	1
2047 	1
2049 	1
2051 	1
2054 	1
2057 	1
2058 	1
2059 	1
2062 	1
2064 	1
2065 	1
2067 	1
2068 	1
2071 	1
2073 	1
2074 	1
2075 	1
2076 	1
2077 	1
2078 	1
2080 	1
2083 	1
2084 	1
2087 	1
2089 	1
2090 	1
2092 	1
2093 	1
2095 	1
2096 	1
2098 	1
2103 	1
2107 	1
2108 	1
2109 	1
2111 	1
2114 	1
2117 	1
2120 	1
2122 	1
2123 	1
2126 	1
2127 	1
2129 	1
2130 	1
2132 	1
2134 	1
2136 	1
2137 	1
2138 	1
2139 	1
2141 	1
2143 	1
2144 	1
2145 	1
2146 	1
2147 	1
2148 	1
2149 	1
2153 	1
2156 	1
2157 	1
2158 	1
2160 	1
2161 	1
2164 	1
2167 	1
2168 	1
2170 	1
2171 	1
2172 	1
2174 	1
2176 	1
2177 	1
2179 	1
2180 	1
2181 	1
2188 	1
2189 	1
2193 	1
2194 	1
2195 	1
2197 	1
2200 	1
2204 	1
2205 	1
2206 	1
2208 	1
2210 	1
2211 	1
2212 	1
2214 	1
2217 	1
2218 	1
2220 	1
2223 	1
2225 	1
2226 	1
2230 	1
2231 	1
2233 	1
2236 	1
2239 	1
2241 	1
2243 	1
2245 	1
2246 	1
2249 	1
2256 	1
2257 	1
2261 	1
2264 	1
2265 	1
2267 	1
2268 	1
2270 	1
2271 	1
2272 	1
2273 	1
2274 	1
2275 	1
2276 	1
2277 	1
2278 	1
2280 	0.893118148599
