Number of items 	Total Weight 	Total Profit 
4467 	1510988.25 	298064.298156 


Total time: 0.0833282470703 s
Average time: 0.020832836628 s
Last call: 3.09944152832e-06 s
Stamp 1 of the total: 0h 0m 0s 83ms 83328\u00B5s
Stamp 2 of the total: 00:00:00.0083
Pattern that ignores zeros:
83ms 83328\u00B5s
0083

Item    Fraction

1 	1
3 	1
5 	1
7 	1
8 	1
11 	1
12 	1
14 	1
20 	1
23 	1
25 	1
26 	1
27 	1
30 	1
31 	1
32 	1
33 	1
34 	1
38 	1
40 	1
41 	1
42 	1
43 	1
44 	1
45 	1
48 	1
49 	1
51 	1
53 	1
55 	1
57 	1
58 	1
59 	1
61 	1
68 	1
71 	1
73 	1
74 	1
75 	1
79 	1
80 	1
81 	1
84 	1
85 	1
87 	1
88 	1
90 	1
101 	1
103 	1
104 	1
106 	1
107 	1
108 	1
109 	1
110 	1
114 	1
115 	1
116 	1
119 	1
121 	1
123 	1
124 	1
127 	1
129 	1
130 	1
134 	1
139 	1
143 	1
145 	1
146 	1
147 	1
149 	1
151 	1
152 	1
157 	1
160 	1
164 	1
165 	1
166 	1
168 	1
169 	1
170 	1
171 	1
172 	1
173 	1
174 	1
177 	1
180 	1
182 	1
183 	1
186 	1
188 	1
190 	1
191 	1
198 	1
200 	1
202 	1
204 	1
206 	1
209 	1
210 	1
219 	1
220 	1
221 	1
222 	1
224 	1
225 	1
226 	1
228 	1
232 	1
233 	1
234 	1
235 	1
237 	1
239 	1
240 	1
241 	1
242 	1
243 	1
244 	1
245 	1
247 	1
253 	1
255 	1
256 	1
258 	1
259 	1
260 	1
262 	1
263 	1
266 	1
267 	1
269 	1
272 	1
273 	1
278 	1
279 	1
280 	1
282 	1
286 	1
287 	1
290 	1
291 	1
292 	1
293 	1
295 	1
296 	1
300 	1
301 	1
305 	1
306 	1
308 	1
309 	1
311 	1
312 	1
314 	1
316 	1
318 	1
319 	1
327 	1
331 	1
332 	1
333 	1
335 	1
337 	1
341 	1
342 	1
343 	1
346 	1
348 	1
350 	1
352 	1
353 	1
357 	1
358 	1
360 	1
361 	1
364 	1
365 	1
369 	1
370 	1
372 	1
374 	1
377 	1
380 	1
382 	1
383 	1
384 	1
385 	1
387 	1
389 	1
390 	1
395 	1
397 	1
399 	1
401 	1
402 	1
407 	1
412 	1
414 	1
424 	1
425 	1
426 	1
428 	1
429 	1
430 	1
433 	1
435 	1
436 	1
438 	1
439 	1
440 	1
441 	1
442 	1
444 	1
445 	1
446 	1
449 	1
450 	1
453 	1
456 	1
457 	1
458 	1
462 	1
463 	1
464 	1
465 	1
467 	1
470 	1
473 	1
475 	1
480 	1
486 	1
487 	1
488 	1
491 	1
492 	1
494 	1
496 	1
497 	1
505 	1
508 	1
509 	1
510 	1
511 	1
513 	1
514 	1
515 	1
518 	1
519 	1
520 	1
521 	1
522 	1
526 	1
529 	1
530 	1
531 	1
532 	1
533 	1
534 	1
536 	1
537 	1
540 	1
541 	1
544 	1
546 	1
552 	1
553 	1
554 	1
556 	1
557 	1
560 	1
562 	1
563 	1
564 	1
565 	1
566 	1
567 	1
568 	1
569 	1
570 	1
571 	1
572 	1
574 	1
575 	1
576 	1
577 	1
578 	1
580 	1
582 	1
584 	1
587 	1
589 	1
590 	1
592 	1
593 	1
596 	1
600 	1
601 	1
603 	1
604 	1
605 	1
606 	1
607 	1
608 	1
609 	1
610 	1
611 	1
612 	1
615 	1
616 	1
617 	1
620 	1
621 	1
622 	1
623 	1
626 	1
628 	1
632 	1
633 	1
634 	1
636 	1
637 	1
638 	1
644 	1
646 	1
649 	1
651 	1
653 	1
655 	1
660 	1
661 	1
664 	1
665 	1
666 	1
668 	1
669 	1
671 	1
672 	1
673 	1
676 	1
677 	1
678 	1
679 	1
680 	1
683 	1
685 	1
686 	1
687 	1
688 	1
691 	1
695 	1
696 	1
702 	1
707 	1
708 	1
711 	1
715 	1
717 	1
719 	1
721 	1
722 	1
723 	1
724 	1
726 	1
727 	1
728 	1
730 	1
731 	1
732 	1
734 	1
736 	1
739 	1
742 	1
743 	1
745 	1
747 	1
749 	1
750 	1
751 	1
754 	1
756 	1
760 	1
761 	1
763 	1
764 	1
767 	1
770 	1
772 	1
774 	1
776 	1
781 	1
783 	1
784 	1
791 	1
792 	1
797 	1
799 	1
800 	1
805 	1
807 	1
809 	1
814 	1
816 	1
817 	1
821 	1
825 	1
827 	1
829 	1
832 	1
834 	1
835 	1
836 	1
837 	1
838 	1
839 	1
841 	1
844 	1
845 	1
846 	1
847 	1
848 	1
850 	1
852 	1
854 	1
857 	1
859 	1
861 	1
862 	1
863 	1
864 	1
865 	1
867 	1
868 	1
870 	1
872 	1
873 	1
874 	1
877 	1
878 	1
884 	1
886 	1
887 	1
888 	1
894 	1
895 	1
896 	1
898 	1
900 	1
901 	1
903 	1
904 	1
905 	1
906 	1
908 	1
913 	1
920 	1
924 	1
926 	1
927 	1
928 	1
930 	1
933 	1
935 	1
936 	1
937 	1
939 	1
940 	1
944 	1
953 	1
954 	1
958 	1
961 	1
962 	1
963 	1
964 	1
965 	1
966 	1
970 	1
974 	1
975 	1
976 	1
977 	1
978 	1
980 	1
982 	1
983 	1
985 	1
987 	1
989 	1
990 	1
993 	1
995 	1
996 	1
997 	1
999 	1
1000 	1
1004 	1
1005 	1
1008 	1
1012 	1
1014 	1
1015 	1
1018 	1
1023 	1
1024 	1
1026 	1
1028 	1
1030 	1
1031 	1
1036 	1
1037 	1
1038 	1
1040 	1
1042 	1
1043 	1
1047 	1
1050 	1
1052 	1
1054 	1
1057 	1
1059 	1
1061 	1
1062 	1
1063 	1
1064 	1
1065 	1
1066 	1
1068 	1
1071 	1
1073 	1
1077 	1
1078 	1
1080 	1
1083 	1
1085 	1
1087 	1
1094 	1
1097 	1
1099 	1
1101 	1
1102 	1
1103 	1
1104 	1
1106 	1
1107 	1
1110 	1
1111 	1
1112 	1
1113 	1
1114 	1
1116 	1
1117 	1
1119 	1
1120 	1
1121 	1
1124 	1
1125 	1
1126 	1
1127 	1
1128 	1
1130 	1
1131 	1
1133 	1
1134 	1
1135 	1
1136 	1
1139 	1
1142 	1
1143 	1
1144 	1
1145 	1
1146 	1
1147 	1
1150 	1
1152 	1
1153 	1
1157 	1
1158 	1
1159 	1
1160 	1
1162 	1
1163 	1
1164 	1
1170 	1
1173 	1
1175 	1
1179 	1
1184 	1
1186 	1
1187 	1
1188 	1
1191 	1
1192 	1
1193 	1
1194 	1
1196 	1
1197 	1
1199 	1
1200 	1
1204 	1
1208 	1
1213 	1
1216 	1
1218 	1
1219 	1
1223 	1
1225 	1
1233 	1
1234 	1
1236 	1
1238 	1
1239 	1
1240 	1
1242 	1
1244 	1
1245 	1
1246 	1
1250 	1
1251 	1
1253 	1
1256 	1
1258 	1
1260 	1
1262 	1
1269 	1
1270 	1
1273 	1
1275 	1
1276 	1
1277 	1
1278 	1
1279 	1
1281 	1
1282 	1
1283 	1
1285 	1
1287 	1
1289 	1
1290 	1
1293 	1
1296 	1
1298 	1
1302 	1
1305 	1
1306 	1
1307 	1
1308 	1
1312 	1
1313 	1
1315 	1
1317 	1
1321 	1
1322 	1
1325 	1
1327 	1
1328 	1
1335 	1
1336 	1
1337 	1
1339 	1
1340 	1
1341 	1
1342 	1
1343 	1
1344 	1
1345 	1
1346 	1
1351 	1
1352 	1
1353 	1
1355 	1
1356 	1
1357 	1
1359 	1
1362 	1
1363 	1
1365 	1
1370 	1
1371 	1
1372 	1
1374 	1
1375 	1
1380 	1
1383 	1
1384 	1
1386 	1
1387 	1
1388 	1
1391 	1
1392 	1
1393 	1
1395 	1
1396 	1
1399 	1
1401 	1
1402 	1
1405 	1
1408 	1
1411 	1
1413 	1
1416 	1
1421 	1
1424 	1
1426 	1
1429 	1
1431 	1
1432 	1
1433 	1
1435 	1
1436 	1
1437 	1
1440 	1
1445 	1
1446 	1
1447 	1
1448 	1
1451 	1
1454 	1
1457 	1
1458 	1
1459 	1
1462 	1
1465 	1
1471 	1
1472 	1
1474 	1
1476 	1
1477 	1
1478 	1
1480 	1
1481 	1
1482 	1
1486 	1
1487 	1
1488 	1
1490 	1
1493 	1
1497 	1
1502 	1
1503 	1
1505 	1
1506 	1
1508 	1
1510 	1
1511 	1
1512 	1
1513 	1
1514 	1
1516 	1
1518 	1
1519 	1
1520 	1
1524 	1
1528 	1
1531 	1
1532 	1
1533 	1
1534 	1
1535 	1
1537 	1
1539 	1
1541 	1
1542 	1
1543 	1
1545 	1
1549 	1
1550 	1
1551 	1
1552 	1
1554 	1
1556 	1
1557 	1
1563 	1
1565 	1
1569 	1
1572 	1
1573 	1
1574 	1
1576 	1
1578 	1
1579 	1
1583 	1
1585 	1
1587 	1
1588 	1
1589 	1
1590 	1
1592 	1
1593 	1
1595 	1
1596 	1
1597 	1
1599 	1
1602 	1
1603 	1
1605 	1
1606 	1
1608 	1
1610 	1
1612 	1
1615 	1
1616 	1
1617 	1
1624 	1
1626 	1
1628 	1
1630 	1
1634 	1
1636 	1
1638 	1
1639 	1
1640 	1
1643 	1
1646 	1
1649 	1
1650 	1
1653 	1
1655 	1
1656 	1
1657 	1
1658 	1
1659 	1
1660 	1
1661 	1
1664 	1
1665 	1
1669 	1
1670 	1
1671 	1
1672 	1
1680 	1
1681 	1
1682 	1
1684 	1
1690 	1
1692 	1
1693 	1
1694 	1
1695 	1
1696 	1
1698 	1
1702 	1
1704 	1
1705 	1
1706 	1
1709 	1
1714 	1
1718 	1
1721 	1
1722 	1
1723 	1
1724 	1
1725 	1
1726 	1
1730 	1
1732 	1
1734 	1
1735 	1
1737 	1
1738 	1
1739 	1
1742 	1
1745 	1
1747 	1
1748 	1
1749 	1
1750 	1
1754 	1
1756 	1
1757 	1
1761 	1
1762 	1
1763 	1
1764 	1
1765 	1
1766 	1
1767 	1
1768 	1
1770 	1
1771 	1
1772 	1
1776 	1
1778 	1
1779 	1
1781 	1
1782 	1
1783 	1
1784 	1
1786 	1
1787 	1
1788 	1
1790 	1
1795 	1
1796 	1
1797 	1
1802 	1
1803 	1
1805 	1
1806 	1
1808 	1
1810 	1
1813 	1
1814 	1
1815 	1
1817 	1
1819 	1
1820 	1
1821 	1
1822 	1
1826 	1
1827 	1
1828 	1
1831 	1
1833 	1
1834 	1
1838 	1
1841 	1
1842 	1
1843 	1
1844 	1
1845 	1
1847 	1
1848 	1
1849 	1
1851 	1
1852 	1
1853 	1
1857 	1
1858 	1
1860 	1
1864 	1
1869 	1
1870 	1
1872 	1
1874 	1
1876 	1
1877 	1
1878 	1
1880 	1
1881 	1
1886 	1
1887 	1
1888 	1
1890 	1
1893 	1
1895 	1
1898 	1
1899 	1
1900 	1
1904 	1
1905 	1
1906 	1
1907 	1
1908 	1
1910 	1
1911 	1
1913 	1
1914 	1
1916 	1
1917 	1
1920 	1
1922 	1
1925 	1
1927 	1
1930 	1
1931 	1
1933 	1
1936 	1
1939 	1
1941 	1
1944 	1
1945 	1
1947 	1
1948 	1
1949 	1
1950 	1
1951 	1
1952 	1
1958 	1
1962 	1
1964 	1
1965 	1
1974 	1
1980 	1
1983 	1
1985 	1
1990 	1
1993 	1
1995 	1
1996 	1
1998 	1
2001 	1
2002 	1
2003 	1
2004 	1
2005 	1
2006 	1
2010 	1
2012 	1
2015 	1
2016 	1
2018 	1
2020 	1
2021 	1
2022 	1
2023 	1
2025 	1
2026 	1
2027 	1
2035 	1
2037 	1
2038 	1
2039 	1
2040 	1
2041 	1
2042 	1
2043 	1
2045 	1
2046 	1
2049 	1
2053 	1
2062 	1
2064 	1
2067 	1
2068 	1
2069 	1
2070 	1
2071 	1
2072 	1
2073 	1
2074 	1
2077 	1
2078 	1
2080 	1
2081 	1
2082 	1
2084 	1
2085 	1
2087 	1
2089 	1
2090 	1
2092 	1
2096 	1
2098 	1
2101 	1
2106 	1
2107 	1
2108 	1
2109 	1
2110 	1
2115 	1
2116 	1
2117 	1
2119 	1
2121 	1
2123 	1
2124 	1
2126 	1
2128 	1
2129 	1
2132 	1
2133 	1
2135 	1
2138 	1
2139 	1
2140 	1
2141 	1
2144 	1
2146 	1
2148 	1
2151 	1
2152 	1
2153 	1
2155 	1
2156 	1
2164 	1
2165 	1
2166 	1
2170 	1
2171 	1
2172 	1
2175 	1
2176 	1
2177 	1
2179 	1
2181 	1
2182 	1
2183 	1
2184 	1
2187 	1
2190 	1
2192 	1
2193 	1
2195 	1
2198 	1
2200 	1
2201 	1
2202 	1
2203 	1
2206 	1
2207 	1
2208 	1
2213 	1
2216 	1
2219 	1
2222 	1
2225 	1
2227 	1
2231 	1
2232 	1
2233 	1
2239 	1
2241 	1
2243 	1
2245 	1
2248 	1
2253 	1
2257 	1
2258 	1
2259 	1
2260 	1
2261 	1
2262 	1
2266 	1
2267 	1
2268 	1
2269 	1
2270 	1
2271 	1
2272 	1
2274 	1
2275 	1
2276 	1
2278 	1
2279 	1
2280 	1
2281 	1
2283 	1
2284 	1
2285 	1
2286 	1
2288 	1
2289 	1
2290 	1
2292 	1
2293 	1
2294 	1
2296 	1
2297 	1
2298 	1
2299 	1
2300 	1
2303 	1
2305 	1
2309 	1
2310 	1
2313 	1
2314 	1
2315 	1
2316 	1
2317 	1
2318 	1
2320 	1
2321 	1
2323 	1
2327 	1
2328 	1
2329 	1
2331 	1
2332 	1
2334 	1
2335 	1
2336 	1
2338 	1
2340 	1
2342 	1
2343 	1
2344 	1
2345 	1
2349 	1
2350 	1
2353 	1
2354 	1
2355 	1
2356 	1
2358 	1
2361 	1
2362 	1
2363 	1
2370 	1
2371 	1
2372 	1
2375 	1
2379 	1
2382 	1
2383 	1
2384 	1
2386 	1
2388 	1
2389 	1
2390 	1
2392 	1
2394 	1
2396 	1
2397 	1
2398 	1
2401 	1
2403 	1
2404 	1
2406 	1
2407 	1
2409 	1
2410 	1
2414 	1
2415 	1
2416 	1
2418 	1
2419 	1
2421 	1
2423 	1
2424 	1
2426 	1
2429 	1
2431 	1
2433 	1
2434 	1
2436 	1
2437 	1
2438 	1
2439 	1
2441 	1
2442 	1
2444 	1
2446 	1
2448 	1
2453 	1
2454 	1
2456 	1
2459 	1
2462 	1
2463 	1
2465 	1
2467 	1
2468 	1
2470 	1
2478 	1
2479 	1
2480 	1
2483 	1
2486 	1
2494 	1
2495 	1
2498 	1
2499 	1
2500 	1
2504 	1
2506 	1
2508 	1
2509 	1
2513 	1
2515 	1
2519 	1
2524 	1
2528 	1
2529 	1
2530 	1
2531 	1
2533 	1
2534 	1
2536 	1
2538 	1
2540 	1
2541 	1
2542 	1
2546 	1
2548 	1
2551 	1
2554 	1
2559 	1
2562 	1
2565 	1
2567 	1
2568 	1
2569 	1
2572 	1
2573 	1
2574 	1
2576 	1
2579 	1
2580 	1
2586 	1
2588 	1
2589 	1
2592 	1
2594 	1
2595 	1
2597 	1
2598 	1
2600 	1
2601 	1
2602 	1
2606 	1
2608 	1
2610 	1
2611 	1
2613 	1
2614 	1
2618 	1
2619 	1
2620 	1
2621 	1
2623 	1
2625 	1
2626 	1
2627 	1
2628 	1
2629 	1
2631 	1
2634 	1
2636 	1
2641 	1
2645 	1
2646 	1
2649 	1
2650 	1
2652 	1
2653 	1
2655 	1
2663 	1
2667 	1
2668 	1
2670 	1
2671 	1
2672 	1
2673 	1
2679 	1
2680 	1
2681 	1
2684 	1
2686 	1
2687 	1
2689 	1
2696 	1
2698 	1
2699 	1
2700 	1
2709 	1
2711 	1
2713 	1
2714 	1
2717 	1
2718 	1
2719 	1
2720 	1
2721 	1
2722 	1
2724 	1
2726 	1
2727 	1
2729 	1
2730 	1
2731 	1
2732 	1
2735 	1
2736 	1
2738 	1
2740 	1
2741 	1
2742 	1
2743 	1
2745 	1
2751 	1
2755 	1
2756 	1
2758 	1
2764 	1
2766 	1
2767 	1
2768 	1
2771 	1
2772 	1
2775 	1
2777 	1
2778 	1
2781 	1
2784 	1
2787 	1
2793 	1
2797 	1
2799 	1
2803 	1
2806 	1
2807 	1
2809 	1
2812 	1
2814 	1
2815 	1
2817 	1
2821 	1
2824 	1
2825 	1
2826 	1
2827 	1
2828 	1
2831 	1
2832 	1
2839 	1
2840 	1
2841 	1
2842 	1
2844 	1
2848 	1
2851 	1
2855 	1
2856 	1
2857 	1
2858 	1
2863 	1
2864 	1
2865 	1
2866 	1
2870 	1
2871 	1
2872 	1
2873 	1
2874 	1
2875 	1
2876 	1
2878 	1
2879 	1
2880 	1
2883 	1
2885 	1
2887 	1
2888 	1
2890 	1
2891 	1
2892 	1
2893 	1
2895 	1
2896 	1
2897 	1
2898 	1
2901 	1
2903 	1
2904 	1
2905 	1
2906 	1
2911 	1
2913 	1
2915 	1
2921 	1
2922 	1
2924 	1
2925 	1
2927 	1
2933 	1
2935 	1
2940 	1
2942 	1
2944 	1
2945 	1
2948 	1
2949 	1
2952 	1
2956 	1
2957 	1
2958 	1
2959 	1
2964 	1
2965 	1
2967 	1
2970 	1
2974 	1
2977 	1
2980 	1
2981 	1
2982 	1
2983 	1
2987 	1
2988 	1
2990 	1
2993 	1
2999 	1
3001 	1
3002 	1
3003 	1
3004 	1
3007 	1
3009 	1
3010 	1
3011 	1
3015 	1
3016 	1
3018 	1
3019 	1
3020 	1
3022 	1
3024 	1
3025 	1
3028 	1
3029 	1
3030 	1
3031 	1
3035 	1
3036 	1
3037 	1
3040 	1
3041 	1
3042 	1
3045 	1
3047 	1
3048 	1
3050 	1
3053 	1
3054 	1
3055 	1
3056 	1
3058 	1
3059 	1
3060 	1
3062 	1
3063 	1
3067 	1
3068 	1
3069 	1
3070 	1
3074 	1
3076 	1
3077 	1
3078 	1
3079 	1
3080 	1
3082 	1
3087 	1
3088 	1
3089 	1
3090 	1
3091 	1
3092 	1
3097 	1
3098 	1
3099 	1
3102 	1
3105 	1
3106 	1
3107 	1
3108 	1
3109 	1
3110 	1
3112 	1
3114 	1
3116 	1
3118 	1
3119 	1
3122 	1
3125 	1
3126 	1
3134 	1
3137 	1
3138 	1
3143 	1
3145 	1
3147 	1
3149 	1
3150 	1
3152 	1
3154 	1
3157 	1
3158 	1
3159 	1
3161 	1
3162 	1
3163 	1
3165 	1
3166 	1
3167 	1
3170 	1
3171 	1
3173 	1
3174 	1
3175 	1
3176 	1
3177 	1
3178 	1
3179 	1
3180 	1
3184 	1
3188 	1
3191 	1
3193 	1
3194 	1
3195 	1
3196 	1
3198 	1
3199 	1
3200 	1
3201 	1
3202 	1
3203 	1
3204 	1
3207 	1
3208 	1
3210 	1
3212 	1
3214 	1
3215 	1
3221 	1
3223 	1
3224 	1
3231 	1
3232 	1
3233 	1
3234 	1
3235 	1
3236 	1
3239 	1
3242 	1
3243 	1
3245 	1
3247 	1
3249 	1
3250 	1
3254 	1
3257 	1
3259 	1
3263 	1
3264 	1
3266 	1
3267 	1
3270 	1
3272 	1
3275 	1
3276 	1
3277 	1
3278 	1
3279 	1
3281 	1
3283 	1
3286 	1
3288 	1
3289 	1
3292 	1
3293 	1
3294 	1
3295 	1
3300 	1
3303 	1
3304 	1
3306 	1
3308 	1
3309 	1
3312 	1
3314 	1
3315 	1
3319 	1
3321 	1
3322 	1
3323 	1
3326 	1
3328 	1
3330 	1
3333 	1
3334 	1
3335 	1
3336 	1
3338 	1
3340 	1
3341 	1
3343 	1
3344 	1
3347 	1
3349 	1
3350 	1
3351 	1
3358 	1
3360 	1
3363 	1
3366 	1
3367 	1
3369 	1
3370 	1
3371 	1
3373 	1
3377 	1
3384 	1
3385 	1
3386 	1
3388 	1
3390 	1
3391 	1
3394 	1
3395 	1
3396 	1
3401 	1
3402 	1
3403 	1
3405 	1
3406 	1
3407 	1
3411 	1
3413 	1
3417 	1
3418 	1
3420 	1
3424 	1
3428 	1
3430 	1
3431 	1
3434 	1
3435 	1
3437 	1
3438 	1
3440 	1
3441 	1
3443 	1
3445 	1
3448 	1
3449 	1
3451 	1
3453 	1
3454 	1
3455 	1
3456 	1
3459 	1
3461 	1
3462 	1
3463 	1
3464 	1
3469 	1
3474 	1
3475 	1
3476 	1
3480 	1
3483 	1
3486 	1
3488 	1
3489 	1
3491 	1
3493 	1
3499 	1
3500 	1
3502 	1
3503 	1
3504 	1
3505 	1
3507 	1
3508 	1
3510 	1
3512 	1
3513 	1
3514 	1
3518 	1
3519 	1
3521 	1
3523 	1
3524 	1
3526 	1
3527 	1
3528 	1
3529 	1
3530 	1
3534 	1
3538 	1
3539 	1
3540 	1
3542 	1
3543 	1
3544 	1
3546 	1
3549 	1
3550 	1
3554 	1
3563 	1
3564 	1
3565 	1
3566 	1
3568 	1
3571 	1
3572 	1
3574 	1
3575 	1
3576 	1
3578 	1
3585 	1
3586 	1
3587 	1
3590 	1
3592 	1
3595 	1
3599 	1
3600 	1
3607 	1
3609 	1
3611 	1
3613 	1
3614 	1
3616 	1
3618 	1
3621 	1
3622 	1
3624 	1
3627 	1
3628 	1
3629 	1
3632 	1
3636 	1
3643 	1
3645 	1
3646 	1
3647 	1
3649 	1
3651 	1
3652 	1
3654 	1
3657 	1
3658 	1
3660 	1
3661 	1
3664 	1
3665 	1
3666 	1
3670 	1
3671 	1
3672 	1
3677 	1
3678 	1
3679 	1
3683 	1
3684 	1
3687 	1
3691 	1
3692 	1
3693 	1
3696 	1
3697 	1
3698 	1
3701 	1
3703 	1
3704 	1
3705 	1
3708 	1
3709 	1
3710 	1
3711 	1
3714 	1
3715 	1
3716 	1
3719 	1
3720 	1
3722 	1
3725 	1
3726 	1
3727 	1
3731 	1
3733 	1
3736 	1
3737 	1
3739 	1
3740 	1
3741 	1
3743 	1
3746 	1
3747 	1
3750 	1
3752 	1
3754 	1
3756 	1
3757 	1
3759 	1
3763 	1
3768 	1
3769 	1
3770 	1
3771 	1
3774 	1
3775 	1
3776 	1
3778 	1
3779 	1
3780 	1
3782 	1
3785 	1
3786 	1
3787 	1
3791 	1
3794 	1
3795 	1
3797 	1
3798 	1
3800 	1
3803 	1
3805 	1
3809 	1
3810 	1
3811 	1
3817 	1
3821 	1
3822 	1
3823 	1
3826 	1
3827 	1
3832 	1
3833 	1
3834 	1
3839 	1
3841 	1
3843 	1
3844 	1
3848 	1
3853 	1
3855 	1
3856 	1
3858 	1
3863 	1
3864 	1
3866 	1
3867 	1
3868 	1
3869 	1
3870 	1
3871 	1
3875 	1
3877 	1
3879 	1
3881 	1
3883 	1
3887 	1
3888 	1
3889 	1
3894 	1
3896 	1
3898 	1
3899 	1
3900 	1
3902 	1
3903 	1
3904 	1
3906 	1
3908 	1
3910 	1
3914 	1
3918 	1
3919 	1
3920 	1
3922 	1
3925 	1
3926 	1
3929 	1
3931 	1
3935 	1
3936 	1
3940 	1
3942 	1
3943 	1
3944 	1
3946 	1
3949 	1
3951 	1
3953 	1
3956 	1
3958 	1
3960 	1
3962 	1
3963 	1
3964 	1
3965 	1
3967 	1
3970 	1
3971 	1
3975 	1
3978 	1
3979 	1
3980 	1
3981 	1
3982 	1
3983 	1
3984 	1
3985 	1
3986 	1
3988 	1
3989 	1
3990 	1
3998 	1
4002 	1
4003 	1
4004 	1
4005 	1
4007 	1
4008 	1
4009 	1
4011 	1
4012 	1
4013 	1
4016 	1
4022 	1
4023 	1
4030 	1
4031 	1
4032 	1
4033 	1
4035 	1
4037 	1
4038 	1
4039 	1
4040 	1
4041 	1
4043 	1
4045 	1
4047 	1
4048 	1
4049 	1
4050 	1
4051 	1
4055 	1
4056 	1
4057 	1
4059 	1
4060 	1
4063 	1
4068 	1
4069 	1
4071 	1
4072 	1
4073 	1
4074 	1
4075 	1
4079 	1
4081 	1
4083 	1
4085 	1
4088 	1
4089 	1
4090 	1
4091 	1
4092 	1
4093 	1
4095 	1
4097 	1
4104 	1
4106 	1
4107 	1
4108 	1
4110 	1
4115 	1
4121 	1
4123 	1
4124 	1
4126 	1
4127 	1
4130 	1
4132 	1
4133 	1
4134 	1
4135 	1
4136 	1
4139 	1
4140 	1
4141 	1
4143 	1
4144 	1
4145 	1
4148 	1
4149 	1
4153 	1
4156 	1
4157 	1
4159 	1
4160 	1
4167 	1
4168 	1
4173 	1
4174 	1
4177 	1
4178 	1
4179 	1
4183 	1
4184 	1
4186 	1
4187 	1
4191 	1
4197 	1
4202 	1
4204 	1
4207 	1
4208 	1
4209 	1
4212 	1
4215 	1
4216 	1
4218 	1
4219 	1
4221 	1
4223 	1
4224 	1
4225 	1
4226 	1
4227 	1
4231 	1
4232 	1
4234 	1
4235 	1
4238 	1
4239 	1
4240 	1
4243 	1
4245 	1
4246 	1
4247 	1
4248 	1
4250 	1
4251 	1
4253 	1
4254 	1
4258 	1
4261 	1
4263 	1
4264 	1
4265 	1
4268 	1
4270 	1
4271 	1
4273 	1
4278 	1
4280 	1
4281 	1
4282 	1
4287 	1
4288 	1
4289 	1
4291 	1
4292 	1
4293 	1
4294 	1
4295 	1
4296 	1
4297 	1
4299 	1
4302 	1
4304 	1
4305 	1
4306 	1
4309 	1
4310 	1
4311 	1
4313 	1
4314 	1
4316 	1
4317 	1
4318 	1
4319 	1
4321 	1
4322 	1
4324 	1
4325 	1
4327 	1
4328 	1
4329 	1
4332 	1
4333 	1
4334 	1
4336 	1
4337 	1
4340 	1
4342 	1
4345 	1
4346 	1
4347 	1
4348 	1
4353 	1
4355 	1
4356 	1
4357 	1
4359 	1
4361 	1
4364 	1
4365 	1
4366 	1
4371 	1
4373 	1
4374 	1
4375 	1
4376 	1
4377 	1
4380 	1
4381 	1
4383 	1
4384 	1
4385 	1
4387 	1
4390 	1
4391 	1
4392 	1
4394 	1
4398 	1
4400 	1
4401 	1
4405 	1
4407 	1
4408 	1
4409 	1
4411 	1
4412 	1
4414 	1
4418 	1
4421 	1
4422 	1
4424 	1
4425 	1
4426 	1
4427 	1
4430 	1
4431 	1
4432 	1
4434 	1
4436 	1
4439 	1
4442 	1
4443 	1
4444 	1
4448 	1
4449 	1
4451 	1
4452 	1
4453 	1
4456 	1
4458 	1
4459 	1
4462 	1
4466 	1
4467 	1
4468 	1
4469 	1
4470 	1
4471 	1
4472 	1
4473 	1
4474 	1
4475 	1
4476 	1
4478 	1
4481 	1
4483 	1
4485 	1
4486 	1
4487 	1
4489 	1
4490 	1
4491 	1
4492 	1
4493 	1
4495 	1
4496 	1
4497 	1
4498 	1
4500 	1
4502 	1
4505 	1
4507 	1
4508 	1
4509 	1
4510 	1
4511 	1
4513 	1
4514 	1
4519 	1
4520 	1
4522 	1
4523 	1
4524 	1
4525 	1
4526 	1
4531 	1
4532 	1
4536 	1
4537 	1
4538 	1
4540 	1
4542 	1
4543 	1
4548 	1
4550 	1
4551 	1
4553 	1
4555 	1
4556 	1
4557 	1
4561 	1
4562 	1
4564 	1
4565 	1
4566 	1
4568 	1
4572 	1
4574 	1
4575 	1
4576 	1
4581 	1
4582 	1
4583 	1
4584 	1
4585 	1
4586 	1
4588 	1
4591 	1
4592 	1
4595 	1
4601 	1
4602 	1
4603 	1
4607 	1
4608 	1
4609 	1
4612 	1
4613 	1
4615 	1
4616 	1
4618 	1
4623 	1
4625 	1
4627 	1
4628 	1
4630 	1
4634 	1
4635 	1
4636 	1
4637 	1
4638 	1
4644 	1
4646 	1
4650 	1
4651 	1
4655 	1
4656 	1
4657 	1
4661 	1
4663 	1
4665 	1
4666 	1
4672 	1
4676 	1
4681 	1
4683 	1
4684 	1
4686 	1
4689 	1
4691 	1
4692 	1
4695 	1
4697 	1
4700 	1
4703 	1
4704 	1
4706 	1
4708 	1
4710 	1
4711 	1
4712 	1
4715 	1
4718 	1
4719 	1
4722 	1
4723 	1
4724 	1
4725 	1
4727 	1
4729 	1
4730 	1
4731 	1
4733 	1
4736 	1
4742 	1
4743 	1
4746 	1
4747 	1
4748 	1
4749 	1
4755 	1
4757 	1
4759 	1
4760 	1
4762 	1
4767 	1
4769 	1
4771 	1
4772 	1
4779 	1
4780 	1
4783 	1
4785 	1
4789 	1
4790 	1
4791 	1
4794 	1
4796 	1
4797 	1
4798 	1
4799 	1
4801 	1
4802 	1
4803 	1
4805 	1
4806 	1
4807 	1
4808 	1
4809 	1
4811 	1
4812 	1
4813 	1
4814 	1
4815 	1
4817 	1
4820 	1
4822 	1
4824 	1
4825 	1
4829 	1
4831 	1
4832 	1
4833 	1
4835 	1
4836 	1
4837 	1
4839 	1
4844 	1
4849 	1
4852 	1
4853 	1
4855 	1
4857 	1
4859 	1
4860 	1
4862 	1
4863 	1
4864 	1
4870 	1
4872 	1
4876 	1
4877 	1
4878 	1
4880 	1
4881 	1
4884 	1
4889 	1
4894 	1
4895 	1
4896 	1
4898 	1
4899 	1
4900 	1
4901 	1
4903 	1
4912 	1
4915 	1
4918 	1
4921 	1
4922 	1
4923 	1
4924 	1
4925 	1
4926 	1
4927 	1
4931 	1
4934 	1
4937 	1
4939 	1
4940 	1
4941 	1
4943 	1
4944 	1
4946 	1
4948 	1
4949 	1
4950 	1
4951 	1
4952 	1
4954 	1
4955 	1
4957 	1
4958 	1
4959 	1
4960 	1
4963 	1
4964 	1
4966 	1
4971 	1
4975 	1
4976 	1
4979 	1
4981 	1
4983 	1
4984 	1
4986 	1
4989 	1
4991 	1
4994 	1
4995 	1
4999 	1
5001 	1
5005 	1
5006 	1
5007 	1
5008 	1
5012 	1
5013 	1
5014 	1
5015 	1
5016 	1
5017 	1
5018 	1
5019 	1
5020 	1
5021 	1
5023 	1
5025 	1
5026 	1
5027 	1
5028 	1
5029 	1
5035 	1
5036 	1
5037 	1
5038 	1
5039 	1
5040 	1
5041 	1
5046 	1
5048 	1
5050 	1
5051 	1
5052 	1
5054 	1
5055 	1
5059 	1
5060 	1
5061 	1
5064 	1
5065 	1
5066 	1
5067 	1
5068 	1
5070 	1
5071 	1
5073 	1
5074 	1
5075 	1
5076 	1
5077 	1
5078 	1
5079 	1
5080 	1
5081 	1
5082 	1
5083 	1
5085 	1
5086 	1
5087 	1
5092 	1
5093 	1
5094 	1
5095 	1
5096 	1
5097 	1
5101 	1
5104 	1
5108 	1
5109 	1
5111 	1
5114 	1
5115 	1
5123 	1
5124 	1
5125 	1
5126 	1
5128 	1
5131 	1
5132 	1
5133 	1
5134 	1
5136 	1
5138 	1
5139 	1
5140 	1
5146 	1
5147 	1
5148 	1
5149 	1
5151 	1
5153 	1
5156 	1
5157 	1
5158 	1
5159 	1
5160 	1
5161 	1
5164 	1
5166 	1
5168 	1
5169 	1
5170 	1
5171 	1
5172 	1
5173 	1
5174 	1
5175 	1
5177 	1
5178 	1
5180 	1
5187 	1
5188 	1
5189 	1
5191 	1
5194 	1
5196 	1
5197 	1
5198 	1
5200 	1
5201 	1
5202 	1
5205 	1
5206 	1
5208 	1
5210 	1
5212 	1
5214 	1
5215 	1
5220 	1
5221 	1
5222 	1
5223 	1
5226 	1
5229 	1
5231 	1
5236 	1
5238 	1
5243 	1
5246 	1
5247 	1
5248 	1
5254 	1
5255 	1
5256 	1
5257 	1
5258 	1
5261 	1
5263 	1
5264 	1
5265 	1
5266 	1
5268 	1
5269 	1
5270 	1
5276 	1
5277 	1
5279 	1
5280 	1
5282 	1
5285 	1
5286 	1
5287 	1
5291 	1
5293 	1
5294 	1
5303 	1
5304 	1
5305 	1
5306 	1
5308 	1
5309 	1
5311 	1
5312 	1
5313 	1
5314 	1
5315 	1
5317 	1
5319 	1
5321 	1
5322 	1
5324 	1
5325 	1
5327 	1
5328 	1
5330 	1
5331 	1
5332 	1
5338 	1
5341 	1
5342 	1
5344 	1
5353 	1
5355 	1
5359 	1
5360 	1
5362 	1
5365 	1
5367 	1
5377 	1
5379 	1
5380 	1
5381 	1
5382 	1
5384 	1
5387 	1
5389 	1
5390 	1
5394 	1
5395 	1
5396 	1
5398 	1
5399 	1
5400 	1
5401 	1
5403 	1
5405 	1
5406 	1
5407 	1
5408 	1
5411 	1
5414 	1
5415 	1
5416 	1
5417 	1
5418 	1
5419 	1
5423 	1
5424 	1
5428 	1
5429 	1
5433 	1
5434 	1
5436 	1
5439 	1
5440 	1
5441 	1
5443 	1
5445 	1
5446 	1
5447 	1
5451 	1
5452 	1
5453 	1
5454 	1
5458 	1
5459 	1
5462 	1
5464 	1
5467 	1
5468 	1
5470 	1
5474 	1
5475 	1
5476 	1
5477 	1
5483 	1
5484 	1
5492 	1
5493 	1
5494 	1
5496 	1
5497 	1
5498 	1
5499 	1
5500 	1
5502 	1
5507 	1
5509 	1
5510 	1
5513 	1
5516 	1
5521 	1
5522 	1
5524 	1
5528 	1
5529 	1
5530 	1
5532 	1
5533 	1
5534 	1
5535 	1
5536 	1
5538 	1
5540 	1
5547 	1
5552 	1
5553 	1
5554 	1
5556 	1
5558 	1
5561 	1
5562 	1
5565 	1
5566 	1
5567 	1
5568 	1
5569 	1
5571 	1
5576 	1
5581 	1
5583 	1
5586 	1
5587 	1
5596 	1
5601 	1
5603 	1
5605 	1
5606 	1
5607 	1
5610 	1
5612 	1
5615 	1
5616 	1
5618 	1
5620 	1
5621 	1
5622 	1
5624 	1
5626 	1
5630 	1
5631 	1
5634 	1
5637 	1
5641 	1
5643 	1
5645 	1
5646 	1
5656 	1
5657 	1
5659 	1
5660 	1
5661 	1
5664 	1
5665 	1
5667 	1
5671 	1
5672 	1
5673 	1
5675 	1
5678 	1
5681 	1
5682 	1
5683 	1
5685 	1
5686 	1
5687 	1
5692 	1
5698 	1
5699 	1
5700 	1
5701 	1
5706 	1
5707 	1
5710 	1
5714 	1
5715 	1
5716 	1
5717 	1
5720 	1
5721 	1
5722 	1
5727 	1
5728 	1
5729 	1
5730 	1
5731 	1
5732 	1
5735 	1
5736 	1
5737 	1
5739 	1
5741 	1
5742 	1
5743 	1
5745 	1
5748 	1
5755 	1
5758 	1
5760 	1
5761 	1
5762 	1
5763 	1
5766 	1
5767 	1
5768 	1
5770 	1
5772 	1
5774 	1
5775 	1
5777 	1
5779 	1
5781 	1
5782 	1
5783 	1
5784 	1
5787 	1
5788 	1
5789 	1
5790 	1
5792 	1
5793 	1
5794 	1
5795 	1
5797 	1
5803 	1
5804 	1
5808 	1
5812 	1
5813 	1
5814 	1
5815 	1
5820 	1
5821 	1
5822 	1
5825 	1
5826 	1
5830 	1
5831 	1
5832 	1
5834 	1
5835 	1
5837 	1
5838 	1
5840 	1
5841 	1
5843 	1
5847 	1
5850 	1
5851 	1
5853 	1
5854 	1
5858 	1
5859 	1
5866 	1
5869 	1
5870 	1
5871 	1
5872 	1
5873 	1
5876 	1
5878 	1
5879 	1
5883 	1
5884 	1
5885 	1
5887 	1
5888 	1
5891 	1
5894 	1
5895 	1
5896 	1
5899 	1
5900 	1
5903 	1
5904 	1
5906 	1
5907 	1
5908 	1
5912 	1
5913 	1
5914 	1
5915 	1
5917 	1
5918 	1
5920 	1
5930 	1
5932 	1
5935 	1
5937 	1
5938 	1
5940 	1
5941 	1
5943 	1
5945 	1
5946 	1
5949 	1
5952 	1
5953 	1
5954 	1
5955 	1
5957 	1
5959 	1
5963 	1
5964 	1
5965 	1
5966 	1
5967 	1
5968 	1
5969 	1
5972 	1
5973 	1
5975 	1
5978 	1
5983 	1
5984 	1
5985 	1
5986 	1
5987 	1
5988 	1
5991 	1
5994 	1
5995 	1
5997 	1
6003 	1
6004 	1
6005 	1
6006 	1
6007 	1
6009 	1
6010 	1
6012 	1
6014 	1
6020 	1
6021 	1
6024 	1
6026 	1
6027 	1
6028 	1
6032 	1
6033 	1
6034 	1
6037 	1
6039 	1
6041 	1
6043 	1
6045 	1
6046 	1
6049 	1
6052 	1
6056 	1
6057 	1
6059 	1
6060 	1
6063 	1
6065 	1
6072 	1
6073 	1
6082 	1
6083 	1
6084 	1
6085 	1
6090 	1
6099 	1
6100 	1
6102 	1
6103 	1
6104 	1
6106 	1
6109 	1
6110 	1
6112 	1
6116 	1
6120 	1
6126 	1
6128 	1
6131 	1
6133 	1
6134 	1
6138 	1
6139 	1
6140 	1
6142 	1
6143 	1
6146 	1
6149 	1
6150 	1
6151 	1
6156 	1
6157 	1
6158 	1
6159 	1
6160 	1
6162 	1
6163 	1
6164 	1
6167 	1
6170 	1
6176 	1
6178 	1
6179 	1
6180 	1
6181 	1
6182 	1
6184 	1
6185 	1
6186 	1
6190 	1
6192 	1
6193 	1
6197 	1
6199 	1
6203 	1
6204 	1
6206 	1
6207 	1
6208 	1
6210 	1
6212 	1
6213 	1
6214 	1
6216 	1
6217 	1
6219 	1
6228 	1
6231 	1
6233 	1
6235 	1
6236 	1
6239 	1
6242 	1
6245 	1
6247 	1
6248 	1
6249 	1
6252 	1
6254 	1
6255 	1
6258 	1
6262 	1
6263 	1
6264 	1
6268 	1
6270 	1
6271 	1
6273 	1
6274 	1
6275 	1
6276 	1
6278 	1
6281 	1
6283 	1
6284 	1
6285 	1
6286 	1
6289 	1
6290 	1
6291 	1
6293 	1
6294 	1
6296 	1
6297 	1
6299 	1
6301 	1
6303 	1
6306 	1
6307 	1
6309 	1
6310 	1
6314 	1
6315 	1
6316 	1
6317 	1
6318 	1
6320 	1
6322 	1
6323 	1
6327 	1
6328 	1
6329 	1
6330 	1
6331 	1
6337 	1
6338 	1
6341 	1
6342 	1
6343 	1
6345 	1
6347 	1
6348 	1
6351 	1
6352 	1
6356 	1
6357 	1
6358 	1
6359 	1
6366 	1
6368 	1
6369 	1
6370 	1
6375 	1
6376 	1
6378 	1
6379 	1
6380 	1
6382 	1
6384 	1
6385 	1
6386 	1
6387 	1
6389 	1
6390 	1
6392 	1
6393 	1
6394 	1
6396 	1
6397 	1
6400 	1
6401 	1
6403 	1
6407 	1
6409 	1
6410 	1
6413 	1
6417 	1
6420 	1
6421 	1
6424 	1
6426 	1
6427 	1
6428 	1
6429 	1
6431 	1
6434 	1
6435 	1
6436 	1
6437 	1
6438 	1
6439 	1
6440 	1
6444 	1
6446 	1
6450 	1
6457 	1
6458 	1
6459 	1
6460 	1
6462 	1
6466 	1
6470 	1
6474 	1
6475 	1
6476 	1
6477 	1
6478 	1
6480 	1
6482 	1
6489 	1
6490 	1
6491 	1
6494 	1
6496 	1
6498 	1
6499 	1
6500 	1
6503 	1
6506 	1
6507 	1
6508 	1
6509 	1
6511 	1
6514 	1
6515 	1
6518 	1
6521 	1
6524 	1
6525 	1
6527 	1
6529 	1
6530 	1
6535 	1
6536 	1
6537 	1
6538 	1
6540 	1
6541 	1
6542 	1
6543 	1
6544 	1
6545 	1
6546 	1
6547 	1
6550 	1
6551 	1
6552 	1
6553 	1
6557 	1
6561 	1
6563 	1
6566 	1
6570 	1
6572 	1
6574 	1
6576 	1
6578 	1
6579 	1
6582 	1
6584 	1
6586 	1
6587 	1
6588 	1
6590 	1
6594 	1
6595 	1
6596 	1
6599 	1
6600 	1
6602 	1
6603 	1
6604 	1
6607 	1
6609 	1
6612 	1
6613 	1
6614 	1
6615 	1
6616 	1
6618 	1
6619 	1
6621 	1
6622 	1
6623 	1
6624 	1
6625 	1
6626 	1
6628 	1
6629 	1
6631 	1
6632 	1
6634 	1
6635 	1
6636 	1
6637 	1
6638 	1
6639 	1
6640 	1
6641 	1
6642 	1
6643 	1
6644 	1
6645 	1
6646 	1
6650 	1
6652 	1
6653 	1
6654 	1
6655 	1
6656 	1
6657 	1
6659 	1
6660 	1
6663 	1
6664 	1
6667 	1
6669 	1
6671 	1
6672 	1
6673 	1
6676 	1
6677 	1
6678 	1
6682 	1
6684 	1
6688 	1
6690 	1
6692 	1
6697 	1
6699 	1
6701 	1
6706 	1
6708 	1
6710 	1
6711 	1
6713 	1
6714 	1
6718 	1
6720 	1
6722 	1
6723 	1
6724 	1
6725 	1
6726 	1
6727 	1
6728 	1
6732 	1
6737 	1
6738 	1
6740 	1
6742 	1
6745 	1
6750 	1
6751 	1
6752 	1
6753 	1
6754 	1
6756 	1
6757 	1
6760 	1
6761 	1
6764 	1
6767 	1
6769 	1
6770 	1
6772 	1
6773 	1
6774 	1
6775 	1
6776 	1
6777 	1
6779 	1
6781 	1
6782 	1
6783 	1
6786 	1
6787 	1
6791 	1
6793 	1
6798 	1
6799 	1
6801 	1
6802 	1
6804 	1
6805 	1
6809 	1
6810 	1
6811 	1
6812 	1
6813 	1
6814 	1
6818 	1
6819 	1
6822 	1
6824 	1
6826 	1
6828 	1
6832 	1
6834 	1
6839 	1
6843 	1
6844 	1
6846 	1
6850 	1
6851 	1
6852 	1
6857 	1
6858 	1
6859 	1
6860 	1
6861 	1
6862 	1
6863 	1
6864 	1
6866 	1
6868 	1
6869 	1
6870 	1
6871 	1
6877 	1
6878 	1
6879 	1
6880 	1
6883 	1
6884 	1
6885 	1
6886 	1
6889 	1
6890 	1
6891 	1
6898 	1
6899 	1
6900 	1
6901 	1
6903 	1
6904 	1
6905 	1
6906 	1
6913 	1
6914 	1
6918 	1
6919 	1
6921 	1
6924 	1
6925 	1
6926 	1
6928 	1
6929 	1
6930 	1
6933 	1
6934 	1
6935 	1
6936 	1
6937 	1
6939 	1
6940 	1
6942 	1
6943 	1
6944 	1
6945 	1
6948 	1
6950 	1
6951 	1
6956 	1
6957 	1
6958 	1
6959 	1
6960 	1
6962 	1
6968 	1
6970 	1
6971 	1
6972 	1
6973 	1
6975 	1
6976 	1
6977 	1
6978 	1
6979 	1
6984 	1
6985 	1
6986 	1
6988 	1
6989 	1
6991 	1
6994 	1
6997 	1
6998 	1
7000 	1
7009 	1
7011 	1
7013 	1
7015 	1
7018 	1
7019 	1
7025 	1
7026 	1
7027 	1
7028 	1
7030 	1
7032 	1
7034 	1
7035 	1
7036 	1
7040 	1
7044 	1
7045 	1
7048 	1
7049 	1
7050 	1
7053 	1
7055 	1
7056 	1
7057 	1
7059 	1
7066 	1
7067 	1
7068 	1
7070 	1
7077 	1
7078 	1
7081 	1
7084 	1
7086 	1
7087 	1
7090 	1
7092 	1
7093 	1
7097 	1
7099 	1
7100 	1
7102 	1
7107 	1
7108 	1
7111 	1
7114 	1
7115 	1
7116 	1
7118 	1
7119 	1
7120 	1
7121 	1
7123 	1
7128 	1
7131 	1
7132 	1
7135 	1
7136 	1
7138 	1
7140 	1
7141 	1
7143 	1
7146 	1
7147 	1
7148 	1
7150 	1
7152 	1
7153 	1
7156 	1
7158 	1
7159 	1
7160 	1
7161 	1
7162 	1
7163 	1
7168 	1
7169 	1
7173 	1
7174 	1
7175 	1
7176 	1
7185 	1
7187 	1
7188 	1
7189 	1
7190 	1
7191 	1
7192 	1
7195 	1
7197 	1
7198 	1
7199 	1
7200 	1
7204 	1
7205 	1
7207 	1
7209 	1
7211 	1
7212 	1
7213 	1
7214 	1
7215 	1
7216 	1
7219 	1
7220 	1
7221 	1
7222 	1
7224 	1
7226 	1
7231 	1
7233 	1
7236 	1
7238 	1
7241 	1
7242 	1
7243 	1
7244 	1
7245 	1
7247 	1
7249 	1
7250 	1
7251 	1
7252 	1
7253 	1
7256 	1
7257 	1
7259 	1
7260 	1
7261 	1
7262 	1
7264 	1
7268 	1
7270 	1
7275 	1
7277 	1
7279 	1
7281 	1
7286 	1
7288 	1
7290 	1
7293 	1
7296 	1
7297 	1
7302 	1
7304 	1
7305 	1
7308 	1
7310 	1
7311 	1
7313 	1
7315 	1
7316 	1
7317 	1
7318 	1
7319 	1
7320 	1
7323 	1
7324 	1
7327 	1
7328 	1
7329 	1
7333 	1
7334 	1
7339 	1
7341 	1
7347 	1
7348 	1
7352 	1
7354 	1
7355 	1
7357 	1
7360 	1
7362 	1
7363 	1
7367 	1
7368 	1
7370 	1
7371 	1
7372 	1
7375 	1
7376 	1
7379 	1
7382 	1
7385 	1
7386 	1
7387 	1
7389 	1
7390 	1
7392 	1
7393 	1
7394 	1
7395 	1
7398 	1
7399 	1
7400 	1
7403 	1
7404 	1
7407 	1
7408 	1
7409 	1
7411 	1
7414 	1
7415 	1
7416 	1
7417 	1
7419 	1
7420 	1
7422 	1
7425 	1
7426 	1
7428 	1
7430 	1
7432 	1
7434 	1
7436 	1
7437 	1
7438 	1
7439 	1
7442 	1
7443 	1
7445 	1
7447 	1
7452 	1
7453 	1
7455 	1
7456 	1
7457 	1
7462 	1
7464 	1
7466 	1
7468 	1
7470 	1
7471 	1
7473 	1
7474 	1
7476 	1
7477 	1
7478 	1
7479 	1
7481 	1
7484 	1
7488 	1
7490 	1
7492 	1
7493 	1
7496 	1
7497 	1
7499 	1
7503 	1
7507 	1
7508 	1
7509 	1
7510 	1
7512 	1
7514 	1
7518 	1
7520 	1
7521 	1
7523 	1
7527 	1
7530 	1
7535 	1
7536 	1
7537 	1
7541 	1
7542 	1
7544 	1
7547 	1
7548 	1
7549 	1
7551 	1
7553 	1
7554 	1
7557 	1
7559 	1
7560 	1
7563 	1
7564 	1
7565 	1
7567 	1
7568 	1
7571 	1
7574 	1
7575 	1
7580 	1
7582 	1
7587 	1
7592 	1
7595 	1
7597 	1
7598 	1
7599 	1
7600 	1
7601 	1
7602 	1
7603 	1
7604 	1
7607 	1
7608 	1
7610 	1
7612 	1
7614 	1
7615 	1
7616 	1
7617 	1
7621 	1
7623 	1
7624 	1
7625 	1
7626 	1
7628 	1
7631 	1
7632 	1
7634 	1
7635 	1
7637 	1
7639 	1
7640 	1
7641 	1
7642 	1
7643 	1
7646 	1
7649 	1
7651 	1
7653 	1
7655 	1
7656 	1
7657 	1
7658 	1
7661 	1
7665 	1
7666 	1
7667 	1
7668 	1
7669 	1
7670 	1
7671 	1
7672 	1
7673 	1
7676 	1
7677 	1
7681 	1
7684 	1
7685 	1
7686 	1
7687 	1
7688 	1
7689 	1
7690 	1
7692 	1
7694 	1
7695 	1
7696 	1
7700 	1
7701 	1
7702 	1
7707 	1
7708 	1
7709 	1
7711 	1
7712 	1
7715 	1
7716 	1
7717 	1
7719 	1
7721 	1
7722 	1
7723 	1
7726 	1
7727 	1
7728 	1
7730 	1
7732 	1
7734 	1
7735 	1
7736 	1
7743 	1
7744 	1
7745 	1
7746 	1
7747 	1
7748 	1
7752 	1
7753 	1
7757 	1
7759 	1
7764 	1
7767 	1
7768 	1
7770 	1
7772 	1
7775 	1
7776 	1
7777 	1
7778 	1
7781 	1
7782 	1
7783 	1
7786 	1
7787 	1
7789 	1
7793 	1
7794 	1
7795 	1
7796 	1
7797 	1
7798 	1
7799 	1
7800 	1
7801 	1
7802 	1
7807 	1
7808 	1
7811 	1
7812 	1
7813 	1
7815 	1
7816 	1
7818 	1
7819 	1
7821 	1
7822 	1
7823 	1
7827 	1
7829 	1
7835 	1
7837 	1
7840 	1
7841 	1
7842 	1
7843 	1
7845 	1
7846 	1
7847 	1
7848 	1
7849 	1
7852 	1
7856 	1
7857 	1
7859 	1
7860 	1
7862 	1
7863 	1
7864 	1
7865 	1
7866 	1
7867 	1
7868 	1
7870 	1
7871 	1
7872 	1
7873 	1
7874 	1
7875 	1
7876 	1
7878 	1
7879 	1
7880 	1
7884 	1
7885 	1
7888 	1
7892 	1
7893 	1
7896 	1
7899 	1
7900 	1
7902 	1
7903 	1
7904 	1
7905 	1
7906 	1
7907 	1
7908 	1
7910 	1
7911 	1
7912 	1
7915 	1
7916 	1
7918 	1
7919 	1
7920 	1
7923 	1
7925 	1
7927 	1
7928 	1
7929 	1
7930 	1
7931 	1
7935 	1
7936 	1
7937 	1
7939 	1
7940 	1
7942 	1
7943 	1
7945 	1
7947 	1
7949 	1
7950 	1
7952 	1
7953 	1
7956 	1
7957 	1
7959 	1
7962 	1
7965 	1
7966 	1
7967 	1
7968 	1
7969 	1
7972 	1
7975 	1
7979 	1
7982 	1
7983 	1
7984 	1
7985 	1
7994 	1
7997 	1
7998 	1
7999 	1
8001 	1
8002 	1
8003 	1
8004 	1
8005 	1
8006 	1
8007 	1
8011 	1
8014 	1
8015 	1
8016 	1
8018 	1
8019 	1
8022 	1
8023 	1
8027 	1
8029 	1
8030 	1
8031 	1
8033 	1
8034 	1
8037 	1
8040 	1
8045 	1
8046 	1
8051 	1
8052 	1
8053 	1
8056 	1
8057 	1
8062 	1
8064 	1
8067 	1
8068 	1
8069 	1
8070 	1
8071 	1
8072 	1
8074 	1
8075 	1
8078 	1
8080 	1
8081 	1
8087 	1
8097 	1
8101 	1
8102 	1
8103 	1
8105 	1
8106 	1
8107 	1
8110 	1
8112 	1
8113 	1
8114 	1
8116 	1
8118 	1
8120 	1
8122 	1
8127 	1
8132 	1
8136 	1
8137 	1
8140 	1
8141 	1
8142 	1
8148 	1
8149 	1
8150 	1
8152 	1
8155 	1
8160 	1
8163 	1
8164 	1
8167 	1
8168 	1
8170 	1
8171 	1
8173 	1
8175 	1
8177 	1
8178 	1
8179 	1
8180 	1
8183 	1
8184 	1
8185 	1
8187 	1
8188 	1
8189 	1
8190 	1
8191 	1
8193 	1
8198 	1
8202 	1
8204 	1
8207 	1
8210 	1
8217 	1
8218 	1
8220 	1
8221 	1
8223 	1
8225 	1
8229 	1
8231 	1
8234 	1
8236 	1
8238 	1
8239 	1
8240 	1
8241 	1
8242 	1
8243 	1
8244 	1
8245 	1
8247 	1
8248 	1
8251 	1
8252 	1
8254 	1
8255 	1
8257 	1
8259 	1
8263 	1
8267 	1
8268 	1
8271 	1
8273 	1
8279 	1
8281 	1
8285 	1
8286 	1
8287 	1
8293 	1
8294 	1
8295 	1
8298 	1
8299 	1
8300 	1
8302 	1
8305 	1
8306 	1
8307 	1
8308 	1
8309 	1
8312 	1
8314 	1
8316 	1
8319 	1
8320 	1
8321 	1
8322 	1
8324 	1
8325 	1
8327 	1
8329 	1
8333 	1
8334 	1
8338 	1
8342 	1
8343 	1
8345 	1
8346 	1
8357 	1
8358 	1
8359 	1
8361 	1
8362 	1
8363 	1
8365 	1
8369 	1
8370 	1
8371 	1
8372 	1
8373 	1
8378 	1
8383 	1
8384 	1
8387 	1
8389 	1
8390 	1
8391 	1
8392 	1
8394 	1
8396 	1
8400 	1
8402 	1
8403 	1
8405 	1
8406 	1
8407 	1
8412 	1
8413 	1
8417 	1
8420 	1
8421 	1
8423 	1
8424 	1
8425 	1
8426 	1
8428 	1
8430 	1
8431 	1
8433 	1
8435 	1
8436 	1
8437 	1
8438 	1
8439 	1
8440 	1
8441 	1
8445 	1
8446 	1
8449 	1
8451 	1
8452 	1
8454 	1
8455 	1
8456 	1
8458 	1
8459 	1
8460 	1
8461 	1
8462 	1
8463 	1
8467 	1
8468 	1
8469 	1
8471 	1
8472 	1
8473 	1
8474 	1
8475 	1
8476 	1
8486 	1
8487 	1
8489 	1
8490 	1
8493 	1
8494 	1
8495 	1
8496 	1
8497 	1
8499 	1
8500 	1
8501 	1
8504 	1
8507 	1
8509 	1
8511 	1
8513 	1
8517 	1
8519 	1
8522 	1
8524 	1
8525 	1
8526 	1
8528 	1
8530 	1
8532 	1
8534 	1
8536 	1
8542 	1
8543 	1
8544 	1
8546 	1
8549 	1
8550 	1
8551 	1
8552 	1
8553 	1
8558 	1
8560 	1
8561 	1
8562 	1
8563 	1
8564 	1
8566 	1
8568 	1
8569 	1
8570 	1
8574 	1
8575 	1
8576 	1
8583 	1
8584 	1
8586 	1
8588 	1
8590 	1
8591 	1
8593 	1
8596 	1
8597 	1
8600 	1
8601 	1
8602 	1
8603 	1
8606 	1
8607 	1
8608 	1
8609 	1
8610 	1
8613 	1
8615 	1
8616 	1
8619 	1
8622 	1
8623 	1
8625 	1
8627 	1
8628 	1
8630 	1
8631 	1
8632 	1
8634 	1
8635 	1
8637 	1
8640 	1
8642 	1
8649 	1
8650 	1
8651 	1
8652 	1
8654 	1
8655 	1
8658 	1
8659 	1
8661 	1
8662 	1
8663 	1
8664 	1
8665 	1
8666 	1
8667 	1
8672 	1
8673 	1
8675 	1
8679 	1
8680 	1
8681 	1
8683 	1
8688 	1
8689 	1
8697 	1
8702 	1
8703 	1
8707 	1
8715 	1
8717 	1
8720 	1
8721 	1
8723 	1
8726 	1
8730 	1
8731 	1
8733 	1
8736 	1
8741 	1
8744 	1
8747 	1
8750 	1
8754 	1
8755 	1
8756 	1
8757 	1
8758 	1
8759 	1
8761 	1
8763 	1
8765 	1
8768 	1
8769 	1
8771 	1
8772 	1
8774 	1
8778 	1
8779 	1
8780 	1
8782 	1
8783 	1
8789 	1
8791 	1
8794 	1
8795 	1
8796 	1
8797 	1
8799 	1
8800 	1
8801 	1
8803 	1
8805 	1
8806 	1
8807 	1
8810 	1
8811 	1
8812 	1
8818 	1
8820 	1
8821 	1
8822 	1
8825 	1
8826 	1
8827 	1
8829 	1
8830 	1
8831 	1
8834 	1
8835 	1
8838 	1
8840 	1
8841 	1
8844 	1
8845 	1
8847 	1
8848 	1
8851 	1
8852 	1
8854 	1
8856 	1
8857 	1
8858 	1
8859 	1
8861 	1
8862 	1
8866 	1
8867 	1
8874 	1
8875 	1
8877 	0.92793715847
