Number of items 	Total Weight 	Total Profit 
5323 	1744810.0 	359383.932715 


Total time: 0.124353885651 s
Average time: 0.0310894846916 s
Last call: 4.05311584473e-06 s
Stamp 1 of the total: 0h 0m 0s 124ms 124353\u00B5s
Stamp 2 of the total: 00:00:00.0124
Pattern that ignores zeros:
124ms 124353\u00B5s
0124

Item    Fraction

2 	1
3 	1
9 	1
10 	1
12 	1
15 	1
16 	1
17 	1
19 	1
20 	1
24 	1
27 	1
30 	1
31 	1
34 	1
35 	1
36 	1
37 	1
43 	1
44 	1
45 	1
47 	1
49 	1
55 	1
57 	1
59 	1
62 	1
65 	1
67 	1
69 	1
70 	1
72 	1
74 	1
77 	1
80 	1
82 	1
83 	1
87 	1
92 	1
93 	1
95 	1
99 	1
103 	1
105 	1
106 	1
108 	1
109 	1
111 	1
114 	1
118 	1
119 	1
120 	1
123 	1
124 	1
125 	1
126 	1
128 	1
129 	1
130 	1
131 	1
132 	1
133 	1
134 	1
135 	1
136 	1
137 	1
139 	1
140 	1
142 	1
146 	1
147 	1
148 	1
153 	1
158 	1
159 	1
160 	1
161 	1
163 	1
166 	1
167 	1
168 	1
176 	1
178 	1
179 	1
184 	1
185 	1
186 	1
187 	1
190 	1
192 	1
194 	1
197 	1
198 	1
200 	1
201 	1
202 	1
203 	1
204 	1
206 	1
207 	1
208 	1
209 	1
210 	1
211 	1
212 	1
214 	1
218 	1
222 	1
224 	1
228 	1
232 	1
234 	1
235 	1
236 	1
240 	1
243 	1
244 	1
246 	1
247 	1
249 	1
253 	1
254 	1
255 	1
257 	1
260 	1
263 	1
267 	1
268 	1
274 	1
276 	1
277 	1
279 	1
280 	1
287 	1
288 	1
290 	1
291 	1
293 	1
294 	1
296 	1
298 	1
301 	1
303 	1
305 	1
306 	1
307 	1
315 	1
317 	1
318 	1
319 	1
324 	1
326 	1
327 	1
330 	1
333 	1
335 	1
336 	1
337 	1
344 	1
346 	1
348 	1
350 	1
352 	1
355 	1
357 	1
359 	1
360 	1
362 	1
363 	1
364 	1
370 	1
371 	1
373 	1
374 	1
376 	1
378 	1
379 	1
380 	1
384 	1
385 	1
386 	1
389 	1
390 	1
391 	1
393 	1
394 	1
395 	1
396 	1
399 	1
401 	1
403 	1
404 	1
405 	1
406 	1
407 	1
408 	1
410 	1
411 	1
414 	1
415 	1
421 	1
424 	1
429 	1
430 	1
431 	1
437 	1
438 	1
440 	1
444 	1
446 	1
451 	1
452 	1
456 	1
458 	1
462 	1
463 	1
469 	1
473 	1
475 	1
477 	1
479 	1
483 	1
485 	1
486 	1
487 	1
490 	1
491 	1
492 	1
494 	1
495 	1
498 	1
500 	1
502 	1
503 	1
505 	1
508 	1
510 	1
511 	1
513 	1
514 	1
515 	1
518 	1
519 	1
524 	1
525 	1
526 	1
527 	1
528 	1
529 	1
530 	1
531 	1
533 	1
534 	1
537 	1
539 	1
540 	1
542 	1
545 	1
548 	1
549 	1
550 	1
551 	1
552 	1
553 	1
556 	1
560 	1
561 	1
562 	1
563 	1
564 	1
565 	1
566 	1
567 	1
570 	1
571 	1
574 	1
575 	1
578 	1
579 	1
581 	1
582 	1
584 	1
587 	1
588 	1
589 	1
590 	1
591 	1
592 	1
593 	1
595 	1
596 	1
598 	1
599 	1
601 	1
604 	1
605 	1
607 	1
609 	1
610 	1
612 	1
616 	1
618 	1
620 	1
621 	1
623 	1
625 	1
628 	1
629 	1
630 	1
632 	1
633 	1
636 	1
642 	1
643 	1
645 	1
648 	1
656 	1
659 	1
660 	1
661 	1
662 	1
664 	1
667 	1
669 	1
675 	1
676 	1
677 	1
679 	1
680 	1
681 	1
683 	1
687 	1
692 	1
693 	1
695 	1
699 	1
700 	1
701 	1
702 	1
703 	1
708 	1
712 	1
713 	1
718 	1
720 	1
722 	1
725 	1
727 	1
730 	1
731 	1
734 	1
737 	1
738 	1
739 	1
741 	1
742 	1
745 	1
746 	1
749 	1
757 	1
759 	1
760 	1
762 	1
764 	1
766 	1
768 	1
769 	1
771 	1
773 	1
774 	1
780 	1
781 	1
784 	1
785 	1
787 	1
791 	1
792 	1
793 	1
794 	1
795 	1
796 	1
798 	1
799 	1
802 	1
803 	1
804 	1
808 	1
811 	1
816 	1
820 	1
822 	1
823 	1
824 	1
825 	1
826 	1
828 	1
834 	1
837 	1
840 	1
843 	1
844 	1
846 	1
847 	1
848 	1
851 	1
853 	1
854 	1
857 	1
860 	1
861 	1
865 	1
866 	1
867 	1
869 	1
871 	1
872 	1
873 	1
875 	1
877 	1
878 	1
880 	1
884 	1
885 	1
886 	1
888 	1
890 	1
891 	1
896 	1
898 	1
901 	1
904 	1
905 	1
906 	1
908 	1
910 	1
911 	1
912 	1
913 	1
914 	1
915 	1
916 	1
917 	1
918 	1
920 	1
921 	1
923 	1
924 	1
925 	1
926 	1
928 	1
930 	1
931 	1
932 	1
937 	1
938 	1
939 	1
941 	1
943 	1
944 	1
946 	1
956 	1
964 	1
965 	1
966 	1
968 	1
969 	1
975 	1
977 	1
978 	1
979 	1
981 	1
982 	1
985 	1
987 	1
989 	1
990 	1
991 	1
993 	1
998 	1
999 	1
1003 	1
1005 	1
1006 	1
1007 	1
1010 	1
1012 	1
1013 	1
1017 	1
1019 	1
1020 	1
1025 	1
1028 	1
1030 	1
1031 	1
1033 	1
1035 	1
1036 	1
1037 	1
1038 	1
1039 	1
1040 	1
1041 	1
1043 	1
1044 	1
1046 	1
1047 	1
1048 	1
1049 	1
1057 	1
1058 	1
1060 	1
1062 	1
1065 	1
1066 	1
1067 	1
1070 	1
1071 	1
1075 	1
1078 	1
1080 	1
1082 	1
1084 	1
1089 	1
1091 	1
1095 	1
1098 	1
1100 	1
1101 	1
1104 	1
1106 	1
1111 	1
1112 	1
1113 	1
1114 	1
1116 	1
1117 	1
1118 	1
1119 	1
1120 	1
1124 	1
1125 	1
1126 	1
1128 	1
1129 	1
1130 	1
1131 	1
1133 	1
1137 	1
1140 	1
1143 	1
1147 	1
1150 	1
1151 	1
1155 	1
1156 	1
1160 	1
1162 	1
1163 	1
1164 	1
1165 	1
1167 	1
1168 	1
1169 	1
1171 	1
1173 	1
1174 	1
1175 	1
1177 	1
1180 	1
1181 	1
1182 	1
1183 	1
1185 	1
1186 	1
1188 	1
1190 	1
1192 	1
1195 	1
1196 	1
1198 	1
1200 	1
1201 	1
1204 	1
1205 	1
1207 	1
1211 	1
1215 	1
1216 	1
1218 	1
1219 	1
1220 	1
1221 	1
1223 	1
1226 	1
1227 	1
1228 	1
1230 	1
1232 	1
1234 	1
1236 	1
1238 	1
1239 	1
1240 	1
1243 	1
1244 	1
1245 	1
1248 	1
1249 	1
1253 	1
1254 	1
1256 	1
1257 	1
1258 	1
1259 	1
1260 	1
1263 	1
1265 	1
1269 	1
1270 	1
1271 	1
1273 	1
1275 	1
1277 	1
1280 	1
1285 	1
1287 	1
1291 	1
1293 	1
1294 	1
1295 	1
1299 	1
1300 	1
1304 	1
1305 	1
1309 	1
1311 	1
1313 	1
1314 	1
1315 	1
1316 	1
1318 	1
1320 	1
1321 	1
1325 	1
1327 	1
1328 	1
1329 	1
1333 	1
1334 	1
1338 	1
1340 	1
1343 	1
1345 	1
1346 	1
1348 	1
1349 	1
1350 	1
1351 	1
1352 	1
1356 	1
1358 	1
1360 	1
1364 	1
1366 	1
1368 	1
1369 	1
1370 	1
1371 	1
1372 	1
1373 	1
1375 	1
1376 	1
1378 	1
1379 	1
1382 	1
1385 	1
1386 	1
1387 	1
1394 	1
1395 	1
1396 	1
1398 	1
1402 	1
1403 	1
1405 	1
1408 	1
1409 	1
1410 	1
1412 	1
1417 	1
1418 	1
1421 	1
1427 	1
1428 	1
1429 	1
1430 	1
1433 	1
1434 	1
1437 	1
1438 	1
1440 	1
1441 	1
1442 	1
1443 	1
1445 	1
1447 	1
1448 	1
1449 	1
1450 	1
1452 	1
1454 	1
1456 	1
1457 	1
1458 	1
1462 	1
1464 	1
1467 	1
1468 	1
1469 	1
1472 	1
1473 	1
1477 	1
1478 	1
1479 	1
1484 	1
1486 	1
1489 	1
1490 	1
1491 	1
1493 	1
1494 	1
1495 	1
1498 	1
1500 	1
1501 	1
1504 	1
1505 	1
1506 	1
1507 	1
1508 	1
1512 	1
1514 	1
1517 	1
1518 	1
1519 	1
1520 	1
1521 	1
1524 	1
1528 	1
1529 	1
1531 	1
1534 	1
1535 	1
1536 	1
1537 	1
1541 	1
1542 	1
1545 	1
1546 	1
1549 	1
1550 	1
1551 	1
1552 	1
1553 	1
1554 	1
1555 	1
1556 	1
1558 	1
1560 	1
1562 	1
1563 	1
1568 	1
1569 	1
1570 	1
1573 	1
1574 	1
1576 	1
1579 	1
1580 	1
1583 	1
1587 	1
1590 	1
1592 	1
1593 	1
1594 	1
1595 	1
1596 	1
1601 	1
1602 	1
1603 	1
1604 	1
1606 	1
1608 	1
1611 	1
1612 	1
1614 	1
1617 	1
1618 	1
1620 	1
1621 	1
1624 	1
1625 	1
1626 	1
1627 	1
1628 	1
1639 	1
1641 	1
1644 	1
1647 	1
1649 	1
1651 	1
1653 	1
1655 	1
1657 	1
1658 	1
1659 	1
1661 	1
1662 	1
1663 	1
1664 	1
1665 	1
1666 	1
1667 	1
1668 	1
1671 	1
1674 	1
1675 	1
1677 	1
1679 	1
1681 	1
1683 	1
1684 	1
1686 	1
1688 	1
1696 	1
1698 	1
1699 	1
1701 	1
1704 	1
1705 	1
1706 	1
1708 	1
1709 	1
1711 	1
1712 	1
1713 	1
1715 	1
1716 	1
1717 	1
1718 	1
1719 	1
1721 	1
1723 	1
1724 	1
1725 	1
1726 	1
1731 	1
1732 	1
1733 	1
1734 	1
1735 	1
1737 	1
1738 	1
1739 	1
1740 	1
1741 	1
1742 	1
1744 	1
1747 	1
1748 	1
1750 	1
1751 	1
1754 	1
1756 	1
1760 	1
1761 	1
1764 	1
1765 	1
1766 	1
1768 	1
1769 	1
1771 	1
1772 	1
1774 	1
1780 	1
1781 	1
1783 	1
1784 	1
1785 	1
1787 	1
1788 	1
1789 	1
1792 	1
1797 	1
1798 	1
1799 	1
1800 	1
1802 	1
1803 	1
1804 	1
1806 	1
1807 	1
1809 	1
1811 	1
1812 	1
1818 	1
1820 	1
1821 	1
1822 	1
1824 	1
1825 	1
1826 	1
1827 	1
1828 	1
1829 	1
1830 	1
1831 	1
1832 	1
1833 	1
1834 	1
1835 	1
1838 	1
1839 	1
1848 	1
1849 	1
1852 	1
1855 	1
1856 	1
1857 	1
1865 	1
1868 	1
1873 	1
1878 	1
1880 	1
1881 	1
1883 	1
1886 	1
1887 	1
1888 	1
1891 	1
1894 	1
1900 	1
1901 	1
1903 	1
1904 	1
1906 	1
1907 	1
1908 	1
1912 	1
1916 	1
1919 	1
1922 	1
1923 	1
1924 	1
1925 	1
1927 	1
1929 	1
1930 	1
1931 	1
1933 	1
1936 	1
1939 	1
1941 	1
1942 	1
1943 	1
1944 	1
1948 	1
1952 	1
1955 	1
1957 	1
1959 	1
1960 	1
1961 	1
1963 	1
1964 	1
1966 	1
1971 	1
1973 	1
1974 	1
1975 	1
1977 	1
1983 	1
1985 	1
1986 	1
1987 	1
1988 	1
1989 	1
1992 	1
1996 	1
1997 	1
1998 	1
2002 	1
2004 	1
2005 	1
2007 	1
2008 	1
2009 	1
2010 	1
2011 	1
2014 	1
2015 	1
2017 	1
2021 	1
2022 	1
2024 	1
2025 	1
2030 	1
2034 	1
2035 	1
2036 	1
2040 	1
2043 	1
2044 	1
2046 	1
2047 	1
2048 	1
2049 	1
2050 	1
2051 	1
2054 	1
2057 	1
2060 	1
2061 	1
2063 	1
2064 	1
2065 	1
2066 	1
2069 	1
2071 	1
2072 	1
2076 	1
2078 	1
2079 	1
2080 	1
2082 	1
2083 	1
2084 	1
2085 	1
2086 	1
2088 	1
2089 	1
2090 	1
2092 	1
2093 	1
2094 	1
2095 	1
2096 	1
2098 	1
2099 	1
2100 	1
2101 	1
2102 	1
2103 	1
2104 	1
2105 	1
2107 	1
2111 	1
2113 	1
2115 	1
2116 	1
2118 	1
2120 	1
2121 	1
2124 	1
2125 	1
2126 	1
2127 	1
2128 	1
2129 	1
2134 	1
2135 	1
2137 	1
2139 	1
2140 	1
2141 	1
2143 	1
2144 	1
2153 	1
2155 	1
2156 	1
2160 	1
2163 	1
2169 	1
2170 	1
2172 	1
2173 	1
2174 	1
2175 	1
2178 	1
2179 	1
2181 	1
2183 	1
2187 	1
2188 	1
2192 	1
2193 	1
2195 	1
2199 	1
2200 	1
2203 	1
2204 	1
2205 	1
2208 	1
2209 	1
2210 	1
2211 	1
2213 	1
2215 	1
2216 	1
2220 	1
2226 	1
2230 	1
2231 	1
2233 	1
2234 	1
2236 	1
2238 	1
2240 	1
2243 	1
2245 	1
2246 	1
2249 	1
2250 	1
2252 	1
2253 	1
2254 	1
2255 	1
2257 	1
2258 	1
2259 	1
2262 	1
2264 	1
2265 	1
2268 	1
2271 	1
2277 	1
2278 	1
2282 	1
2284 	1
2285 	1
2287 	1
2290 	1
2292 	1
2293 	1
2295 	1
2296 	1
2297 	1
2298 	1
2299 	1
2300 	1
2303 	1
2304 	1
2305 	1
2307 	1
2309 	1
2310 	1
2312 	1
2313 	1
2314 	1
2315 	1
2318 	1
2319 	1
2320 	1
2321 	1
2324 	1
2325 	1
2326 	1
2327 	1
2328 	1
2331 	1
2332 	1
2333 	1
2335 	1
2337 	1
2338 	1
2342 	1
2343 	1
2344 	1
2345 	1
2348 	1
2349 	1
2352 	1
2354 	1
2355 	1
2356 	1
2358 	1
2359 	1
2360 	1
2361 	1
2364 	1
2367 	1
2369 	1
2370 	1
2372 	1
2373 	1
2374 	1
2375 	1
2378 	1
2379 	1
2380 	1
2383 	1
2384 	1
2385 	1
2388 	1
2389 	1
2391 	1
2392 	1
2394 	1
2397 	1
2398 	1
2399 	1
2404 	1
2406 	1
2407 	1
2412 	1
2414 	1
2415 	1
2416 	1
2417 	1
2421 	1
2423 	1
2430 	1
2431 	1
2432 	1
2433 	1
2434 	1
2438 	1
2444 	1
2445 	1
2446 	1
2447 	1
2451 	1
2452 	1
2453 	1
2454 	1
2455 	1
2456 	1
2457 	1
2460 	1
2461 	1
2462 	1
2463 	1
2465 	1
2466 	1
2469 	1
2471 	1
2473 	1
2474 	1
2475 	1
2476 	1
2477 	1
2478 	1
2480 	1
2481 	1
2482 	1
2483 	1
2484 	1
2489 	1
2492 	1
2493 	1
2494 	1
2496 	1
2498 	1
2499 	1
2500 	1
2504 	1
2508 	1
2509 	1
2510 	1
2515 	1
2517 	1
2522 	1
2525 	1
2526 	1
2527 	1
2528 	1
2529 	1
2530 	1
2531 	1
2532 	1
2533 	1
2534 	1
2539 	1
2541 	1
2543 	1
2544 	1
2547 	1
2548 	1
2551 	1
2554 	1
2557 	1
2558 	1
2562 	1
2565 	1
2568 	1
2570 	1
2571 	1
2572 	1
2573 	1
2576 	1
2577 	1
2579 	1
2580 	1
2581 	1
2584 	1
2588 	1
2589 	1
2590 	1
2591 	1
2592 	1
2593 	1
2594 	1
2595 	1
2599 	1
2600 	1
2602 	1
2604 	1
2606 	1
2608 	1
2609 	1
2613 	1
2615 	1
2616 	1
2618 	1
2621 	1
2629 	1
2630 	1
2633 	1
2636 	1
2637 	1
2641 	1
2645 	1
2648 	1
2654 	1
2656 	1
2657 	1
2660 	1
2661 	1
2662 	1
2663 	1
2665 	1
2666 	1
2667 	1
2668 	1
2670 	1
2674 	1
2675 	1
2676 	1
2679 	1
2681 	1
2682 	1
2685 	1
2688 	1
2691 	1
2694 	1
2700 	1
2702 	1
2703 	1
2704 	1
2707 	1
2708 	1
2709 	1
2710 	1
2711 	1
2713 	1
2715 	1
2717 	1
2718 	1
2719 	1
2720 	1
2721 	1
2722 	1
2725 	1
2727 	1
2731 	1
2732 	1
2733 	1
2734 	1
2736 	1
2737 	1
2739 	1
2752 	1
2754 	1
2756 	1
2757 	1
2761 	1
2762 	1
2764 	1
2765 	1
2767 	1
2768 	1
2769 	1
2770 	1
2772 	1
2773 	1
2775 	1
2778 	1
2780 	1
2785 	1
2789 	1
2790 	1
2793 	1
2796 	1
2802 	1
2805 	1
2809 	1
2810 	1
2811 	1
2812 	1
2814 	1
2817 	1
2819 	1
2820 	1
2823 	1
2825 	1
2826 	1
2827 	1
2829 	1
2831 	1
2834 	1
2835 	1
2837 	1
2838 	1
2841 	1
2842 	1
2843 	1
2846 	1
2848 	1
2850 	1
2851 	1
2852 	1
2853 	1
2854 	1
2858 	1
2859 	1
2860 	1
2861 	1
2863 	1
2864 	1
2874 	1
2875 	1
2877 	1
2880 	1
2881 	1
2885 	1
2886 	1
2890 	1
2891 	1
2893 	1
2895 	1
2898 	1
2899 	1
2908 	1
2909 	1
2911 	1
2913 	1
2916 	1
2917 	1
2918 	1
2922 	1
2923 	1
2924 	1
2926 	1
2928 	1
2930 	1
2936 	1
2939 	1
2940 	1
2941 	1
2944 	1
2947 	1
2949 	1
2956 	1
2961 	1
2964 	1
2965 	1
2967 	1
2968 	1
2971 	1
2973 	1
2974 	1
2976 	1
2977 	1
2979 	1
2980 	1
2981 	1
2983 	1
2985 	1
2991 	1
2992 	1
2993 	1
2995 	1
2996 	1
3000 	1
3001 	1
3003 	1
3006 	1
3008 	1
3010 	1
3014 	1
3015 	1
3020 	1
3022 	1
3024 	1
3025 	1
3026 	1
3028 	1
3032 	1
3033 	1
3038 	1
3039 	1
3040 	1
3042 	1
3047 	1
3048 	1
3049 	1
3052 	1
3054 	1
3056 	1
3060 	1
3062 	1
3068 	1
3069 	1
3071 	1
3073 	1
3074 	1
3076 	1
3078 	1
3080 	1
3083 	1
3088 	1
3090 	1
3091 	1
3092 	1
3095 	1
3096 	1
3097 	1
3099 	1
3103 	1
3104 	1
3105 	1
3107 	1
3109 	1
3112 	1
3113 	1
3114 	1
3116 	1
3117 	1
3118 	1
3119 	1
3120 	1
3123 	1
3131 	1
3135 	1
3136 	1
3142 	1
3143 	1
3144 	1
3146 	1
3147 	1
3149 	1
3150 	1
3152 	1
3158 	1
3160 	1
3162 	1
3167 	1
3168 	1
3169 	1
3170 	1
3171 	1
3172 	1
3174 	1
3176 	1
3180 	1
3183 	1
3184 	1
3185 	1
3186 	1
3198 	1
3199 	1
3202 	1
3203 	1
3204 	1
3205 	1
3206 	1
3207 	1
3209 	1
3210 	1
3211 	1
3212 	1
3216 	1
3217 	1
3220 	1
3221 	1
3222 	1
3223 	1
3226 	1
3227 	1
3228 	1
3231 	1
3233 	1
3234 	1
3235 	1
3236 	1
3239 	1
3242 	1
3243 	1
3244 	1
3247 	1
3250 	1
3253 	1
3254 	1
3255 	1
3257 	1
3258 	1
3260 	1
3261 	1
3262 	1
3263 	1
3264 	1
3265 	1
3269 	1
3271 	1
3272 	1
3275 	1
3276 	1
3277 	1
3280 	1
3281 	1
3284 	1
3287 	1
3288 	1
3289 	1
3291 	1
3293 	1
3294 	1
3297 	1
3298 	1
3301 	1
3303 	1
3305 	1
3309 	1
3311 	1
3312 	1
3314 	1
3318 	1
3319 	1
3325 	1
3326 	1
3327 	1
3331 	1
3335 	1
3336 	1
3340 	1
3342 	1
3344 	1
3346 	1
3349 	1
3350 	1
3351 	1
3352 	1
3353 	1
3355 	1
3357 	1
3358 	1
3361 	1
3363 	1
3364 	1
3367 	1
3373 	1
3374 	1
3377 	1
3381 	1
3382 	1
3383 	1
3385 	1
3388 	1
3389 	1
3390 	1
3394 	1
3397 	1
3398 	1
3399 	1
3401 	1
3404 	1
3409 	1
3410 	1
3412 	1
3413 	1
3414 	1
3417 	1
3418 	1
3420 	1
3422 	1
3423 	1
3424 	1
3425 	1
3427 	1
3428 	1
3429 	1
3431 	1
3433 	1
3438 	1
3442 	1
3443 	1
3445 	1
3446 	1
3447 	1
3448 	1
3449 	1
3451 	1
3452 	1
3454 	1
3455 	1
3456 	1
3461 	1
3462 	1
3463 	1
3465 	1
3466 	1
3467 	1
3471 	1
3473 	1
3487 	1
3488 	1
3489 	1
3492 	1
3493 	1
3494 	1
3495 	1
3499 	1
3500 	1
3502 	1
3505 	1
3506 	1
3510 	1
3511 	1
3515 	1
3518 	1
3520 	1
3521 	1
3522 	1
3524 	1
3525 	1
3528 	1
3529 	1
3532 	1
3533 	1
3535 	1
3539 	1
3540 	1
3541 	1
3542 	1
3544 	1
3547 	1
3548 	1
3549 	1
3554 	1
3559 	1
3560 	1
3562 	1
3563 	1
3564 	1
3565 	1
3567 	1
3568 	1
3569 	1
3571 	1
3572 	1
3573 	1
3574 	1
3575 	1
3577 	1
3578 	1
3579 	1
3587 	1
3590 	1
3592 	1
3595 	1
3596 	1
3600 	1
3603 	1
3607 	1
3608 	1
3610 	1
3612 	1
3614 	1
3615 	1
3618 	1
3621 	1
3623 	1
3625 	1
3627 	1
3630 	1
3631 	1
3633 	1
3634 	1
3637 	1
3639 	1
3642 	1
3643 	1
3644 	1
3645 	1
3646 	1
3647 	1
3648 	1
3649 	1
3651 	1
3652 	1
3653 	1
3654 	1
3658 	1
3661 	1
3665 	1
3666 	1
3667 	1
3668 	1
3670 	1
3672 	1
3673 	1
3674 	1
3675 	1
3676 	1
3677 	1
3683 	1
3688 	1
3691 	1
3692 	1
3694 	1
3698 	1
3701 	1
3704 	1
3705 	1
3707 	1
3713 	1
3715 	1
3717 	1
3723 	1
3724 	1
3725 	1
3728 	1
3730 	1
3731 	1
3735 	1
3737 	1
3739 	1
3741 	1
3743 	1
3744 	1
3746 	1
3748 	1
3750 	1
3752 	1
3754 	1
3755 	1
3756 	1
3758 	1
3759 	1
3760 	1
3762 	1
3769 	1
3776 	1
3777 	1
3779 	1
3783 	1
3784 	1
3785 	1
3789 	1
3790 	1
3791 	1
3794 	1
3796 	1
3797 	1
3801 	1
3806 	1
3807 	1
3809 	1
3811 	1
3813 	1
3814 	1
3815 	1
3816 	1
3817 	1
3818 	1
3819 	1
3821 	1
3822 	1
3826 	1
3828 	1
3829 	1
3830 	1
3831 	1
3832 	1
3833 	1
3834 	1
3837 	1
3838 	1
3839 	1
3840 	1
3845 	1
3846 	1
3847 	1
3849 	1
3850 	1
3851 	1
3854 	1
3855 	1
3857 	1
3862 	1
3863 	1
3865 	1
3869 	1
3871 	1
3874 	1
3876 	1
3878 	1
3879 	1
3882 	1
3883 	1
3886 	1
3888 	1
3894 	1
3896 	1
3897 	1
3898 	1
3899 	1
3903 	1
3904 	1
3905 	1
3908 	1
3909 	1
3911 	1
3912 	1
3913 	1
3915 	1
3916 	1
3917 	1
3922 	1
3927 	1
3928 	1
3930 	1
3931 	1
3932 	1
3933 	1
3937 	1
3938 	1
3939 	1
3942 	1
3947 	1
3948 	1
3949 	1
3952 	1
3955 	1
3956 	1
3958 	1
3959 	1
3960 	1
3961 	1
3962 	1
3965 	1
3968 	1
3969 	1
3973 	1
3974 	1
3975 	1
3976 	1
3977 	1
3981 	1
3982 	1
3983 	1
3984 	1
3986 	1
3989 	1
3992 	1
3993 	1
3994 	1
3995 	1
3996 	1
4000 	1
4003 	1
4004 	1
4005 	1
4006 	1
4007 	1
4010 	1
4012 	1
4014 	1
4017 	1
4018 	1
4024 	1
4026 	1
4027 	1
4028 	1
4031 	1
4032 	1
4035 	1
4036 	1
4037 	1
4038 	1
4039 	1
4042 	1
4043 	1
4047 	1
4048 	1
4049 	1
4050 	1
4053 	1
4054 	1
4055 	1
4058 	1
4059 	1
4061 	1
4062 	1
4065 	1
4068 	1
4070 	1
4074 	1
4079 	1
4080 	1
4081 	1
4083 	1
4085 	1
4086 	1
4089 	1
4091 	1
4092 	1
4099 	1
4100 	1
4101 	1
4103 	1
4104 	1
4105 	1
4108 	1
4112 	1
4113 	1
4114 	1
4117 	1
4119 	1
4121 	1
4123 	1
4128 	1
4130 	1
4131 	1
4136 	1
4138 	1
4139 	1
4141 	1
4143 	1
4145 	1
4148 	1
4153 	1
4155 	1
4156 	1
4157 	1
4158 	1
4159 	1
4160 	1
4163 	1
4165 	1
4166 	1
4167 	1
4170 	1
4171 	1
4172 	1
4173 	1
4175 	1
4176 	1
4179 	1
4182 	1
4185 	1
4186 	1
4187 	1
4189 	1
4190 	1
4193 	1
4194 	1
4195 	1
4198 	1
4203 	1
4206 	1
4208 	1
4209 	1
4210 	1
4212 	1
4215 	1
4217 	1
4218 	1
4219 	1
4221 	1
4223 	1
4224 	1
4226 	1
4228 	1
4230 	1
4232 	1
4233 	1
4234 	1
4236 	1
4237 	1
4241 	1
4244 	1
4246 	1
4250 	1
4253 	1
4254 	1
4255 	1
4259 	1
4263 	1
4268 	1
4271 	1
4272 	1
4273 	1
4274 	1
4276 	1
4277 	1
4278 	1
4280 	1
4282 	1
4283 	1
4284 	1
4285 	1
4288 	1
4290 	1
4291 	1
4292 	1
4294 	1
4295 	1
4297 	1
4298 	1
4299 	1
4300 	1
4303 	1
4304 	1
4305 	1
4311 	1
4313 	1
4314 	1
4315 	1
4318 	1
4320 	1
4323 	1
4324 	1
4326 	1
4327 	1
4330 	1
4331 	1
4332 	1
4335 	1
4339 	1
4340 	1
4341 	1
4342 	1
4343 	1
4346 	1
4349 	1
4351 	1
4352 	1
4361 	1
4362 	1
4363 	1
4365 	1
4370 	1
4371 	1
4373 	1
4381 	1
4384 	1
4385 	1
4386 	1
4389 	1
4392 	1
4393 	1
4394 	1
4395 	1
4396 	1
4397 	1
4398 	1
4400 	1
4401 	1
4402 	1
4411 	1
4416 	1
4418 	1
4420 	1
4421 	1
4423 	1
4424 	1
4428 	1
4429 	1
4431 	1
4432 	1
4438 	1
4441 	1
4442 	1
4444 	1
4445 	1
4449 	1
4451 	1
4452 	1
4453 	1
4454 	1
4455 	1
4456 	1
4457 	1
4459 	1
4461 	1
4463 	1
4466 	1
4467 	1
4470 	1
4475 	1
4476 	1
4479 	1
4480 	1
4483 	1
4485 	1
4487 	1
4489 	1
4490 	1
4492 	1
4493 	1
4494 	1
4495 	1
4497 	1
4498 	1
4499 	1
4501 	1
4502 	1
4504 	1
4506 	1
4507 	1
4508 	1
4510 	1
4516 	1
4522 	1
4524 	1
4528 	1
4529 	1
4532 	1
4533 	1
4535 	1
4536 	1
4538 	1
4540 	1
4541 	1
4543 	1
4544 	1
4545 	1
4547 	1
4550 	1
4554 	1
4555 	1
4559 	1
4562 	1
4565 	1
4566 	1
4570 	1
4574 	1
4575 	1
4579 	1
4580 	1
4582 	1
4583 	1
4584 	1
4585 	1
4586 	1
4590 	1
4592 	1
4593 	1
4597 	1
4599 	1
4602 	1
4603 	1
4605 	1
4607 	1
4608 	1
4609 	1
4612 	1
4613 	1
4614 	1
4615 	1
4616 	1
4620 	1
4622 	1
4626 	1
4627 	1
4628 	1
4629 	1
4635 	1
4637 	1
4644 	1
4645 	1
4646 	1
4651 	1
4652 	1
4653 	1
4654 	1
4658 	1
4661 	1
4662 	1
4664 	1
4665 	1
4667 	1
4668 	1
4669 	1
4671 	1
4672 	1
4673 	1
4674 	1
4675 	1
4677 	1
4681 	1
4682 	1
4683 	1
4684 	1
4687 	1
4693 	1
4694 	1
4695 	1
4696 	1
4697 	1
4698 	1
4699 	1
4700 	1
4702 	1
4703 	1
4705 	1
4707 	1
4709 	1
4710 	1
4712 	1
4714 	1
4715 	1
4716 	1
4717 	1
4719 	1
4721 	1
4722 	1
4724 	1
4725 	1
4727 	1
4729 	1
4731 	1
4732 	1
4737 	1
4738 	1
4739 	1
4740 	1
4741 	1
4746 	1
4749 	1
4750 	1
4751 	1
4753 	1
4754 	1
4756 	1
4758 	1
4759 	1
4760 	1
4762 	1
4765 	1
4768 	1
4769 	1
4773 	1
4774 	1
4775 	1
4776 	1
4779 	1
4780 	1
4783 	1
4788 	1
4789 	1
4793 	1
4795 	1
4797 	1
4802 	1
4805 	1
4806 	1
4808 	1
4810 	1
4812 	1
4813 	1
4817 	1
4818 	1
4819 	1
4822 	1
4824 	1
4825 	1
4827 	1
4828 	1
4830 	1
4832 	1
4833 	1
4834 	1
4835 	1
4840 	1
4841 	1
4844 	1
4846 	1
4850 	1
4852 	1
4853 	1
4854 	1
4856 	1
4860 	1
4861 	1
4864 	1
4872 	1
4873 	1
4874 	1
4875 	1
4880 	1
4881 	1
4883 	1
4884 	1
4886 	1
4888 	1
4889 	1
4891 	1
4895 	1
4898 	1
4903 	1
4904 	1
4905 	1
4906 	1
4908 	1
4909 	1
4912 	1
4913 	1
4915 	1
4916 	1
4919 	1
4922 	1
4925 	1
4926 	1
4927 	1
4930 	1
4931 	1
4932 	1
4935 	1
4936 	1
4939 	1
4940 	1
4941 	1
4942 	1
4943 	1
4944 	1
4946 	1
4947 	1
4949 	1
4951 	1
4954 	1
4958 	1
4959 	1
4960 	1
4966 	1
4967 	1
4972 	1
4973 	1
4974 	1
4975 	1
4976 	1
4978 	1
4980 	1
4984 	1
4986 	1
4987 	1
4991 	1
4992 	1
4993 	1
4994 	1
4995 	1
4997 	1
4998 	1
5000 	1
5002 	1
5004 	1
5005 	1
5006 	1
5009 	1
5012 	1
5013 	1
5014 	1
5016 	1
5017 	1
5020 	1
5023 	1
5024 	1
5025 	1
5027 	1
5029 	1
5031 	1
5032 	1
5034 	1
5036 	1
5037 	1
5038 	1
5039 	1
5040 	1
5041 	1
5043 	1
5045 	1
5046 	1
5051 	1
5052 	1
5053 	1
5057 	1
5061 	1
5063 	1
5064 	1
5065 	1
5068 	1
5071 	1
5075 	1
5076 	1
5077 	1
5078 	1
5080 	1
5081 	1
5087 	1
5089 	1
5090 	1
5091 	1
5092 	1
5094 	1
5096 	1
5098 	1
5101 	1
5103 	1
5106 	1
5110 	1
5112 	1
5113 	1
5115 	1
5116 	1
5117 	1
5120 	1
5121 	1
5122 	1
5123 	1
5124 	1
5125 	1
5127 	1
5128 	1
5129 	1
5131 	1
5134 	1
5135 	1
5137 	1
5138 	1
5139 	1
5144 	1
5147 	1
5148 	1
5151 	1
5156 	1
5158 	1
5161 	1
5162 	1
5165 	1
5168 	1
5174 	1
5175 	1
5178 	1
5179 	1
5180 	1
5183 	1
5185 	1
5186 	1
5187 	1
5188 	1
5189 	1
5190 	1
5193 	1
5194 	1
5195 	1
5196 	1
5198 	1
5200 	1
5208 	1
5209 	1
5212 	1
5213 	1
5214 	1
5215 	1
5216 	1
5219 	1
5221 	1
5222 	1
5224 	1
5228 	1
5229 	1
5231 	1
5235 	1
5236 	1
5238 	1
5240 	1
5242 	1
5243 	1
5244 	1
5246 	1
5249 	1
5254 	1
5255 	1
5256 	1
5258 	1
5259 	1
5264 	1
5265 	1
5266 	1
5268 	1
5270 	1
5271 	1
5273 	1
5275 	1
5276 	1
5278 	1
5279 	1
5281 	1
5283 	1
5288 	1
5289 	1
5290 	1
5291 	1
5292 	1
5294 	1
5298 	1
5300 	1
5302 	1
5304 	1
5306 	1
5307 	1
5310 	1
5313 	1
5314 	1
5315 	1
5317 	1
5321 	1
5322 	1
5323 	1
5327 	1
5328 	1
5329 	1
5330 	1
5333 	1
5334 	1
5337 	1
5338 	1
5340 	1
5342 	1
5345 	1
5350 	1
5352 	1
5353 	1
5354 	1
5356 	1
5358 	1
5362 	1
5367 	1
5369 	1
5372 	1
5374 	1
5375 	1
5376 	1
5378 	1
5381 	1
5385 	1
5386 	1
5393 	1
5394 	1
5396 	1
5397 	1
5398 	1
5399 	1
5401 	1
5402 	1
5408 	1
5409 	1
5410 	1
5412 	1
5413 	1
5415 	1
5418 	1
5422 	1
5426 	1
5427 	1
5428 	1
5429 	1
5432 	1
5434 	1
5437 	1
5439 	1
5440 	1
5443 	1
5446 	1
5451 	1
5452 	1
5456 	1
5459 	1
5460 	1
5464 	1
5465 	1
5466 	1
5467 	1
5469 	1
5470 	1
5474 	1
5480 	1
5483 	1
5484 	1
5486 	1
5489 	1
5493 	1
5495 	1
5496 	1
5497 	1
5499 	1
5500 	1
5502 	1
5506 	1
5510 	1
5511 	1
5513 	1
5514 	1
5516 	1
5517 	1
5519 	1
5520 	1
5521 	1
5525 	1
5526 	1
5527 	1
5529 	1
5530 	1
5531 	1
5532 	1
5533 	1
5536 	1
5537 	1
5538 	1
5543 	1
5545 	1
5546 	1
5548 	1
5549 	1
5550 	1
5552 	1
5554 	1
5556 	1
5557 	1
5558 	1
5562 	1
5566 	1
5567 	1
5569 	1
5570 	1
5571 	1
5577 	1
5578 	1
5579 	1
5580 	1
5583 	1
5585 	1
5586 	1
5589 	1
5591 	1
5592 	1
5593 	1
5595 	1
5596 	1
5597 	1
5600 	1
5601 	1
5603 	1
5604 	1
5607 	1
5608 	1
5610 	1
5612 	1
5614 	1
5615 	1
5617 	1
5619 	1
5621 	1
5622 	1
5624 	1
5625 	1
5627 	1
5629 	1
5630 	1
5631 	1
5632 	1
5633 	1
5635 	1
5637 	1
5639 	1
5640 	1
5641 	1
5642 	1
5643 	1
5644 	1
5645 	1
5646 	1
5647 	1
5648 	1
5649 	1
5650 	1
5651 	1
5653 	1
5656 	1
5657 	1
5661 	1
5663 	1
5664 	1
5665 	1
5666 	1
5667 	1
5669 	1
5671 	1
5672 	1
5678 	1
5679 	1
5682 	1
5683 	1
5684 	1
5686 	1
5689 	1
5690 	1
5692 	1
5693 	1
5700 	1
5703 	1
5704 	1
5705 	1
5708 	1
5710 	1
5716 	1
5720 	1
5725 	1
5728 	1
5734 	1
5735 	1
5737 	1
5739 	1
5740 	1
5742 	1
5745 	1
5746 	1
5747 	1
5748 	1
5749 	1
5753 	1
5755 	1
5762 	1
5764 	1
5765 	1
5767 	1
5772 	1
5774 	1
5776 	1
5783 	1
5785 	1
5787 	1
5790 	1
5794 	1
5795 	1
5796 	1
5797 	1
5798 	1
5801 	1
5802 	1
5804 	1
5806 	1
5807 	1
5812 	1
5813 	1
5815 	1
5816 	1
5818 	1
5821 	1
5823 	1
5824 	1
5825 	1
5829 	1
5831 	1
5832 	1
5833 	1
5838 	1
5841 	1
5843 	1
5844 	1
5845 	1
5847 	1
5848 	1
5859 	1
5860 	1
5861 	1
5862 	1
5864 	1
5866 	1
5867 	1
5870 	1
5872 	1
5875 	1
5877 	1
5886 	1
5887 	1
5888 	1
5896 	1
5897 	1
5900 	1
5903 	1
5905 	1
5908 	1
5912 	1
5919 	1
5920 	1
5923 	1
5924 	1
5930 	1
5931 	1
5932 	1
5934 	1
5935 	1
5938 	1
5940 	1
5941 	1
5942 	1
5944 	1
5946 	1
5947 	1
5948 	1
5949 	1
5951 	1
5952 	1
5953 	1
5955 	1
5965 	1
5967 	1
5968 	1
5969 	1
5970 	1
5974 	1
5976 	1
5978 	1
5979 	1
5982 	1
5983 	1
5985 	1
5988 	1
5989 	1
5990 	1
5992 	1
5994 	1
5995 	1
5996 	1
5997 	1
5998 	1
5999 	1
6000 	1
6002 	1
6003 	1
6006 	1
6007 	1
6008 	1
6012 	1
6013 	1
6016 	1
6017 	1
6018 	1
6019 	1
6022 	1
6023 	1
6024 	1
6025 	1
6028 	1
6030 	1
6033 	1
6036 	1
6040 	1
6041 	1
6043 	1
6044 	1
6045 	1
6048 	1
6050 	1
6051 	1
6053 	1
6055 	1
6056 	1
6057 	1
6061 	1
6065 	1
6066 	1
6067 	1
6068 	1
6069 	1
6070 	1
6072 	1
6075 	1
6080 	1
6083 	1
6085 	1
6090 	1
6091 	1
6095 	1
6096 	1
6098 	1
6102 	1
6105 	1
6106 	1
6108 	1
6110 	1
6111 	1
6114 	1
6115 	1
6118 	1
6119 	1
6120 	1
6121 	1
6122 	1
6125 	1
6126 	1
6135 	1
6138 	1
6139 	1
6140 	1
6141 	1
6142 	1
6143 	1
6144 	1
6149 	1
6151 	1
6152 	1
6155 	1
6156 	1
6161 	1
6162 	1
6163 	1
6168 	1
6171 	1
6172 	1
6173 	1
6178 	1
6181 	1
6182 	1
6183 	1
6184 	1
6189 	1
6191 	1
6195 	1
6196 	1
6197 	1
6198 	1
6199 	1
6200 	1
6202 	1
6204 	1
6205 	1
6206 	1
6207 	1
6208 	1
6209 	1
6211 	1
6213 	1
6214 	1
6215 	1
6216 	1
6217 	1
6224 	1
6227 	1
6228 	1
6230 	1
6231 	1
6233 	1
6234 	1
6235 	1
6238 	1
6239 	1
6242 	1
6250 	1
6252 	1
6253 	1
6254 	1
6258 	1
6259 	1
6261 	1
6268 	1
6274 	1
6276 	1
6277 	1
6280 	1
6284 	1
6285 	1
6287 	1
6288 	1
6289 	1
6291 	1
6292 	1
6297 	1
6302 	1
6306 	1
6308 	1
6309 	1
6310 	1
6311 	1
6312 	1
6313 	1
6314 	1
6316 	1
6319 	1
6320 	1
6323 	1
6324 	1
6325 	1
6326 	1
6327 	1
6328 	1
6332 	1
6333 	1
6336 	1
6339 	1
6340 	1
6343 	1
6348 	1
6349 	1
6350 	1
6351 	1
6354 	1
6356 	1
6360 	1
6361 	1
6363 	1
6366 	1
6367 	1
6376 	1
6377 	1
6379 	1
6381 	1
6382 	1
6383 	1
6384 	1
6385 	1
6387 	1
6389 	1
6392 	1
6393 	1
6395 	1
6396 	1
6397 	1
6398 	1
6399 	1
6401 	1
6403 	1
6404 	1
6405 	1
6406 	1
6408 	1
6409 	1
6412 	1
6413 	1
6415 	1
6417 	1
6418 	1
6424 	1
6428 	1
6430 	1
6431 	1
6432 	1
6434 	1
6435 	1
6436 	1
6437 	1
6438 	1
6441 	1
6445 	1
6447 	1
6451 	1
6452 	1
6453 	1
6455 	1
6459 	1
6460 	1
6461 	1
6462 	1
6463 	1
6465 	1
6466 	1
6467 	1
6469 	1
6470 	1
6473 	1
6475 	1
6478 	1
6479 	1
6481 	1
6482 	1
6484 	1
6486 	1
6488 	1
6494 	1
6497 	1
6498 	1
6499 	1
6500 	1
6501 	1
6502 	1
6506 	1
6511 	1
6514 	1
6515 	1
6516 	1
6518 	1
6527 	1
6529 	1
6531 	1
6532 	1
6533 	1
6538 	1
6539 	1
6540 	1
6541 	1
6542 	1
6545 	1
6548 	1
6549 	1
6550 	1
6551 	1
6552 	1
6553 	1
6555 	1
6557 	1
6559 	1
6560 	1
6561 	1
6568 	1
6570 	1
6571 	1
6572 	1
6575 	1
6577 	1
6582 	1
6583 	1
6584 	1
6587 	1
6589 	1
6592 	1
6594 	1
6595 	1
6596 	1
6597 	1
6599 	1
6602 	1
6604 	1
6606 	1
6608 	1
6610 	1
6611 	1
6612 	1
6613 	1
6614 	1
6615 	1
6616 	1
6617 	1
6619 	1
6623 	1
6627 	1
6630 	1
6632 	1
6633 	1
6635 	1
6638 	1
6639 	1
6642 	1
6643 	1
6646 	1
6648 	1
6649 	1
6650 	1
6651 	1
6652 	1
6654 	1
6656 	1
6659 	1
6660 	1
6662 	1
6663 	1
6664 	1
6665 	1
6669 	1
6671 	1
6672 	1
6674 	1
6677 	1
6678 	1
6679 	1
6684 	1
6685 	1
6686 	1
6687 	1
6693 	1
6695 	1
6696 	1
6699 	1
6701 	1
6702 	1
6706 	1
6707 	1
6712 	1
6713 	1
6714 	1
6715 	1
6718 	1
6719 	1
6720 	1
6723 	1
6724 	1
6725 	1
6726 	1
6728 	1
6732 	1
6737 	1
6740 	1
6741 	1
6744 	1
6746 	1
6748 	1
6751 	1
6753 	1
6755 	1
6757 	1
6761 	1
6763 	1
6765 	1
6767 	1
6773 	1
6774 	1
6775 	1
6779 	1
6780 	1
6782 	1
6788 	1
6789 	1
6791 	1
6792 	1
6794 	1
6795 	1
6796 	1
6799 	1
6800 	1
6802 	1
6803 	1
6805 	1
6806 	1
6807 	1
6809 	1
6811 	1
6812 	1
6817 	1
6818 	1
6820 	1
6827 	1
6828 	1
6829 	1
6830 	1
6831 	1
6832 	1
6835 	1
6839 	1
6840 	1
6841 	1
6843 	1
6844 	1
6845 	1
6848 	1
6849 	1
6850 	1
6852 	1
6853 	1
6854 	1
6857 	1
6859 	1
6860 	1
6866 	1
6868 	1
6870 	1
6871 	1
6872 	1
6877 	1
6878 	1
6881 	1
6884 	1
6888 	1
6889 	1
6890 	1
6896 	1
6901 	1
6902 	1
6903 	1
6904 	1
6905 	1
6906 	1
6908 	1
6913 	1
6914 	1
6915 	1
6916 	1
6917 	1
6918 	1
6923 	1
6924 	1
6926 	1
6927 	1
6928 	1
6935 	1
6936 	1
6940 	1
6943 	1
6946 	1
6947 	1
6950 	1
6952 	1
6953 	1
6954 	1
6955 	1
6956 	1
6959 	1
6961 	1
6963 	1
6964 	1
6965 	1
6966 	1
6968 	1
6969 	1
6970 	1
6972 	1
6974 	1
6975 	1
6978 	1
6979 	1
6981 	1
6982 	1
6985 	1
6988 	1
6990 	1
6991 	1
6993 	1
6994 	1
6997 	1
6998 	1
6999 	1
7002 	1
7004 	1
7006 	1
7008 	1
7009 	1
7010 	1
7011 	1
7015 	1
7016 	1
7018 	1
7020 	1
7022 	1
7023 	1
7024 	1
7026 	1
7027 	1
7028 	1
7031 	1
7032 	1
7035 	1
7037 	1
7038 	1
7039 	1
7041 	1
7042 	1
7043 	1
7045 	1
7049 	1
7052 	1
7053 	1
7057 	1
7058 	1
7061 	1
7065 	1
7067 	1
7068 	1
7070 	1
7072 	1
7075 	1
7077 	1
7080 	1
7082 	1
7085 	1
7087 	1
7089 	1
7091 	1
7092 	1
7094 	1
7098 	1
7100 	1
7101 	1
7104 	1
7106 	1
7107 	1
7109 	1
7110 	1
7112 	1
7113 	1
7115 	1
7116 	1
7117 	1
7120 	1
7123 	1
7126 	1
7127 	1
7131 	1
7133 	1
7134 	1
7136 	1
7137 	1
7138 	1
7140 	1
7141 	1
7142 	1
7144 	1
7145 	1
7149 	1
7152 	1
7153 	1
7154 	1
7156 	1
7158 	1
7161 	1
7166 	1
7167 	1
7168 	1
7172 	1
7173 	1
7175 	1
7176 	1
7179 	1
7181 	1
7182 	1
7186 	1
7189 	1
7190 	1
7192 	1
7193 	1
7197 	1
7198 	1
7201 	1
7202 	1
7203 	1
7206 	1
7208 	1
7209 	1
7213 	1
7214 	1
7215 	1
7217 	1
7218 	1
7221 	1
7222 	1
7225 	1
7227 	1
7228 	1
7231 	1
7232 	1
7233 	1
7235 	1
7236 	1
7239 	1
7243 	1
7244 	1
7245 	1
7247 	1
7250 	1
7252 	1
7253 	1
7255 	1
7256 	1
7258 	1
7259 	1
7264 	1
7265 	1
7270 	1
7271 	1
7272 	1
7274 	1
7279 	1
7280 	1
7283 	1
7285 	1
7286 	1
7287 	1
7288 	1
7289 	1
7296 	1
7297 	1
7300 	1
7304 	1
7305 	1
7306 	1
7307 	1
7308 	1
7312 	1
7313 	1
7314 	1
7316 	1
7319 	1
7322 	1
7326 	1
7328 	1
7329 	1
7330 	1
7332 	1
7334 	1
7335 	1
7336 	1
7342 	1
7343 	1
7344 	1
7346 	1
7354 	1
7357 	1
7358 	1
7359 	1
7362 	1
7363 	1
7364 	1
7365 	1
7367 	1
7369 	1
7373 	1
7375 	1
7377 	1
7380 	1
7385 	1
7386 	1
7387 	1
7389 	1
7390 	1
7393 	1
7395 	1
7396 	1
7397 	1
7399 	1
7400 	1
7402 	1
7403 	1
7404 	1
7405 	1
7406 	1
7407 	1
7411 	1
7412 	1
7414 	1
7415 	1
7417 	1
7420 	1
7422 	1
7425 	1
7426 	1
7427 	1
7428 	1
7429 	1
7430 	1
7431 	1
7433 	1
7434 	1
7435 	1
7436 	1
7437 	1
7440 	1
7441 	1
7442 	1
7444 	1
7445 	1
7448 	1
7449 	1
7450 	1
7451 	1
7455 	1
7456 	1
7457 	1
7459 	1
7461 	1
7464 	1
7465 	1
7467 	1
7469 	1
7472 	1
7474 	1
7475 	1
7477 	1
7479 	1
7480 	1
7482 	1
7483 	1
7484 	1
7485 	1
7487 	1
7489 	1
7490 	1
7492 	1
7497 	1
7501 	1
7508 	1
7511 	1
7512 	1
7513 	1
7514 	1
7517 	1
7521 	1
7525 	1
7527 	1
7529 	1
7530 	1
7532 	1
7535 	1
7536 	1
7540 	1
7541 	1
7546 	1
7547 	1
7549 	1
7550 	1
7551 	1
7552 	1
7553 	1
7555 	1
7556 	1
7558 	1
7559 	1
7560 	1
7563 	1
7565 	1
7568 	1
7569 	1
7570 	1
7571 	1
7572 	1
7575 	1
7576 	1
7577 	1
7580 	1
7581 	1
7583 	1
7584 	1
7591 	1
7593 	1
7594 	1
7598 	1
7600 	1
7603 	1
7604 	1
7605 	1
7608 	1
7611 	1
7613 	1
7614 	1
7616 	1
7617 	1
7619 	1
7620 	1
7621 	1
7622 	1
7624 	1
7630 	1
7632 	1
7633 	1
7634 	1
7636 	1
7638 	1
7641 	1
7642 	1
7643 	1
7651 	1
7653 	1
7654 	1
7655 	1
7657 	1
7658 	1
7659 	1
7660 	1
7661 	1
7662 	1
7663 	1
7664 	1
7665 	1
7666 	1
7667 	1
7669 	1
7672 	1
7675 	1
7680 	1
7682 	1
7688 	1
7689 	1
7690 	1
7692 	1
7695 	1
7696 	1
7700 	1
7701 	1
7703 	1
7704 	1
7707 	1
7710 	1
7712 	1
7713 	1
7715 	1
7717 	1
7720 	1
7721 	1
7723 	1
7727 	1
7729 	1
7731 	1
7733 	1
7735 	1
7738 	1
7739 	1
7740 	1
7741 	1
7743 	1
7752 	1
7753 	1
7755 	1
7759 	1
7760 	1
7761 	1
7762 	1
7764 	1
7768 	1
7770 	1
7772 	1
7773 	1
7774 	1
7775 	1
7779 	1
7782 	1
7783 	1
7785 	1
7789 	1
7792 	1
7794 	1
7795 	1
7796 	1
7797 	1
7799 	1
7804 	1
7805 	1
7810 	1
7812 	1
7813 	1
7814 	1
7816 	1
7819 	1
7820 	1
7823 	1
7825 	1
7828 	1
7829 	1
7830 	1
7831 	1
7834 	1
7838 	1
7841 	1
7843 	1
7845 	1
7847 	1
7848 	1
7851 	1
7852 	1
7853 	1
7854 	1
7857 	1
7858 	1
7859 	1
7861 	1
7864 	1
7865 	1
7866 	1
7867 	1
7868 	1
7869 	1
7870 	1
7871 	1
7872 	1
7874 	1
7875 	1
7877 	1
7878 	1
7879 	1
7880 	1
7881 	1
7882 	1
7883 	1
7884 	1
7886 	1
7889 	1
7890 	1
7891 	1
7892 	1
7897 	1
7898 	1
7900 	1
7901 	1
7902 	1
7905 	1
7906 	1
7907 	1
7922 	1
7923 	1
7925 	1
7927 	1
7928 	1
7931 	1
7933 	1
7934 	1
7937 	1
7939 	1
7940 	1
7941 	1
7942 	1
7945 	1
7946 	1
7947 	1
7952 	1
7955 	1
7956 	1
7960 	1
7961 	1
7962 	1
7966 	1
7968 	1
7969 	1
7970 	1
7971 	1
7974 	1
7977 	1
7979 	1
7980 	1
7981 	1
7987 	1
7988 	1
7991 	1
7992 	1
7993 	1
7994 	1
7998 	1
7999 	1
8001 	1
8003 	1
8009 	1
8010 	1
8013 	1
8014 	1
8015 	1
8024 	1
8032 	1
8033 	1
8036 	1
8037 	1
8039 	1
8041 	1
8042 	1
8045 	1
8047 	1
8050 	1
8054 	1
8055 	1
8058 	1
8060 	1
8062 	1
8063 	1
8066 	1
8071 	1
8075 	1
8076 	1
8077 	1
8078 	1
8082 	1
8085 	1
8086 	1
8087 	1
8089 	1
8090 	1
8091 	1
8096 	1
8097 	1
8102 	1
8104 	1
8107 	1
8116 	1
8119 	1
8121 	1
8122 	1
8124 	1
8125 	1
8129 	1
8133 	1
8137 	1
8140 	1
8141 	1
8145 	1
8146 	1
8148 	1
8150 	1
8157 	1
8167 	1
8169 	1
8170 	1
8173 	1
8177 	1
8178 	1
8181 	1
8183 	1
8186 	1
8190 	1
8191 	1
8192 	1
8193 	1
8196 	1
8197 	1
8199 	1
8200 	1
8201 	1
8202 	1
8203 	1
8204 	1
8206 	1
8208 	1
8209 	1
8210 	1
8213 	1
8218 	1
8219 	1
8220 	1
8221 	1
8222 	1
8225 	1
8226 	1
8227 	1
8230 	1
8232 	1
8233 	1
8235 	1
8237 	1
8240 	1
8243 	1
8245 	1
8249 	1
8251 	1
8253 	1
8265 	1
8266 	1
8267 	1
8268 	1
8270 	1
8273 	1
8274 	1
8278 	1
8279 	1
8281 	1
8282 	1
8285 	1
8286 	1
8287 	1
8293 	1
8295 	1
8297 	1
8299 	1
8301 	1
8303 	1
8304 	1
8306 	1
8309 	1
8310 	1
8311 	1
8314 	1
8316 	1
8317 	1
8318 	1
8322 	1
8324 	1
8325 	1
8326 	1
8329 	1
8332 	1
8333 	1
8334 	1
8336 	1
8341 	1
8343 	1
8344 	1
8346 	1
8347 	1
8348 	1
8349 	1
8350 	1
8352 	1
8355 	1
8356 	1
8357 	1
8358 	1
8359 	1
8360 	1
8362 	1
8364 	1
8368 	1
8369 	1
8370 	1
8372 	1
8373 	1
8375 	1
8379 	1
8381 	1
8383 	1
8384 	1
8385 	1
8386 	1
8388 	1
8390 	1
8391 	1
8394 	1
8397 	1
8399 	1
8400 	1
8401 	1
8402 	1
8404 	1
8405 	1
8406 	1
8408 	1
8409 	1
8411 	1
8413 	1
8415 	1
8416 	1
8418 	1
8419 	1
8420 	1
8421 	1
8422 	1
8424 	1
8428 	1
8429 	1
8431 	1
8432 	1
8434 	1
8436 	1
8437 	1
8438 	1
8439 	1
8441 	1
8444 	1
8445 	1
8446 	1
8453 	1
8455 	1
8456 	1
8457 	1
8458 	1
8462 	1
8463 	1
8466 	1
8467 	1
8468 	1
8469 	1
8470 	1
8471 	1
8477 	1
8478 	1
8482 	1
8485 	1
8487 	1
8489 	1
8492 	1
8495 	1
8496 	1
8497 	1
8498 	1
8502 	1
8503 	1
8505 	1
8506 	1
8507 	1
8510 	1
8514 	1
8516 	1
8518 	1
8519 	1
8521 	1
8523 	1
8526 	1
8530 	1
8532 	1
8535 	1
8536 	1
8537 	1
8538 	1
8541 	1
8543 	1
8545 	1
8546 	1
8547 	1
8548 	1
8556 	1
8559 	1
8560 	1
8562 	1
8563 	1
8564 	1
8569 	1
8575 	1
8580 	1
8582 	1
8583 	1
8584 	1
8585 	1
8587 	1
8590 	1
8592 	1
8595 	1
8597 	1
8599 	1
8606 	1
8608 	1
8609 	1
8610 	1
8612 	1
8613 	1
8614 	1
8619 	1
8621 	1
8626 	1
8627 	1
8630 	1
8632 	1
8633 	1
8634 	1
8636 	1
8637 	1
8638 	1
8639 	1
8640 	1
8641 	1
8642 	1
8643 	1
8644 	1
8647 	1
8649 	1
8653 	1
8655 	1
8657 	1
8659 	1
8661 	1
8662 	1
8663 	1
8665 	1
8666 	1
8668 	1
8669 	1
8674 	1
8675 	1
8678 	1
8679 	1
8682 	1
8684 	1
8688 	1
8695 	1
8696 	1
8697 	1
8701 	1
8705 	1
8714 	1
8717 	1
8720 	1
8721 	1
8722 	1
8723 	1
8725 	1
8726 	1
8727 	1
8729 	1
8730 	1
8732 	1
8733 	1
8734 	1
8736 	1
8739 	1
8741 	1
8742 	1
8743 	1
8745 	1
8748 	1
8752 	1
8753 	1
8755 	1
8758 	1
8760 	1
8762 	1
8765 	1
8771 	1
8772 	1
8778 	1
8782 	1
8783 	1
8784 	1
8787 	1
8790 	1
8791 	1
8792 	1
8793 	1
8794 	1
8796 	1
8797 	1
8798 	1
8801 	1
8802 	1
8803 	1
8808 	1
8812 	1
8814 	1
8816 	1
8817 	1
8819 	1
8821 	1
8822 	1
8825 	1
8826 	1
8828 	1
8829 	1
8831 	1
8832 	1
8834 	1
8835 	1
8836 	1
8837 	1
8839 	1
8840 	1
8841 	1
8842 	1
8845 	1
8848 	1
8849 	1
8851 	1
8855 	1
8858 	1
8859 	1
8860 	1
8862 	1
8864 	1
8868 	1
8869 	1
8870 	1
8874 	1
8875 	1
8879 	1
8881 	1
8882 	1
8890 	1
8893 	1
8894 	1
8896 	1
8897 	1
8898 	1
8899 	1
8902 	1
8905 	1
8906 	1
8909 	1
8910 	1
8915 	1
8916 	1
8917 	1
8918 	1
8919 	1
8920 	1
8923 	1
8924 	1
8925 	1
8929 	1
8931 	1
8934 	1
8936 	1
8939 	1
8941 	1
8942 	1
8943 	1
8945 	1
8946 	1
8949 	1
8950 	1
8955 	1
8956 	1
8957 	1
8959 	1
8960 	1
8963 	1
8964 	1
8966 	1
8967 	1
8968 	1
8971 	1
8972 	1
8973 	1
8976 	1
8979 	1
8981 	1
8983 	1
8986 	1
8990 	1
8995 	1
8997 	1
9000 	1
9001 	1
9002 	1
9004 	1
9005 	1
9007 	1
9009 	1
9011 	1
9012 	1
9013 	1
9014 	1
9015 	1
9019 	1
9024 	1
9027 	1
9031 	1
9032 	1
9033 	1
9034 	1
9043 	1
9048 	1
9049 	1
9050 	1
9054 	1
9056 	1
9058 	1
9061 	1
9062 	1
9063 	1
9064 	1
9069 	1
9070 	1
9072 	1
9074 	1
9075 	1
9076 	1
9077 	1
9081 	1
9082 	1
9083 	1
9084 	1
9092 	1
9093 	1
9094 	1
9097 	1
9100 	1
9101 	1
9103 	1
9107 	1
9109 	1
9112 	1
9116 	1
9118 	1
9121 	1
9122 	1
9126 	1
9127 	1
9129 	1
9131 	1
9133 	1
9136 	1
9138 	1
9139 	1
9140 	1
9141 	1
9142 	1
9143 	1
9146 	1
9149 	1
9150 	1
9151 	1
9154 	1
9155 	1
9156 	1
9159 	1
9160 	1
9161 	1
9162 	1
9163 	1
9164 	1
9165 	1
9166 	1
9169 	1
9171 	1
9173 	1
9174 	1
9175 	1
9176 	1
9180 	1
9182 	1
9183 	1
9184 	1
9186 	1
9190 	1
9192 	1
9193 	1
9194 	1
9195 	1
9199 	1
9201 	1
9203 	1
9205 	1
9209 	1
9210 	1
9214 	1
9218 	1
9219 	1
9220 	1
9221 	1
9222 	1
9223 	1
9224 	1
9225 	1
9231 	1
9233 	1
9234 	1
9238 	1
9239 	1
9241 	1
9243 	1
9244 	1
9245 	1
9247 	1
9249 	1
9250 	1
9252 	1
9253 	1
9257 	1
9260 	1
9263 	1
9265 	1
9267 	1
9268 	1
9269 	1
9270 	1
9273 	1
9277 	1
9281 	1
9282 	1
9284 	1
9289 	1
9291 	1
9294 	1
9295 	1
9297 	1
9298 	1
9301 	1
9304 	1
9307 	1
9308 	1
9309 	1
9310 	1
9311 	1
9312 	1
9314 	1
9317 	1
9318 	1
9320 	1
9322 	1
9325 	1
9327 	1
9328 	1
9330 	1
9335 	1
9339 	1
9343 	1
9345 	1
9347 	1
9348 	1
9354 	1
9355 	1
9357 	1
9358 	1
9359 	1
9360 	1
9361 	1
9363 	1
9364 	1
9365 	1
9366 	1
9367 	1
9374 	1
9375 	1
9377 	1
9378 	1
9381 	1
9382 	1
9384 	1
9386 	1
9387 	1
9388 	1
9389 	1
9392 	1
9393 	1
9394 	1
9395 	1
9396 	1
9397 	1
9398 	1
9399 	1
9402 	1
9403 	1
9405 	1
9406 	1
9407 	1
9409 	1
9413 	1
9414 	1
9415 	1
9417 	1
9418 	1
9420 	1
9421 	1
9423 	1
9424 	1
9426 	1
9429 	1
9433 	1
9435 	1
9436 	1
9438 	1
9444 	1
9446 	1
9447 	1
9450 	1
9451 	1
9452 	1
9453 	1
9454 	1
9455 	1
9456 	1
9459 	1
9461 	1
9463 	1
9464 	1
9465 	1
9466 	1
9468 	1
9470 	1
9471 	1
9473 	1
9474 	1
9475 	1
9476 	1
9480 	1
9481 	1
9485 	1
9489 	1
9496 	1
9498 	1
9502 	1
9504 	1
9509 	1
9510 	1
9511 	1
9514 	1
9515 	1
9518 	1
9523 	1
9524 	1
9526 	1
9527 	1
9528 	1
9529 	1
9530 	1
9533 	1
9535 	1
9538 	1
9542 	1
9543 	1
9544 	1
9545 	1
9547 	1
9548 	1
9550 	1
9551 	1
9552 	1
9554 	1
9556 	1
9557 	1
9558 	1
9559 	1
9560 	1
9561 	1
9562 	1
9563 	1
9565 	1
9566 	1
9568 	1
9570 	1
9572 	1
9575 	1
9578 	1
9579 	1
9580 	1
9582 	1
9584 	1
9586 	1
9587 	1
9592 	1
9593 	1
9594 	1
9601 	1
9602 	1
9605 	1
9606 	1
9607 	1
9609 	1
9610 	1
9611 	1
9613 	1
9614 	1
9616 	1
9619 	1
9621 	1
9622 	1
9623 	1
9624 	1
9627 	1
9628 	1
9631 	1
9633 	1
9634 	1
9635 	1
9637 	1
9639 	1
9641 	1
9642 	1
9646 	1
9650 	1
9651 	1
9656 	1
9658 	1
9659 	1
9660 	1
9662 	1
9663 	1
9671 	1
9672 	1
9673 	1
9674 	1
9675 	1
9677 	1
9678 	1
9682 	1
9685 	1
9687 	1
9688 	1
9691 	1
9697 	1
9700 	1
9701 	1
9702 	1
9703 	1
9704 	1
9705 	1
9708 	1
9709 	1
9710 	1
9711 	1
9712 	1
9713 	1
9717 	1
9718 	1
9719 	1
9722 	1
9726 	1
9728 	1
9729 	1
9730 	1
9734 	1
9735 	1
9738 	1
9741 	1
9747 	1
9748 	1
9749 	1
9751 	1
9752 	1
9754 	1
9755 	1
9756 	1
9760 	1
9762 	1
9763 	1
9765 	1
9766 	1
9770 	1
9772 	1
9779 	1
9780 	1
9781 	1
9786 	1
9787 	1
9788 	1
9791 	1
9792 	1
9795 	1
9796 	1
9798 	1
9800 	1
9803 	1
9810 	1
9811 	1
9812 	1
9813 	1
9816 	1
9817 	1
9818 	1
9819 	1
9820 	1
9821 	1
9822 	1
9823 	1
9824 	1
9825 	1
9827 	1
9828 	1
9836 	1
9840 	1
9843 	1
9844 	1
9848 	1
9849 	1
9850 	1
9851 	1
9854 	1
9855 	1
9857 	1
9859 	1
9861 	1
9862 	1
9865 	1
9866 	1
9867 	1
9869 	1
9873 	1
9874 	1
9875 	1
9876 	1
9877 	1
9878 	1
9879 	1
9884 	1
9886 	1
9888 	1
9889 	1
9890 	1
9892 	1
9893 	1
9895 	1
9896 	1
9897 	1
9899 	1
9901 	1
9903 	1
9905 	1
9912 	1
9913 	1
9919 	1
9924 	1
9925 	1
9927 	1
9928 	1
9929 	1
9936 	1
9938 	1
9939 	1
9940 	1
9941 	1
9943 	1
9945 	1
9946 	1
9947 	1
9948 	1
9952 	1
9954 	1
9957 	1
9959 	1
9960 	1
9961 	1
9965 	1
9969 	1
9971 	1
9976 	1
9977 	1
9981 	1
9983 	1
9985 	1
9989 	1
9992 	1
9993 	1
9994 	1
9997 	1
9998 	1
10000 	1
10002 	1
10003 	1
10006 	1
10010 	1
10014 	1
10017 	1
10018 	1
10024 	1
10025 	1
10027 	1
10030 	1
10032 	1
10035 	1
10036 	1
10037 	1
10039 	1
10040 	1
10041 	1
10042 	1
10043 	1
10047 	1
10049 	1
10050 	1
10051 	1
10055 	1
10057 	1
10062 	1
10063 	1
10065 	1
10067 	1
10069 	1
10070 	1
10071 	1
10073 	1
10074 	1
10075 	1
10076 	1
10079 	1
10080 	1
10081 	1
10083 	1
10084 	1
10085 	1
10086 	1
10087 	1
10088 	1
10089 	1
10091 	1
10094 	1
10096 	1
10098 	1
10099 	1
10102 	1
10103 	1
10105 	1
10110 	1
10111 	1
10113 	1
10116 	1
10118 	1
10119 	1
10121 	1
10125 	1
10127 	1
10128 	1
10130 	1
10133 	1
10138 	1
10139 	1
10141 	1
10142 	1
10145 	1
10147 	1
10148 	1
10149 	1
10150 	1
10151 	1
10152 	1
10154 	1
10155 	1
10156 	1
10157 	1
10160 	1
10164 	1
10165 	1
10167 	1
10168 	1
10169 	1
10170 	1
10171 	1
10175 	1
10176 	1
10177 	1
10178 	1
10179 	1
10182 	1
10184 	1
10187 	1
10189 	1
10195 	1
10196 	1
10197 	1
10198 	1
10199 	1
10201 	1
10202 	1
10208 	1
10210 	1
10212 	1
10213 	1
10214 	1
10215 	1
10216 	1
10219 	1
10221 	1
10222 	1
10223 	1
10224 	1
10225 	1
10226 	1
10227 	1
10228 	1
10229 	1
10234 	1
10235 	1
10236 	1
10237 	1
10240 	1
10241 	1
10244 	1
10247 	1
10249 	1
10250 	1
10251 	1
10253 	1
10254 	1
10256 	1
10257 	1
10260 	1
10262 	1
10263 	1
10264 	1
10265 	1
10266 	1
10269 	1
10270 	1
10271 	1
10272 	1
10273 	1
10274 	1
10278 	1
10279 	1
10282 	1
10283 	1
10285 	1
10287 	1
10288 	1
10294 	1
10296 	1
10297 	1
10299 	1
10301 	1
10302 	1
10307 	1
10309 	1
10313 	1
10314 	1
10315 	1
10316 	1
10317 	1
10319 	1
10322 	1
10323 	1
10324 	1
10329 	1
10332 	1
10333 	1
10335 	1
10336 	1
10339 	1
10340 	1
10341 	1
10342 	1
10344 	1
10345 	1
10346 	1
10350 	1
10351 	1
10352 	1
10354 	1
10355 	1
10358 	1
10359 	1
10361 	1
10365 	1
10366 	1
10370 	1
10372 	1
10375 	1
10376 	1
10377 	1
10378 	1
10379 	1
10380 	1
10384 	1
10385 	1
10387 	1
10388 	1
10390 	1
10392 	1
10395 	1
10396 	1
10398 	1
10400 	1
10401 	1
10404 	1
10406 	1
10410 	1
10413 	1
10414 	1
10415 	1
10416 	1
10417 	1
10418 	1
10419 	1
10421 	1
10422 	1
10423 	1
10427 	1
10428 	1
10429 	1
10432 	1
10433 	1
10434 	1
10436 	1
10437 	1
10442 	1
10443 	1
10444 	1
10445 	1
10446 	1
10448 	1
10451 	1
10453 	1
10455 	1
10456 	1
10457 	1
10460 	1
10462 	1
10463 	1
10466 	1
10467 	1
10468 	1
10470 	1
10471 	1
10474 	1
10475 	1
10476 	1
10478 	1
10479 	1
10483 	1
10484 	1
10486 	1
10487 	1
10488 	1
10489 	1
10490 	1
10491 	1
10493 	1
10495 	1
10497 	1
10498 	1
10499 	1
10500 	1
10504 	1
10510 	1
10511 	1
10513 	1
10516 	1
10517 	1
10519 	1
10523 	1
10525 	1
10526 	1
10527 	1
10530 	1
10531 	1
10535 	1
10538 	1
10542 	1
10543 	1
10544 	1
10545 	1
10548 	1
10549 	1
10550 	1
10554 	1
10555 	1
10556 	1
10557 	1
10558 	1
10559 	1
10560 	1
10561 	1
10562 	1
10564 	1
10566 	1
10567 	1
10568 	1
10569 	1
10570 	1
10571 	1
10573 	1
10574 	1
10575 	1
10578 	1
10579 	1
10580 	1
10582 	1
10586 	1
10588 	1
10590 	1
10593 	1
10599 	1
10600 	1
10601 	1
10603 	1
10604 	1
10607 	1
10608 	1
10612 	1
10613 	1
10614 	1
10616 	1
10617 	1
10622 	1
10623 	1
10624 	1
10626 	1
10627 	1
10628 	1
10634 	1
10637 	1
10639 	1
10640 	1
10642 	1
10643 	1
10647 	1
10650 	1
10652 	1
10657 	1
10658 	1
10659 	1
10660 	1
10664 	1
10666 	1
10671 	1
10672 	1
10674 	1
10680 	1
10682 	1
10683 	1
10684 	1
10685 	1
10687 	1
10689 	1
10690 	1
10694 	1
10697 	1
10698 	1
10701 	1
10702 	1
10710 	1
10711 	1
10712 	1
10713 	1
10715 	1
10716 	1
10717 	1
10719 	1
10722 	1
10729 	1
10731 	1
10733 	1
10734 	1
10735 	1
10736 	1
10739 	1
10740 	1
10742 	1
10745 	1
10746 	1
10747 	1
10748 	1
10750 	1
10751 	1
10753 	1
10755 	1
10758 	1
10761 	1
10765 	1
10766 	1
10769 	1
10775 	1
10777 	1
10779 	1
10780 	1
10781 	1
10782 	0.877030162413
