Number of items 	Total Weight 	Total Profit 
1858 	630367.0 	125373.934132 


Total time: 0.0289697647095 s
Average time: 0.00724291801453 s
Last call: 1.90734863281e-06 s
Stamp 1 of the total: 0h 0m 0s 28ms 28969\u00B5s
Stamp 2 of the total: 00:00:00.0028
Pattern that ignores zeros:
28ms 28969\u00B5s
0028

Item    Fraction

1 	1
4 	1
5 	1
6 	1
7 	1
8 	1
10 	1
11 	1
12 	1
13 	1
14 	1
16 	1
20 	1
22 	1
26 	1
27 	1
28 	1
29 	1
32 	1
33 	1
34 	1
37 	1
42 	1
48 	1
49 	1
50 	1
52 	1
53 	1
54 	1
59 	1
61 	1
63 	1
65 	1
66 	1
67 	1
68 	1
70 	1
74 	1
75 	1
76 	1
77 	1
81 	1
82 	1
83 	1
85 	1
86 	1
88 	1
89 	1
90 	1
91 	1
94 	1
95 	1
98 	1
99 	1
100 	1
101 	1
102 	1
104 	1
105 	1
108 	1
110 	1
113 	1
116 	1
117 	1
118 	1
119 	1
122 	1
124 	1
126 	1
127 	1
130 	1
133 	1
134 	1
135 	1
139 	1
140 	1
141 	1
142 	1
144 	1
146 	1
152 	1
153 	1
154 	1
156 	1
157 	1
158 	1
159 	1
163 	1
165 	1
170 	1
173 	1
174 	1
177 	1
180 	1
183 	1
186 	1
187 	1
189 	1
190 	1
200 	1
201 	1
203 	1
205 	1
209 	1
210 	1
211 	1
213 	1
215 	1
216 	1
221 	1
222 	1
226 	1
228 	1
230 	1
234 	1
235 	1
238 	1
239 	1
240 	1
244 	1
246 	1
249 	1
250 	1
252 	1
253 	1
256 	1
257 	1
258 	1
260 	1
261 	1
262 	1
263 	1
266 	1
268 	1
269 	1
270 	1
271 	1
274 	1
277 	1
280 	1
281 	1
284 	1
286 	1
288 	1
291 	1
293 	1
294 	1
295 	1
296 	1
297 	1
298 	1
299 	1
300 	1
302 	1
303 	1
304 	1
306 	1
307 	1
310 	1
313 	1
314 	1
316 	1
317 	1
319 	1
322 	1
323 	1
327 	1
328 	1
329 	1
331 	1
333 	1
334 	1
335 	1
337 	1
338 	1
339 	1
340 	1
342 	1
343 	1
344 	1
352 	1
355 	1
356 	1
357 	1
359 	1
360 	1
364 	1
368 	1
369 	1
375 	1
376 	1
377 	1
378 	1
381 	1
382 	1
383 	1
384 	1
387 	1
388 	1
394 	1
398 	1
400 	1
405 	1
408 	1
410 	1
412 	1
413 	1
414 	1
415 	1
417 	1
420 	1
423 	1
425 	1
426 	1
427 	1
430 	1
435 	1
441 	1
442 	1
443 	1
445 	1
447 	1
449 	1
451 	1
458 	1
459 	1
460 	1
462 	1
463 	1
464 	1
465 	1
466 	1
470 	1
471 	1
472 	1
473 	1
476 	1
477 	1
479 	1
481 	1
483 	1
485 	1
486 	1
494 	1
495 	1
497 	1
499 	1
503 	1
505 	1
507 	1
508 	1
511 	1
512 	1
514 	1
516 	1
517 	1
518 	1
520 	1
521 	1
523 	1
527 	1
531 	1
532 	1
535 	1
537 	1
538 	1
539 	1
542 	1
544 	1
545 	1
546 	1
547 	1
549 	1
552 	1
553 	1
554 	1
556 	1
558 	1
559 	1
560 	1
561 	1
562 	1
565 	1
566 	1
567 	1
568 	1
569 	1
570 	1
574 	1
577 	1
580 	1
583 	1
585 	1
587 	1
591 	1
592 	1
594 	1
596 	1
598 	1
600 	1
602 	1
604 	1
606 	1
607 	1
608 	1
609 	1
610 	1
611 	1
612 	1
613 	1
617 	1
619 	1
620 	1
621 	1
622 	1
625 	1
628 	1
629 	1
630 	1
632 	1
633 	1
634 	1
636 	1
638 	1
639 	1
642 	1
643 	1
645 	1
646 	1
648 	1
649 	1
656 	1
658 	1
659 	1
660 	1
661 	1
662 	1
664 	1
666 	1
667 	1
670 	1
673 	1
674 	1
679 	1
681 	1
683 	1
684 	1
685 	1
686 	1
687 	1
688 	1
690 	1
692 	1
695 	1
697 	1
698 	1
701 	1
705 	1
707 	1
709 	1
710 	1
714 	1
718 	1
719 	1
721 	1
722 	1
723 	1
724 	1
727 	1
731 	1
732 	1
733 	1
735 	1
736 	1
737 	1
738 	1
740 	1
741 	1
742 	1
745 	1
746 	1
748 	1
749 	1
750 	1
751 	1
754 	1
760 	1
761 	1
763 	1
765 	1
766 	1
767 	1
768 	1
770 	1
774 	1
775 	1
776 	1
781 	1
785 	1
786 	1
788 	1
791 	1
792 	1
793 	1
794 	1
795 	1
798 	1
799 	1
801 	1
806 	1
811 	1
814 	1
820 	1
822 	1
823 	1
826 	1
829 	1
830 	1
831 	1
832 	1
835 	1
838 	1
839 	1
840 	1
842 	1
843 	1
845 	1
848 	1
849 	1
851 	1
854 	1
855 	1
856 	1
858 	1
859 	1
860 	1
862 	1
863 	1
866 	1
867 	1
869 	1
871 	1
874 	1
876 	1
877 	1
879 	1
881 	1
882 	1
883 	1
886 	1
889 	1
892 	1
894 	1
895 	1
899 	1
900 	1
901 	1
902 	1
903 	1
905 	1
907 	1
910 	1
913 	1
914 	1
915 	1
916 	1
918 	1
919 	1
922 	1
923 	1
924 	1
926 	1
929 	1
931 	1
934 	1
935 	1
939 	1
943 	1
945 	1
946 	1
948 	1
950 	1
952 	1
954 	1
955 	1
956 	1
957 	1
959 	1
962 	1
968 	1
969 	1
971 	1
973 	1
975 	1
977 	1
979 	1
980 	1
982 	1
983 	1
985 	1
987 	1
990 	1
993 	1
994 	1
995 	1
997 	1
998 	1
1000 	1
1002 	1
1003 	1
1008 	1
1010 	1
1013 	1
1014 	1
1015 	1
1016 	1
1017 	1
1018 	1
1019 	1
1021 	1
1023 	1
1031 	1
1034 	1
1036 	1
1037 	1
1038 	1
1040 	1
1041 	1
1042 	1
1043 	1
1045 	1
1047 	1
1050 	1
1051 	1
1052 	1
1054 	1
1056 	1
1058 	1
1062 	1
1063 	1
1064 	1
1065 	1
1068 	1
1070 	1
1071 	1
1072 	1
1073 	1
1074 	1
1075 	1
1078 	1
1079 	1
1084 	1
1086 	1
1088 	1
1091 	1
1093 	1
1095 	1
1096 	1
1098 	1
1099 	1
1100 	1
1102 	1
1103 	1
1106 	1
1107 	1
1111 	1
1112 	1
1113 	1
1115 	1
1117 	1
1118 	1
1119 	1
1120 	1
1124 	1
1127 	1
1128 	1
1130 	1
1131 	1
1132 	1
1134 	1
1135 	1
1136 	1
1139 	1
1140 	1
1142 	1
1143 	1
1146 	1
1147 	1
1151 	1
1152 	1
1153 	1
1154 	1
1155 	1
1156 	1
1158 	1
1162 	1
1163 	1
1164 	1
1167 	1
1171 	1
1174 	1
1175 	1
1176 	1
1179 	1
1180 	1
1184 	1
1188 	1
1191 	1
1192 	1
1193 	1
1201 	1
1202 	1
1204 	1
1206 	1
1207 	1
1208 	1
1209 	1
1211 	1
1219 	1
1222 	1
1223 	1
1224 	1
1228 	1
1233 	1
1239 	1
1240 	1
1243 	1
1244 	1
1245 	1
1251 	1
1252 	1
1254 	1
1255 	1
1256 	1
1257 	1
1259 	1
1260 	1
1263 	1
1265 	1
1267 	1
1270 	1
1271 	1
1273 	1
1276 	1
1277 	1
1278 	1
1279 	1
1281 	1
1284 	1
1288 	1
1289 	1
1290 	1
1291 	1
1295 	1
1296 	1
1297 	1
1298 	1
1299 	1
1301 	1
1302 	1
1303 	1
1304 	1
1305 	1
1306 	1
1308 	1
1309 	1
1310 	1
1311 	1
1313 	1
1315 	1
1316 	1
1321 	1
1322 	1
1324 	1
1330 	1
1331 	1
1332 	1
1334 	1
1335 	1
1340 	1
1341 	1
1342 	1
1343 	1
1345 	1
1346 	1
1347 	1
1348 	1
1351 	1
1353 	1
1354 	1
1355 	1
1360 	1
1361 	1
1362 	1
1363 	1
1366 	1
1369 	1
1371 	1
1374 	1
1375 	1
1376 	1
1377 	1
1378 	1
1380 	1
1381 	1
1382 	1
1385 	1
1387 	1
1388 	1
1391 	1
1393 	1
1396 	1
1398 	1
1400 	1
1405 	1
1408 	1
1414 	1
1416 	1
1418 	1
1421 	1
1422 	1
1425 	1
1426 	1
1427 	1
1428 	1
1429 	1
1430 	1
1431 	1
1433 	1
1434 	1
1435 	1
1436 	1
1437 	1
1444 	1
1446 	1
1447 	1
1449 	1
1450 	1
1451 	1
1452 	1
1453 	1
1454 	1
1455 	1
1457 	1
1458 	1
1459 	1
1461 	1
1462 	1
1463 	1
1466 	1
1470 	1
1473 	1
1474 	1
1476 	1
1477 	1
1478 	1
1480 	1
1481 	1
1483 	1
1485 	1
1488 	1
1491 	1
1492 	1
1495 	1
1496 	1
1498 	1
1499 	1
1501 	1
1502 	1
1503 	1
1505 	1
1506 	1
1507 	1
1509 	1
1514 	1
1516 	1
1517 	1
1520 	1
1526 	1
1529 	1
1532 	1
1536 	1
1537 	1
1540 	1
1543 	1
1544 	1
1547 	1
1550 	1
1552 	1
1554 	1
1555 	1
1556 	1
1557 	1
1558 	1
1563 	1
1568 	1
1569 	1
1570 	1
1572 	1
1573 	1
1575 	1
1576 	1
1577 	1
1581 	1
1583 	1
1585 	1
1586 	1
1590 	1
1591 	1
1592 	1
1593 	1
1594 	1
1601 	1
1602 	1
1603 	1
1605 	1
1606 	1
1610 	1
1611 	1
1612 	1
1614 	1
1615 	1
1616 	1
1617 	1
1620 	1
1621 	1
1624 	1
1629 	1
1633 	1
1634 	1
1635 	1
1638 	1
1641 	1
1642 	1
1643 	1
1644 	1
1645 	1
1646 	1
1647 	1
1653 	1
1654 	1
1656 	1
1658 	1
1660 	1
1663 	1
1666 	1
1668 	1
1671 	1
1675 	1
1677 	1
1679 	1
1680 	1
1681 	1
1685 	1
1687 	1
1689 	1
1691 	1
1692 	1
1695 	1
1699 	1
1700 	1
1701 	1
1705 	1
1706 	1
1707 	1
1709 	1
1711 	1
1712 	1
1713 	1
1715 	1
1719 	1
1720 	1
1721 	1
1723 	1
1729 	1
1731 	1
1734 	1
1735 	1
1736 	1
1737 	1
1738 	1
1740 	1
1741 	1
1744 	1
1745 	1
1746 	1
1749 	1
1750 	1
1752 	1
1754 	1
1755 	1
1756 	1
1759 	1
1760 	1
1762 	1
1766 	1
1767 	1
1768 	1
1769 	1
1770 	1
1771 	1
1780 	1
1784 	1
1785 	1
1786 	1
1789 	1
1790 	1
1792 	1
1793 	1
1795 	1
1796 	1
1798 	1
1799 	1
1800 	1
1802 	1
1803 	1
1804 	1
1813 	1
1814 	1
1816 	1
1817 	1
1818 	1
1819 	1
1821 	1
1823 	1
1825 	1
1826 	1
1833 	1
1834 	1
1836 	1
1837 	1
1843 	1
1846 	1
1847 	1
1849 	1
1850 	1
1852 	1
1856 	1
1858 	1
1861 	1
1862 	1
1865 	1
1866 	1
1876 	1
1877 	1
1878 	1
1881 	1
1883 	1
1884 	1
1885 	1
1887 	1
1889 	1
1892 	1
1893 	1
1897 	1
1898 	1
1903 	1
1904 	1
1906 	1
1908 	1
1910 	1
1911 	1
1913 	1
1914 	1
1916 	1
1917 	1
1918 	1
1919 	1
1921 	1
1922 	1
1925 	1
1928 	1
1938 	1
1939 	1
1944 	1
1945 	1
1946 	1
1947 	1
1948 	1
1949 	1
1952 	1
1955 	1
1962 	1
1965 	1
1967 	1
1971 	1
1974 	1
1975 	1
1977 	1
1978 	1
1979 	1
1980 	1
1983 	1
1985 	1
1986 	1
1988 	1
1990 	1
1991 	1
1992 	1
1993 	1
1995 	1
1997 	1
2006 	1
2011 	1
2013 	1
2014 	1
2016 	1
2018 	1
2021 	1
2023 	1
2025 	1
2027 	1
2030 	1
2032 	1
2033 	1
2034 	1
2035 	1
2036 	1
2038 	1
2039 	1
2040 	1
2044 	1
2046 	1
2050 	1
2051 	1
2054 	1
2055 	1
2059 	1
2060 	1
2063 	1
2065 	1
2069 	1
2070 	1
2072 	1
2073 	1
2077 	1
2081 	1
2083 	1
2084 	1
2085 	1
2086 	1
2087 	1
2089 	1
2090 	1
2091 	1
2093 	1
2098 	1
2099 	1
2105 	1
2108 	1
2109 	1
2110 	1
2111 	1
2115 	1
2119 	1
2120 	1
2121 	1
2122 	1
2124 	1
2127 	1
2128 	1
2130 	1
2132 	1
2133 	1
2136 	1
2141 	1
2142 	1
2143 	1
2144 	1
2151 	1
2153 	1
2155 	1
2156 	1
2160 	1
2161 	1
2162 	1
2163 	1
2164 	1
2165 	1
2168 	1
2170 	1
2173 	1
2176 	1
2184 	1
2185 	1
2192 	1
2194 	1
2196 	1
2200 	1
2202 	1
2204 	1
2207 	1
2208 	1
2209 	1
2210 	1
2211 	1
2212 	1
2213 	1
2215 	1
2216 	1
2217 	1
2218 	1
2219 	1
2221 	1
2223 	1
2224 	1
2227 	1
2231 	1
2233 	1
2235 	1
2238 	1
2240 	1
2243 	1
2244 	1
2245 	1
2246 	1
2247 	1
2248 	1
2251 	1
2253 	1
2256 	1
2257 	1
2258 	1
2259 	1
2261 	1
2270 	1
2277 	1
2287 	1
2288 	1
2289 	1
2293 	1
2296 	1
2301 	1
2303 	1
2306 	1
2308 	1
2310 	1
2312 	1
2316 	1
2317 	1
2318 	1
2320 	1
2322 	1
2323 	1
2324 	1
2326 	1
2327 	1
2328 	1
2332 	1
2335 	1
2337 	1
2342 	1
2344 	1
2346 	1
2348 	1
2351 	1
2356 	1
2360 	1
2363 	1
2365 	1
2366 	1
2367 	1
2375 	1
2376 	1
2377 	1
2379 	1
2381 	1
2384 	1
2385 	1
2386 	1
2387 	1
2388 	1
2394 	1
2398 	1
2400 	1
2402 	1
2405 	1
2407 	1
2408 	1
2409 	1
2410 	1
2411 	1
2413 	1
2415 	1
2416 	1
2417 	1
2420 	1
2421 	1
2422 	1
2424 	1
2429 	1
2434 	1
2435 	1
2438 	1
2440 	1
2441 	1
2444 	1
2445 	1
2446 	1
2447 	1
2453 	1
2454 	1
2460 	1
2461 	1
2462 	1
2465 	1
2467 	1
2470 	1
2471 	1
2474 	1
2478 	1
2479 	1
2480 	1
2484 	1
2486 	1
2488 	1
2489 	1
2493 	1
2495 	1
2500 	1
2502 	1
2503 	1
2504 	1
2510 	1
2511 	1
2512 	1
2513 	1
2515 	1
2516 	1
2517 	1
2518 	1
2519 	1
2522 	1
2523 	1
2524 	1
2525 	1
2526 	1
2527 	1
2528 	1
2530 	1
2531 	1
2540 	1
2541 	1
2543 	1
2545 	1
2548 	1
2549 	1
2550 	1
2553 	1
2554 	1
2555 	1
2557 	1
2560 	1
2561 	1
2564 	1
2565 	1
2567 	1
2568 	1
2569 	1
2570 	1
2571 	1
2572 	1
2576 	1
2580 	1
2582 	1
2584 	1
2585 	1
2586 	1
2588 	1
2590 	1
2591 	1
2592 	1
2598 	1
2603 	1
2605 	1
2606 	1
2608 	1
2609 	1
2611 	1
2613 	1
2617 	1
2623 	1
2625 	1
2626 	1
2630 	1
2631 	1
2632 	1
2636 	1
2637 	1
2638 	1
2639 	1
2640 	1
2643 	1
2644 	1
2647 	1
2648 	1
2649 	1
2651 	1
2652 	1
2654 	1
2660 	1
2663 	1
2666 	1
2669 	1
2670 	1
2671 	1
2673 	1
2674 	1
2675 	1
2676 	1
2677 	1
2679 	1
2680 	1
2684 	1
2688 	1
2689 	1
2692 	1
2693 	1
2698 	1
2700 	1
2701 	1
2705 	1
2708 	1
2709 	1
2710 	1
2711 	1
2714 	1
2719 	1
2721 	1
2723 	1
2725 	1
2727 	1
2732 	1
2734 	1
2735 	1
2736 	1
2737 	1
2738 	1
2739 	1
2740 	1
2741 	1
2742 	1
2744 	1
2748 	1
2750 	1
2752 	1
2753 	1
2755 	1
2756 	1
2759 	1
2761 	1
2762 	1
2764 	1
2765 	1
2767 	1
2772 	1
2773 	1
2774 	1
2775 	1
2778 	1
2780 	1
2783 	1
2788 	1
2789 	1
2792 	1
2793 	1
2796 	1
2799 	1
2801 	1
2802 	1
2803 	1
2804 	1
2806 	1
2811 	1
2813 	1
2814 	1
2815 	1
2818 	1
2819 	1
2821 	1
2822 	1
2824 	1
2825 	1
2828 	1
2830 	1
2832 	1
2835 	1
2837 	1
2839 	1
2843 	1
2849 	1
2850 	1
2851 	1
2852 	1
2855 	1
2858 	1
2859 	1
2861 	1
2862 	1
2863 	1
2864 	1
2866 	1
2867 	1
2868 	1
2869 	1
2874 	1
2876 	1
2877 	1
2882 	1
2884 	1
2886 	1
2887 	1
2890 	1
2891 	1
2892 	1
2895 	1
2902 	1
2903 	1
2904 	1
2907 	1
2909 	1
2910 	1
2913 	1
2915 	1
2916 	1
2917 	1
2918 	1
2920 	1
2921 	1
2922 	1
2923 	1
2926 	1
2927 	1
2928 	1
2932 	1
2935 	1
2942 	1
2943 	1
2944 	1
2949 	1
2954 	1
2956 	1
2957 	1
2960 	1
2962 	1
2963 	1
2964 	1
2968 	1
2971 	1
2973 	1
2976 	1
2979 	1
2986 	1
2989 	1
2990 	1
2996 	1
2997 	1
3000 	1
3001 	1
3003 	1
3004 	1
3005 	1
3006 	1
3008 	1
3011 	1
3012 	1
3013 	1
3014 	1
3015 	1
3022 	1
3024 	1
3025 	1
3026 	1
3030 	1
3033 	1
3034 	1
3038 	1
3040 	1
3041 	1
3042 	1
3045 	1
3047 	1
3048 	1
3049 	1
3050 	1
3051 	1
3053 	1
3057 	1
3058 	1
3060 	1
3062 	1
3063 	1
3073 	1
3076 	1
3078 	1
3079 	1
3080 	1
3081 	1
3082 	1
3084 	1
3088 	1
3090 	1
3091 	1
3094 	1
3096 	1
3097 	1
3101 	1
3103 	1
3104 	1
3105 	1
3106 	1
3109 	1
3112 	1
3114 	1
3115 	1
3116 	1
3118 	1
3121 	1
3123 	1
3124 	1
3128 	1
3131 	1
3132 	1
3134 	1
3135 	1
3141 	1
3142 	1
3144 	1
3145 	1
3148 	1
3150 	1
3152 	1
3153 	1
3155 	1
3156 	1
3157 	1
3160 	1
3162 	1
3164 	1
3165 	1
3166 	1
3170 	1
3171 	1
3172 	1
3173 	1
3174 	1
3178 	1
3179 	1
3181 	1
3182 	1
3188 	1
3189 	1
3190 	1
3194 	1
3196 	1
3197 	1
3198 	1
3200 	1
3202 	1
3203 	1
3204 	1
3205 	1
3206 	1
3207 	1
3212 	1
3213 	1
3215 	1
3221 	1
3222 	1
3223 	1
3225 	1
3227 	1
3228 	1
3230 	1
3231 	1
3234 	1
3236 	1
3237 	1
3240 	1
3241 	1
3244 	1
3246 	1
3248 	1
3249 	1
3250 	1
3256 	1
3257 	1
3263 	1
3265 	1
3268 	1
3270 	1
3273 	1
3274 	1
3279 	1
3282 	1
3283 	1
3285 	1
3286 	1
3288 	1
3289 	1
3290 	1
3291 	1
3292 	1
3294 	1
3296 	1
3301 	1
3303 	1
3304 	1
3305 	1
3306 	1
3310 	1
3311 	1
3312 	1
3313 	1
3314 	1
3315 	1
3317 	1
3319 	1
3321 	1
3323 	1
3324 	1
3325 	1
3326 	1
3327 	1
3329 	1
3330 	1
3335 	1
3339 	1
3343 	1
3344 	1
3345 	1
3346 	1
3348 	1
3351 	1
3352 	1
3353 	1
3354 	1
3365 	1
3366 	1
3367 	1
3368 	1
3370 	1
3375 	1
3377 	1
3380 	1
3381 	1
3383 	1
3386 	1
3389 	1
3390 	1
3392 	1
3396 	1
3398 	1
3399 	1
3403 	1
3405 	1
3406 	1
3407 	1
3408 	1
3409 	1
3412 	1
3413 	1
3415 	1
3416 	1
3417 	1
3422 	1
3423 	1
3424 	1
3425 	1
3428 	1
3429 	1
3431 	1
3433 	1
3434 	1
3435 	1
3436 	1
3437 	1
3439 	1
3440 	1
3442 	1
3445 	1
3447 	1
3450 	1
3451 	1
3452 	1
3453 	1
3458 	1
3460 	1
3462 	1
3464 	1
3465 	1
3467 	1
3470 	1
3471 	1
3473 	1
3474 	1
3475 	1
3477 	1
3478 	1
3480 	1
3483 	1
3484 	1
3486 	1
3489 	1
3491 	1
3494 	1
3495 	1
3496 	1
3497 	1
3498 	1
3499 	1
3500 	1
3502 	1
3504 	1
3505 	1
3506 	1
3508 	1
3509 	1
3512 	1
3513 	1
3514 	1
3516 	1
3520 	1
3521 	1
3529 	1
3531 	1
3533 	1
3540 	1
3542 	1
3544 	1
3545 	1
3548 	1
3551 	1
3555 	1
3561 	1
3562 	1
3563 	1
3564 	1
3569 	1
3570 	1
3573 	1
3578 	1
3582 	1
3583 	1
3584 	1
3586 	1
3587 	1
3589 	1
3590 	1
3594 	1
3595 	1
3597 	1
3600 	1
3601 	1
3604 	1
3606 	1
3609 	1
3610 	1
3611 	1
3613 	1
3614 	1
3615 	1
3620 	1
3621 	1
3624 	1
3630 	1
3631 	1
3632 	1
3633 	1
3634 	1
3636 	1
3637 	1
3640 	1
3647 	1
3651 	1
3652 	1
3656 	1
3657 	1
3658 	1
3661 	1
3665 	1
3668 	1
3672 	1
3673 	1
3674 	1
3677 	1
3678 	1
3681 	1
3683 	1
3684 	1
3688 	1
3689 	1
3692 	1
3695 	1
3697 	1
3698 	1
3699 	1
3701 	1
3703 	1
3704 	1
3705 	1
3706 	1
3708 	1
3711 	1
3712 	1
3713 	1
3715 	1
3718 	1
3719 	1
3721 	1
3722 	1
3724 	1
3728 	1
3729 	1
3730 	1
3731 	1
3733 	1
3734 	1
3735 	1
3738 	1
3739 	1
3740 	1
3741 	1
3742 	1
3745 	1
3746 	1
3748 	1
3750 	1
3751 	1
3753 	1
3760 	1
3767 	1
3768 	1
3771 	1
3772 	1
3778 	1
3780 	1
3783 	1
3784 	1
3786 	1
3789 	1
3790 	1
3792 	1
3794 	1
3798 	1
3799 	1
3800 	1
3801 	1
3802 	1
3803 	1
3806 	1
3807 	1
3810 	1
3811 	1
3812 	1
3813 	1
3816 	1
3817 	0.724550898204
