Number of items 	Total Weight 	Total Profit 
5596 	1896035.5 	377791.050505 


Total time: 0.0980882644653 s
Average time: 0.0245226025581 s
Last call: 2.14576721191e-06 s
Stamp 1 of the total: 0h 0m 0s 98ms 98088\u00B5s
Stamp 2 of the total: 00:00:00.0098
Pattern that ignores zeros:
98ms 98088\u00B5s
0098

Item    Fraction

1 	1
2 	1
6 	1
7 	1
8 	1
11 	1
12 	1
13 	1
14 	1
15 	1
16 	1
19 	1
20 	1
22 	1
26 	1
28 	1
29 	1
31 	1
32 	1
33 	1
35 	1
36 	1
38 	1
39 	1
40 	1
44 	1
46 	1
49 	1
50 	1
53 	1
55 	1
58 	1
60 	1
61 	1
62 	1
64 	1
69 	1
70 	1
72 	1
73 	1
75 	1
77 	1
80 	1
81 	1
82 	1
84 	1
86 	1
87 	1
91 	1
92 	1
93 	1
95 	1
97 	1
99 	1
101 	1
104 	1
105 	1
106 	1
110 	1
120 	1
121 	1
124 	1
126 	1
128 	1
129 	1
131 	1
132 	1
133 	1
135 	1
136 	1
139 	1
142 	1
143 	1
144 	1
145 	1
148 	1
150 	1
152 	1
154 	1
155 	1
156 	1
157 	1
158 	1
159 	1
160 	1
164 	1
166 	1
167 	1
168 	1
173 	1
174 	1
175 	1
176 	1
178 	1
180 	1
181 	1
182 	1
184 	1
185 	1
186 	1
187 	1
189 	1
190 	1
191 	1
193 	1
194 	1
199 	1
201 	1
202 	1
204 	1
205 	1
206 	1
207 	1
208 	1
211 	1
213 	1
214 	1
216 	1
218 	1
224 	1
227 	1
230 	1
232 	1
233 	1
234 	1
238 	1
239 	1
244 	1
248 	1
249 	1
251 	1
258 	1
260 	1
261 	1
264 	1
268 	1
269 	1
270 	1
275 	1
276 	1
278 	1
283 	1
285 	1
288 	1
291 	1
292 	1
295 	1
298 	1
300 	1
301 	1
303 	1
304 	1
307 	1
308 	1
309 	1
311 	1
315 	1
316 	1
317 	1
318 	1
319 	1
321 	1
326 	1
329 	1
331 	1
333 	1
335 	1
336 	1
338 	1
340 	1
344 	1
345 	1
348 	1
349 	1
350 	1
351 	1
353 	1
354 	1
355 	1
358 	1
362 	1
363 	1
366 	1
368 	1
369 	1
370 	1
371 	1
372 	1
377 	1
378 	1
379 	1
380 	1
381 	1
385 	1
386 	1
389 	1
394 	1
397 	1
398 	1
401 	1
403 	1
404 	1
405 	1
413 	1
414 	1
417 	1
418 	1
419 	1
420 	1
422 	1
424 	1
425 	1
426 	1
427 	1
431 	1
433 	1
437 	1
438 	1
439 	1
447 	1
448 	1
450 	1
452 	1
454 	1
459 	1
460 	1
461 	1
462 	1
464 	1
465 	1
467 	1
471 	1
472 	1
473 	1
474 	1
475 	1
476 	1
479 	1
480 	1
481 	1
482 	1
488 	1
490 	1
492 	1
496 	1
499 	1
500 	1
501 	1
502 	1
504 	1
505 	1
506 	1
507 	1
509 	1
511 	1
513 	1
515 	1
517 	1
519 	1
521 	1
522 	1
526 	1
531 	1
533 	1
535 	1
538 	1
542 	1
543 	1
545 	1
547 	1
548 	1
549 	1
550 	1
551 	1
552 	1
555 	1
556 	1
559 	1
561 	1
562 	1
566 	1
567 	1
570 	1
571 	1
573 	1
576 	1
579 	1
580 	1
583 	1
585 	1
587 	1
589 	1
592 	1
593 	1
596 	1
598 	1
600 	1
604 	1
605 	1
606 	1
608 	1
610 	1
611 	1
613 	1
614 	1
615 	1
619 	1
620 	1
621 	1
626 	1
627 	1
628 	1
632 	1
633 	1
634 	1
635 	1
638 	1
640 	1
642 	1
645 	1
646 	1
648 	1
650 	1
655 	1
656 	1
657 	1
658 	1
660 	1
661 	1
663 	1
664 	1
668 	1
669 	1
670 	1
671 	1
674 	1
679 	1
684 	1
686 	1
691 	1
692 	1
694 	1
695 	1
696 	1
697 	1
698 	1
699 	1
703 	1
705 	1
708 	1
709 	1
712 	1
716 	1
718 	1
719 	1
720 	1
721 	1
723 	1
724 	1
725 	1
727 	1
728 	1
729 	1
730 	1
731 	1
732 	1
733 	1
734 	1
738 	1
741 	1
744 	1
745 	1
747 	1
749 	1
751 	1
752 	1
756 	1
757 	1
764 	1
765 	1
766 	1
767 	1
768 	1
769 	1
770 	1
775 	1
776 	1
777 	1
780 	1
781 	1
782 	1
784 	1
787 	1
788 	1
789 	1
791 	1
792 	1
796 	1
799 	1
800 	1
801 	1
802 	1
805 	1
806 	1
808 	1
809 	1
813 	1
815 	1
817 	1
819 	1
821 	1
823 	1
824 	1
828 	1
830 	1
835 	1
836 	1
838 	1
842 	1
846 	1
847 	1
849 	1
851 	1
852 	1
856 	1
858 	1
860 	1
864 	1
867 	1
868 	1
870 	1
871 	1
872 	1
874 	1
876 	1
877 	1
878 	1
880 	1
883 	1
884 	1
885 	1
886 	1
887 	1
894 	1
895 	1
897 	1
898 	1
902 	1
904 	1
905 	1
906 	1
907 	1
908 	1
912 	1
913 	1
914 	1
915 	1
916 	1
917 	1
921 	1
922 	1
924 	1
925 	1
928 	1
929 	1
933 	1
934 	1
935 	1
937 	1
944 	1
945 	1
946 	1
948 	1
949 	1
951 	1
954 	1
955 	1
956 	1
957 	1
961 	1
962 	1
963 	1
964 	1
966 	1
967 	1
968 	1
969 	1
970 	1
974 	1
975 	1
976 	1
978 	1
979 	1
980 	1
982 	1
984 	1
987 	1
988 	1
990 	1
991 	1
993 	1
996 	1
997 	1
998 	1
1004 	1
1006 	1
1009 	1
1010 	1
1012 	1
1013 	1
1015 	1
1017 	1
1018 	1
1021 	1
1023 	1
1025 	1
1029 	1
1030 	1
1031 	1
1033 	1
1034 	1
1036 	1
1039 	1
1040 	1
1041 	1
1042 	1
1043 	1
1045 	1
1048 	1
1050 	1
1052 	1
1054 	1
1058 	1
1059 	1
1061 	1
1062 	1
1064 	1
1067 	1
1069 	1
1070 	1
1071 	1
1072 	1
1076 	1
1077 	1
1078 	1
1080 	1
1081 	1
1083 	1
1084 	1
1086 	1
1087 	1
1088 	1
1092 	1
1093 	1
1094 	1
1095 	1
1096 	1
1099 	1
1103 	1
1107 	1
1108 	1
1109 	1
1111 	1
1114 	1
1116 	1
1120 	1
1123 	1
1124 	1
1127 	1
1130 	1
1131 	1
1137 	1
1138 	1
1141 	1
1144 	1
1146 	1
1148 	1
1150 	1
1151 	1
1153 	1
1155 	1
1156 	1
1157 	1
1161 	1
1164 	1
1165 	1
1166 	1
1169 	1
1171 	1
1172 	1
1173 	1
1175 	1
1176 	1
1177 	1
1179 	1
1180 	1
1181 	1
1182 	1
1185 	1
1186 	1
1189 	1
1190 	1
1192 	1
1196 	1
1198 	1
1199 	1
1203 	1
1207 	1
1209 	1
1210 	1
1213 	1
1216 	1
1219 	1
1224 	1
1227 	1
1229 	1
1232 	1
1235 	1
1236 	1
1237 	1
1238 	1
1243 	1
1244 	1
1249 	1
1253 	1
1255 	1
1256 	1
1257 	1
1260 	1
1261 	1
1265 	1
1266 	1
1267 	1
1268 	1
1269 	1
1271 	1
1272 	1
1273 	1
1276 	1
1277 	1
1280 	1
1282 	1
1284 	1
1286 	1
1287 	1
1291 	1
1293 	1
1294 	1
1296 	1
1297 	1
1301 	1
1303 	1
1304 	1
1306 	1
1307 	1
1308 	1
1309 	1
1314 	1
1317 	1
1318 	1
1320 	1
1321 	1
1323 	1
1324 	1
1325 	1
1327 	1
1329 	1
1331 	1
1332 	1
1334 	1
1338 	1
1341 	1
1344 	1
1348 	1
1351 	1
1352 	1
1353 	1
1354 	1
1356 	1
1357 	1
1358 	1
1361 	1
1364 	1
1365 	1
1369 	1
1370 	1
1375 	1
1377 	1
1379 	1
1381 	1
1383 	1
1384 	1
1387 	1
1389 	1
1391 	1
1395 	1
1397 	1
1398 	1
1399 	1
1401 	1
1403 	1
1404 	1
1406 	1
1409 	1
1410 	1
1411 	1
1414 	1
1416 	1
1417 	1
1420 	1
1421 	1
1422 	1
1423 	1
1425 	1
1429 	1
1438 	1
1440 	1
1441 	1
1444 	1
1446 	1
1450 	1
1451 	1
1452 	1
1453 	1
1454 	1
1457 	1
1458 	1
1459 	1
1462 	1
1463 	1
1465 	1
1469 	1
1472 	1
1474 	1
1476 	1
1481 	1
1483 	1
1484 	1
1486 	1
1487 	1
1490 	1
1494 	1
1497 	1
1500 	1
1503 	1
1506 	1
1508 	1
1510 	1
1511 	1
1512 	1
1513 	1
1518 	1
1520 	1
1522 	1
1526 	1
1528 	1
1530 	1
1531 	1
1533 	1
1539 	1
1543 	1
1546 	1
1547 	1
1549 	1
1550 	1
1551 	1
1552 	1
1554 	1
1555 	1
1556 	1
1559 	1
1560 	1
1561 	1
1562 	1
1563 	1
1564 	1
1565 	1
1571 	1
1573 	1
1574 	1
1575 	1
1576 	1
1578 	1
1581 	1
1586 	1
1588 	1
1589 	1
1591 	1
1592 	1
1597 	1
1599 	1
1601 	1
1602 	1
1605 	1
1606 	1
1607 	1
1608 	1
1609 	1
1610 	1
1613 	1
1614 	1
1616 	1
1617 	1
1619 	1
1621 	1
1622 	1
1623 	1
1624 	1
1625 	1
1626 	1
1628 	1
1630 	1
1631 	1
1633 	1
1635 	1
1637 	1
1640 	1
1641 	1
1643 	1
1644 	1
1647 	1
1650 	1
1652 	1
1655 	1
1656 	1
1658 	1
1659 	1
1660 	1
1664 	1
1666 	1
1671 	1
1674 	1
1675 	1
1679 	1
1681 	1
1682 	1
1684 	1
1685 	1
1690 	1
1692 	1
1693 	1
1694 	1
1695 	1
1697 	1
1699 	1
1700 	1
1701 	1
1702 	1
1705 	1
1706 	1
1707 	1
1708 	1
1710 	1
1712 	1
1713 	1
1715 	1
1718 	1
1719 	1
1721 	1
1722 	1
1723 	1
1725 	1
1727 	1
1730 	1
1732 	1
1733 	1
1735 	1
1739 	1
1740 	1
1742 	1
1746 	1
1747 	1
1748 	1
1749 	1
1751 	1
1754 	1
1755 	1
1756 	1
1757 	1
1758 	1
1761 	1
1764 	1
1765 	1
1766 	1
1768 	1
1770 	1
1771 	1
1772 	1
1774 	1
1775 	1
1783 	1
1784 	1
1786 	1
1788 	1
1789 	1
1795 	1
1796 	1
1798 	1
1799 	1
1800 	1
1801 	1
1803 	1
1805 	1
1806 	1
1807 	1
1808 	1
1809 	1
1812 	1
1813 	1
1814 	1
1815 	1
1816 	1
1817 	1
1819 	1
1820 	1
1822 	1
1823 	1
1825 	1
1826 	1
1837 	1
1840 	1
1844 	1
1845 	1
1846 	1
1847 	1
1848 	1
1849 	1
1851 	1
1854 	1
1856 	1
1858 	1
1860 	1
1862 	1
1864 	1
1869 	1
1870 	1
1871 	1
1873 	1
1874 	1
1875 	1
1876 	1
1878 	1
1879 	1
1881 	1
1882 	1
1883 	1
1885 	1
1886 	1
1887 	1
1889 	1
1890 	1
1891 	1
1892 	1
1894 	1
1896 	1
1897 	1
1900 	1
1903 	1
1904 	1
1910 	1
1911 	1
1912 	1
1916 	1
1919 	1
1924 	1
1925 	1
1926 	1
1927 	1
1928 	1
1929 	1
1930 	1
1931 	1
1934 	1
1935 	1
1937 	1
1941 	1
1943 	1
1944 	1
1945 	1
1947 	1
1949 	1
1950 	1
1951 	1
1955 	1
1958 	1
1959 	1
1960 	1
1961 	1
1964 	1
1965 	1
1968 	1
1970 	1
1971 	1
1974 	1
1976 	1
1978 	1
1979 	1
1980 	1
1981 	1
1984 	1
1985 	1
1986 	1
1988 	1
1989 	1
1990 	1
1993 	1
1996 	1
1997 	1
1998 	1
1999 	1
2000 	1
2001 	1
2002 	1
2003 	1
2004 	1
2005 	1
2006 	1
2007 	1
2010 	1
2012 	1
2013 	1
2015 	1
2016 	1
2017 	1
2022 	1
2023 	1
2025 	1
2026 	1
2027 	1
2028 	1
2030 	1
2036 	1
2037 	1
2038 	1
2040 	1
2041 	1
2042 	1
2044 	1
2046 	1
2052 	1
2055 	1
2056 	1
2058 	1
2062 	1
2063 	1
2064 	1
2066 	1
2068 	1
2071 	1
2073 	1
2075 	1
2076 	1
2078 	1
2079 	1
2083 	1
2084 	1
2087 	1
2089 	1
2091 	1
2093 	1
2094 	1
2095 	1
2096 	1
2097 	1
2101 	1
2102 	1
2105 	1
2111 	1
2112 	1
2113 	1
2115 	1
2116 	1
2117 	1
2119 	1
2123 	1
2126 	1
2127 	1
2134 	1
2136 	1
2137 	1
2138 	1
2139 	1
2141 	1
2143 	1
2144 	1
2146 	1
2147 	1
2148 	1
2157 	1
2158 	1
2159 	1
2161 	1
2162 	1
2163 	1
2166 	1
2167 	1
2169 	1
2170 	1
2171 	1
2172 	1
2173 	1
2179 	1
2180 	1
2181 	1
2182 	1
2184 	1
2185 	1
2186 	1
2188 	1
2189 	1
2190 	1
2195 	1
2198 	1
2199 	1
2200 	1
2201 	1
2202 	1
2203 	1
2204 	1
2208 	1
2209 	1
2211 	1
2212 	1
2215 	1
2218 	1
2221 	1
2224 	1
2225 	1
2226 	1
2230 	1
2231 	1
2232 	1
2233 	1
2234 	1
2238 	1
2240 	1
2242 	1
2243 	1
2246 	1
2251 	1
2255 	1
2256 	1
2257 	1
2259 	1
2260 	1
2261 	1
2263 	1
2264 	1
2266 	1
2268 	1
2269 	1
2271 	1
2272 	1
2273 	1
2274 	1
2275 	1
2278 	1
2279 	1
2280 	1
2281 	1
2284 	1
2285 	1
2287 	1
2288 	1
2289 	1
2293 	1
2294 	1
2295 	1
2296 	1
2300 	1
2301 	1
2302 	1
2304 	1
2305 	1
2308 	1
2310 	1
2312 	1
2315 	1
2317 	1
2318 	1
2319 	1
2322 	1
2323 	1
2324 	1
2328 	1
2329 	1
2330 	1
2331 	1
2332 	1
2333 	1
2334 	1
2338 	1
2340 	1
2341 	1
2346 	1
2347 	1
2348 	1
2350 	1
2353 	1
2357 	1
2359 	1
2361 	1
2362 	1
2364 	1
2366 	1
2367 	1
2371 	1
2372 	1
2376 	1
2379 	1
2381 	1
2382 	1
2383 	1
2384 	1
2385 	1
2386 	1
2388 	1
2389 	1
2390 	1
2391 	1
2392 	1
2393 	1
2394 	1
2395 	1
2397 	1
2398 	1
2400 	1
2403 	1
2406 	1
2407 	1
2408 	1
2409 	1
2410 	1
2413 	1
2415 	1
2416 	1
2419 	1
2420 	1
2423 	1
2426 	1
2427 	1
2429 	1
2433 	1
2434 	1
2435 	1
2436 	1
2437 	1
2441 	1
2442 	1
2443 	1
2444 	1
2446 	1
2448 	1
2449 	1
2451 	1
2453 	1
2456 	1
2457 	1
2458 	1
2460 	1
2461 	1
2464 	1
2465 	1
2466 	1
2471 	1
2475 	1
2476 	1
2478 	1
2481 	1
2482 	1
2486 	1
2488 	1
2489 	1
2491 	1
2494 	1
2498 	1
2499 	1
2500 	1
2502 	1
2504 	1
2505 	1
2507 	1
2511 	1
2512 	1
2513 	1
2517 	1
2519 	1
2520 	1
2521 	1
2524 	1
2530 	1
2532 	1
2533 	1
2535 	1
2536 	1
2537 	1
2538 	1
2539 	1
2540 	1
2541 	1
2544 	1
2546 	1
2547 	1
2548 	1
2549 	1
2550 	1
2551 	1
2552 	1
2554 	1
2556 	1
2557 	1
2561 	1
2564 	1
2571 	1
2574 	1
2579 	1
2581 	1
2585 	1
2587 	1
2588 	1
2589 	1
2591 	1
2594 	1
2596 	1
2597 	1
2600 	1
2602 	1
2603 	1
2604 	1
2605 	1
2606 	1
2607 	1
2613 	1
2614 	1
2616 	1
2617 	1
2620 	1
2621 	1
2627 	1
2630 	1
2631 	1
2632 	1
2635 	1
2636 	1
2637 	1
2638 	1
2646 	1
2649 	1
2652 	1
2653 	1
2659 	1
2661 	1
2662 	1
2663 	1
2664 	1
2665 	1
2666 	1
2668 	1
2669 	1
2671 	1
2673 	1
2674 	1
2676 	1
2680 	1
2683 	1
2686 	1
2687 	1
2688 	1
2690 	1
2693 	1
2694 	1
2696 	1
2698 	1
2700 	1
2701 	1
2702 	1
2703 	1
2704 	1
2705 	1
2707 	1
2710 	1
2711 	1
2716 	1
2718 	1
2720 	1
2722 	1
2724 	1
2725 	1
2727 	1
2729 	1
2731 	1
2732 	1
2736 	1
2737 	1
2738 	1
2739 	1
2740 	1
2743 	1
2744 	1
2749 	1
2750 	1
2755 	1
2756 	1
2757 	1
2758 	1
2760 	1
2762 	1
2763 	1
2764 	1
2766 	1
2768 	1
2770 	1
2775 	1
2778 	1
2780 	1
2781 	1
2782 	1
2783 	1
2786 	1
2787 	1
2788 	1
2791 	1
2792 	1
2794 	1
2796 	1
2797 	1
2799 	1
2802 	1
2803 	1
2806 	1
2813 	1
2814 	1
2817 	1
2819 	1
2820 	1
2822 	1
2828 	1
2829 	1
2830 	1
2831 	1
2834 	1
2836 	1
2837 	1
2841 	1
2842 	1
2843 	1
2844 	1
2845 	1
2846 	1
2847 	1
2848 	1
2849 	1
2853 	1
2855 	1
2857 	1
2858 	1
2860 	1
2864 	1
2867 	1
2868 	1
2869 	1
2870 	1
2872 	1
2873 	1
2874 	1
2878 	1
2879 	1
2880 	1
2883 	1
2885 	1
2887 	1
2890 	1
2893 	1
2894 	1
2896 	1
2897 	1
2900 	1
2903 	1
2905 	1
2907 	1
2912 	1
2916 	1
2918 	1
2919 	1
2921 	1
2924 	1
2927 	1
2930 	1
2932 	1
2935 	1
2936 	1
2939 	1
2941 	1
2942 	1
2945 	1
2947 	1
2950 	1
2952 	1
2953 	1
2956 	1
2957 	1
2959 	1
2963 	1
2965 	1
2966 	1
2967 	1
2968 	1
2969 	1
2970 	1
2974 	1
2975 	1
2977 	1
2978 	1
2979 	1
2983 	1
2986 	1
2988 	1
2990 	1
2993 	1
2994 	1
2995 	1
2996 	1
3000 	1
3001 	1
3002 	1
3005 	1
3007 	1
3008 	1
3009 	1
3010 	1
3011 	1
3012 	1
3016 	1
3017 	1
3027 	1
3028 	1
3034 	1
3036 	1
3037 	1
3039 	1
3042 	1
3045 	1
3046 	1
3049 	1
3053 	1
3054 	1
3056 	1
3057 	1
3059 	1
3062 	1
3064 	1
3066 	1
3068 	1
3069 	1
3071 	1
3073 	1
3075 	1
3076 	1
3077 	1
3078 	1
3080 	1
3084 	1
3085 	1
3086 	1
3087 	1
3091 	1
3093 	1
3094 	1
3096 	1
3097 	1
3098 	1
3100 	1
3102 	1
3103 	1
3104 	1
3107 	1
3111 	1
3112 	1
3114 	1
3115 	1
3122 	1
3123 	1
3126 	1
3129 	1
3131 	1
3132 	1
3135 	1
3141 	1
3143 	1
3144 	1
3145 	1
3146 	1
3147 	1
3149 	1
3150 	1
3151 	1
3152 	1
3153 	1
3154 	1
3159 	1
3162 	1
3164 	1
3165 	1
3166 	1
3170 	1
3171 	1
3172 	1
3174 	1
3176 	1
3177 	1
3179 	1
3181 	1
3183 	1
3189 	1
3190 	1
3192 	1
3195 	1
3197 	1
3198 	1
3199 	1
3200 	1
3201 	1
3204 	1
3205 	1
3206 	1
3207 	1
3212 	1
3214 	1
3216 	1
3219 	1
3220 	1
3222 	1
3223 	1
3224 	1
3225 	1
3228 	1
3232 	1
3237 	1
3238 	1
3240 	1
3241 	1
3243 	1
3244 	1
3246 	1
3249 	1
3250 	1
3251 	1
3255 	1
3256 	1
3257 	1
3258 	1
3259 	1
3261 	1
3263 	1
3264 	1
3267 	1
3268 	1
3269 	1
3271 	1
3277 	1
3278 	1
3280 	1
3282 	1
3283 	1
3284 	1
3286 	1
3290 	1
3292 	1
3293 	1
3296 	1
3298 	1
3302 	1
3303 	1
3304 	1
3310 	1
3311 	1
3314 	1
3315 	1
3317 	1
3318 	1
3319 	1
3320 	1
3323 	1
3324 	1
3326 	1
3327 	1
3328 	1
3331 	1
3334 	1
3335 	1
3336 	1
3339 	1
3344 	1
3345 	1
3350 	1
3351 	1
3353 	1
3354 	1
3355 	1
3357 	1
3362 	1
3363 	1
3364 	1
3366 	1
3372 	1
3374 	1
3375 	1
3376 	1
3378 	1
3381 	1
3382 	1
3384 	1
3388 	1
3390 	1
3392 	1
3393 	1
3394 	1
3395 	1
3397 	1
3398 	1
3404 	1
3405 	1
3409 	1
3410 	1
3411 	1
3413 	1
3414 	1
3415 	1
3419 	1
3424 	1
3429 	1
3431 	1
3435 	1
3438 	1
3439 	1
3444 	1
3447 	1
3448 	1
3449 	1
3450 	1
3451 	1
3453 	1
3455 	1
3459 	1
3462 	1
3465 	1
3468 	1
3470 	1
3471 	1
3478 	1
3479 	1
3480 	1
3482 	1
3483 	1
3484 	1
3486 	1
3487 	1
3490 	1
3492 	1
3493 	1
3495 	1
3496 	1
3498 	1
3499 	1
3500 	1
3501 	1
3502 	1
3503 	1
3504 	1
3506 	1
3511 	1
3513 	1
3514 	1
3517 	1
3518 	1
3519 	1
3521 	1
3524 	1
3525 	1
3526 	1
3528 	1
3529 	1
3534 	1
3539 	1
3540 	1
3542 	1
3543 	1
3547 	1
3549 	1
3550 	1
3552 	1
3554 	1
3556 	1
3557 	1
3559 	1
3561 	1
3562 	1
3565 	1
3566 	1
3568 	1
3569 	1
3570 	1
3577 	1
3579 	1
3582 	1
3584 	1
3586 	1
3587 	1
3590 	1
3592 	1
3593 	1
3594 	1
3597 	1
3598 	1
3600 	1
3601 	1
3602 	1
3603 	1
3605 	1
3606 	1
3608 	1
3611 	1
3613 	1
3621 	1
3622 	1
3627 	1
3629 	1
3630 	1
3633 	1
3634 	1
3637 	1
3638 	1
3639 	1
3640 	1
3643 	1
3644 	1
3645 	1
3648 	1
3651 	1
3652 	1
3654 	1
3655 	1
3657 	1
3658 	1
3659 	1
3661 	1
3666 	1
3669 	1
3670 	1
3671 	1
3673 	1
3674 	1
3677 	1
3678 	1
3679 	1
3680 	1
3681 	1
3682 	1
3687 	1
3688 	1
3689 	1
3691 	1
3693 	1
3695 	1
3701 	1
3702 	1
3706 	1
3709 	1
3711 	1
3714 	1
3716 	1
3718 	1
3719 	1
3720 	1
3721 	1
3725 	1
3727 	1
3728 	1
3729 	1
3730 	1
3731 	1
3733 	1
3736 	1
3739 	1
3740 	1
3741 	1
3744 	1
3748 	1
3749 	1
3751 	1
3754 	1
3759 	1
3760 	1
3762 	1
3763 	1
3765 	1
3766 	1
3771 	1
3773 	1
3774 	1
3776 	1
3779 	1
3782 	1
3783 	1
3785 	1
3786 	1
3789 	1
3790 	1
3791 	1
3796 	1
3801 	1
3805 	1
3807 	1
3808 	1
3810 	1
3814 	1
3816 	1
3817 	1
3820 	1
3823 	1
3824 	1
3825 	1
3828 	1
3829 	1
3834 	1
3837 	1
3838 	1
3839 	1
3844 	1
3846 	1
3847 	1
3848 	1
3849 	1
3851 	1
3852 	1
3853 	1
3855 	1
3857 	1
3858 	1
3859 	1
3860 	1
3861 	1
3862 	1
3864 	1
3868 	1
3870 	1
3871 	1
3872 	1
3873 	1
3874 	1
3882 	1
3883 	1
3886 	1
3888 	1
3889 	1
3890 	1
3893 	1
3895 	1
3901 	1
3903 	1
3906 	1
3908 	1
3909 	1
3911 	1
3912 	1
3913 	1
3914 	1
3915 	1
3917 	1
3922 	1
3924 	1
3926 	1
3927 	1
3929 	1
3930 	1
3931 	1
3932 	1
3933 	1
3935 	1
3937 	1
3938 	1
3939 	1
3941 	1
3944 	1
3948 	1
3949 	1
3951 	1
3954 	1
3958 	1
3959 	1
3960 	1
3961 	1
3962 	1
3963 	1
3964 	1
3971 	1
3973 	1
3974 	1
3976 	1
3980 	1
3981 	1
3984 	1
3987 	1
3993 	1
3996 	1
3997 	1
3998 	1
3999 	1
4010 	1
4011 	1
4013 	1
4014 	1
4017 	1
4018 	1
4019 	1
4024 	1
4025 	1
4026 	1
4027 	1
4029 	1
4030 	1
4032 	1
4033 	1
4038 	1
4040 	1
4041 	1
4042 	1
4043 	1
4047 	1
4048 	1
4049 	1
4052 	1
4053 	1
4057 	1
4059 	1
4061 	1
4062 	1
4063 	1
4065 	1
4066 	1
4069 	1
4072 	1
4075 	1
4076 	1
4078 	1
4081 	1
4082 	1
4083 	1
4084 	1
4087 	1
4090 	1
4091 	1
4094 	1
4095 	1
4099 	1
4101 	1
4103 	1
4104 	1
4105 	1
4108 	1
4110 	1
4111 	1
4112 	1
4114 	1
4115 	1
4116 	1
4117 	1
4119 	1
4121 	1
4122 	1
4123 	1
4125 	1
4126 	1
4127 	1
4128 	1
4129 	1
4130 	1
4133 	1
4136 	1
4137 	1
4138 	1
4139 	1
4140 	1
4148 	1
4149 	1
4150 	1
4155 	1
4159 	1
4162 	1
4167 	1
4168 	1
4169 	1
4170 	1
4172 	1
4174 	1
4178 	1
4179 	1
4182 	1
4183 	1
4184 	1
4192 	1
4194 	1
4196 	1
4198 	1
4199 	1
4201 	1
4203 	1
4204 	1
4207 	1
4209 	1
4210 	1
4211 	1
4212 	1
4215 	1
4216 	1
4219 	1
4222 	1
4223 	1
4225 	1
4226 	1
4227 	1
4233 	1
4234 	1
4236 	1
4237 	1
4239 	1
4241 	1
4242 	1
4243 	1
4245 	1
4248 	1
4250 	1
4253 	1
4255 	1
4256 	1
4260 	1
4261 	1
4265 	1
4266 	1
4267 	1
4270 	1
4272 	1
4274 	1
4275 	1
4279 	1
4280 	1
4281 	1
4282 	1
4284 	1
4285 	1
4286 	1
4289 	1
4294 	1
4297 	1
4299 	1
4301 	1
4302 	1
4303 	1
4305 	1
4306 	1
4308 	1
4309 	1
4312 	1
4315 	1
4317 	1
4318 	1
4321 	1
4324 	1
4326 	1
4328 	1
4329 	1
4330 	1
4332 	1
4333 	1
4334 	1
4335 	1
4337 	1
4340 	1
4341 	1
4344 	1
4350 	1
4351 	1
4352 	1
4354 	1
4355 	1
4356 	1
4357 	1
4358 	1
4361 	1
4365 	1
4367 	1
4373 	1
4374 	1
4377 	1
4379 	1
4381 	1
4382 	1
4386 	1
4389 	1
4390 	1
4393 	1
4394 	1
4395 	1
4397 	1
4399 	1
4402 	1
4405 	1
4408 	1
4411 	1
4412 	1
4416 	1
4418 	1
4419 	1
4422 	1
4424 	1
4428 	1
4429 	1
4431 	1
4434 	1
4435 	1
4437 	1
4440 	1
4441 	1
4442 	1
4445 	1
4447 	1
4448 	1
4449 	1
4454 	1
4455 	1
4457 	1
4460 	1
4461 	1
4462 	1
4466 	1
4467 	1
4469 	1
4470 	1
4472 	1
4474 	1
4475 	1
4478 	1
4481 	1
4482 	1
4486 	1
4487 	1
4488 	1
4490 	1
4494 	1
4496 	1
4497 	1
4498 	1
4500 	1
4501 	1
4503 	1
4507 	1
4510 	1
4514 	1
4515 	1
4517 	1
4519 	1
4521 	1
4524 	1
4526 	1
4529 	1
4530 	1
4531 	1
4534 	1
4537 	1
4540 	1
4543 	1
4544 	1
4545 	1
4547 	1
4548 	1
4551 	1
4552 	1
4553 	1
4554 	1
4558 	1
4562 	1
4563 	1
4565 	1
4567 	1
4569 	1
4570 	1
4571 	1
4572 	1
4578 	1
4579 	1
4584 	1
4585 	1
4586 	1
4587 	1
4589 	1
4591 	1
4592 	1
4597 	1
4598 	1
4605 	1
4606 	1
4608 	1
4609 	1
4612 	1
4613 	1
4615 	1
4617 	1
4618 	1
4619 	1
4620 	1
4623 	1
4624 	1
4626 	1
4627 	1
4628 	1
4631 	1
4634 	1
4636 	1
4637 	1
4639 	1
4640 	1
4644 	1
4645 	1
4646 	1
4648 	1
4649 	1
4652 	1
4659 	1
4662 	1
4665 	1
4666 	1
4668 	1
4671 	1
4672 	1
4673 	1
4674 	1
4676 	1
4677 	1
4681 	1
4683 	1
4690 	1
4691 	1
4692 	1
4693 	1
4695 	1
4696 	1
4697 	1
4699 	1
4701 	1
4702 	1
4703 	1
4705 	1
4706 	1
4707 	1
4709 	1
4713 	1
4716 	1
4720 	1
4722 	1
4723 	1
4728 	1
4729 	1
4731 	1
4733 	1
4737 	1
4740 	1
4742 	1
4744 	1
4746 	1
4748 	1
4749 	1
4750 	1
4753 	1
4756 	1
4758 	1
4760 	1
4761 	1
4762 	1
4764 	1
4765 	1
4767 	1
4768 	1
4770 	1
4773 	1
4774 	1
4780 	1
4783 	1
4784 	1
4785 	1
4787 	1
4789 	1
4790 	1
4792 	1
4794 	1
4796 	1
4797 	1
4798 	1
4802 	1
4805 	1
4809 	1
4811 	1
4812 	1
4814 	1
4816 	1
4820 	1
4824 	1
4825 	1
4826 	1
4827 	1
4828 	1
4830 	1
4834 	1
4835 	1
4838 	1
4839 	1
4840 	1
4841 	1
4842 	1
4843 	1
4844 	1
4846 	1
4857 	1
4859 	1
4860 	1
4861 	1
4862 	1
4863 	1
4864 	1
4865 	1
4866 	1
4867 	1
4868 	1
4872 	1
4873 	1
4875 	1
4877 	1
4878 	1
4879 	1
4881 	1
4882 	1
4884 	1
4885 	1
4886 	1
4889 	1
4892 	1
4893 	1
4894 	1
4895 	1
4896 	1
4898 	1
4908 	1
4909 	1
4911 	1
4913 	1
4914 	1
4917 	1
4920 	1
4921 	1
4922 	1
4924 	1
4927 	1
4928 	1
4931 	1
4932 	1
4933 	1
4936 	1
4937 	1
4938 	1
4939 	1
4942 	1
4943 	1
4946 	1
4947 	1
4950 	1
4951 	1
4952 	1
4954 	1
4955 	1
4962 	1
4963 	1
4964 	1
4965 	1
4967 	1
4971 	1
4974 	1
4975 	1
4976 	1
4978 	1
4979 	1
4980 	1
4983 	1
4988 	1
4991 	1
4992 	1
4993 	1
4998 	1
4999 	1
5001 	1
5004 	1
5005 	1
5006 	1
5007 	1
5009 	1
5010 	1
5011 	1
5013 	1
5014 	1
5015 	1
5017 	1
5018 	1
5020 	1
5022 	1
5023 	1
5025 	1
5028 	1
5031 	1
5032 	1
5034 	1
5035 	1
5036 	1
5038 	1
5042 	1
5043 	1
5044 	1
5046 	1
5047 	1
5049 	1
5051 	1
5052 	1
5055 	1
5056 	1
5057 	1
5058 	1
5059 	1
5061 	1
5069 	1
5070 	1
5071 	1
5078 	1
5079 	1
5080 	1
5082 	1
5083 	1
5086 	1
5089 	1
5090 	1
5091 	1
5093 	1
5095 	1
5103 	1
5104 	1
5108 	1
5111 	1
5114 	1
5115 	1
5118 	1
5119 	1
5122 	1
5123 	1
5126 	1
5128 	1
5129 	1
5130 	1
5131 	1
5133 	1
5134 	1
5136 	1
5140 	1
5142 	1
5150 	1
5151 	1
5155 	1
5157 	1
5158 	1
5160 	1
5161 	1
5165 	1
5166 	1
5167 	1
5169 	1
5173 	1
5174 	1
5175 	1
5176 	1
5177 	1
5178 	1
5179 	1
5180 	1
5181 	1
5189 	1
5193 	1
5196 	1
5197 	1
5200 	1
5202 	1
5204 	1
5205 	1
5206 	1
5207 	1
5210 	1
5212 	1
5213 	1
5215 	1
5217 	1
5218 	1
5222 	1
5223 	1
5226 	1
5227 	1
5228 	1
5229 	1
5230 	1
5236 	1
5240 	1
5241 	1
5242 	1
5243 	1
5244 	1
5245 	1
5246 	1
5247 	1
5249 	1
5251 	1
5253 	1
5255 	1
5256 	1
5257 	1
5258 	1
5259 	1
5260 	1
5262 	1
5265 	1
5266 	1
5268 	1
5270 	1
5271 	1
5273 	1
5274 	1
5275 	1
5277 	1
5278 	1
5281 	1
5283 	1
5286 	1
5292 	1
5293 	1
5294 	1
5296 	1
5298 	1
5299 	1
5305 	1
5306 	1
5308 	1
5311 	1
5315 	1
5317 	1
5320 	1
5321 	1
5324 	1
5326 	1
5330 	1
5331 	1
5333 	1
5334 	1
5335 	1
5336 	1
5339 	1
5340 	1
5341 	1
5343 	1
5344 	1
5348 	1
5350 	1
5352 	1
5353 	1
5354 	1
5356 	1
5357 	1
5358 	1
5359 	1
5360 	1
5361 	1
5363 	1
5365 	1
5368 	1
5369 	1
5371 	1
5373 	1
5374 	1
5376 	1
5377 	1
5379 	1
5380 	1
5381 	1
5382 	1
5383 	1
5384 	1
5385 	1
5387 	1
5388 	1
5389 	1
5391 	1
5392 	1
5393 	1
5394 	1
5396 	1
5397 	1
5398 	1
5400 	1
5402 	1
5404 	1
5406 	1
5407 	1
5410 	1
5411 	1
5413 	1
5414 	1
5416 	1
5421 	1
5424 	1
5425 	1
5426 	1
5428 	1
5432 	1
5433 	1
5436 	1
5437 	1
5439 	1
5442 	1
5444 	1
5451 	1
5453 	1
5456 	1
5459 	1
5460 	1
5462 	1
5464 	1
5467 	1
5476 	1
5481 	1
5482 	1
5487 	1
5488 	1
5491 	1
5493 	1
5495 	1
5500 	1
5503 	1
5507 	1
5509 	1
5513 	1
5515 	1
5516 	1
5518 	1
5519 	1
5520 	1
5521 	1
5524 	1
5525 	1
5526 	1
5530 	1
5536 	1
5537 	1
5538 	1
5541 	1
5542 	1
5543 	1
5544 	1
5546 	1
5547 	1
5554 	1
5557 	1
5560 	1
5561 	1
5562 	1
5563 	1
5566 	1
5568 	1
5569 	1
5570 	1
5572 	1
5575 	1
5577 	1
5578 	1
5580 	1
5584 	1
5587 	1
5595 	1
5597 	1
5600 	1
5606 	1
5607 	1
5610 	1
5612 	1
5615 	1
5619 	1
5620 	1
5623 	1
5624 	1
5625 	1
5626 	1
5627 	1
5629 	1
5632 	1
5633 	1
5634 	1
5635 	1
5637 	1
5638 	1
5640 	1
5641 	1
5643 	1
5646 	1
5648 	1
5649 	1
5651 	1
5653 	1
5654 	1
5656 	1
5657 	1
5665 	1
5666 	1
5668 	1
5669 	1
5672 	1
5678 	1
5680 	1
5683 	1
5685 	1
5686 	1
5687 	1
5688 	1
5690 	1
5693 	1
5694 	1
5695 	1
5696 	1
5701 	1
5702 	1
5703 	1
5704 	1
5706 	1
5707 	1
5710 	1
5711 	1
5712 	1
5714 	1
5715 	1
5717 	1
5719 	1
5720 	1
5729 	1
5730 	1
5731 	1
5734 	1
5735 	1
5737 	1
5738 	1
5740 	1
5741 	1
5742 	1
5745 	1
5749 	1
5750 	1
5753 	1
5759 	1
5760 	1
5761 	1
5762 	1
5764 	1
5765 	1
5766 	1
5769 	1
5773 	1
5776 	1
5778 	1
5779 	1
5780 	1
5786 	1
5788 	1
5789 	1
5790 	1
5791 	1
5792 	1
5793 	1
5796 	1
5801 	1
5803 	1
5808 	1
5809 	1
5810 	1
5811 	1
5815 	1
5823 	1
5825 	1
5826 	1
5827 	1
5831 	1
5833 	1
5834 	1
5838 	1
5839 	1
5840 	1
5841 	1
5842 	1
5846 	1
5847 	1
5848 	1
5850 	1
5854 	1
5855 	1
5857 	1
5860 	1
5870 	1
5872 	1
5873 	1
5874 	1
5877 	1
5878 	1
5880 	1
5882 	1
5883 	1
5884 	1
5885 	1
5887 	1
5888 	1
5889 	1
5892 	1
5896 	1
5901 	1
5902 	1
5907 	1
5909 	1
5913 	1
5914 	1
5915 	1
5916 	1
5917 	1
5922 	1
5923 	1
5924 	1
5927 	1
5929 	1
5934 	1
5936 	1
5938 	1
5939 	1
5941 	1
5942 	1
5944 	1
5947 	1
5948 	1
5949 	1
5951 	1
5952 	1
5954 	1
5956 	1
5957 	1
5958 	1
5959 	1
5961 	1
5962 	1
5964 	1
5965 	1
5967 	1
5968 	1
5969 	1
5971 	1
5974 	1
5976 	1
5977 	1
5978 	1
5981 	1
5982 	1
5984 	1
5988 	1
5992 	1
5994 	1
5999 	1
6000 	1
6001 	1
6002 	1
6004 	1
6012 	1
6013 	1
6014 	1
6015 	1
6016 	1
6019 	1
6027 	1
6028 	1
6029 	1
6032 	1
6035 	1
6036 	1
6038 	1
6039 	1
6040 	1
6042 	1
6043 	1
6044 	1
6045 	1
6046 	1
6047 	1
6048 	1
6050 	1
6053 	1
6054 	1
6056 	1
6057 	1
6059 	1
6060 	1
6061 	1
6063 	1
6064 	1
6067 	1
6068 	1
6070 	1
6071 	1
6074 	1
6076 	1
6077 	1
6078 	1
6079 	1
6086 	1
6087 	1
6089 	1
6090 	1
6092 	1
6095 	1
6097 	1
6101 	1
6104 	1
6106 	1
6109 	1
6111 	1
6113 	1
6116 	1
6121 	1
6123 	1
6124 	1
6126 	1
6127 	1
6129 	1
6131 	1
6134 	1
6137 	1
6139 	1
6141 	1
6142 	1
6143 	1
6145 	1
6146 	1
6147 	1
6148 	1
6151 	1
6152 	1
6153 	1
6156 	1
6158 	1
6161 	1
6162 	1
6164 	1
6167 	1
6168 	1
6172 	1
6179 	1
6182 	1
6184 	1
6187 	1
6188 	1
6196 	1
6197 	1
6199 	1
6203 	1
6204 	1
6206 	1
6207 	1
6208 	1
6209 	1
6210 	1
6211 	1
6214 	1
6216 	1
6217 	1
6220 	1
6221 	1
6224 	1
6225 	1
6227 	1
6228 	1
6229 	1
6230 	1
6231 	1
6232 	1
6233 	1
6234 	1
6235 	1
6239 	1
6240 	1
6241 	1
6243 	1
6245 	1
6246 	1
6247 	1
6248 	1
6250 	1
6251 	1
6253 	1
6255 	1
6256 	1
6259 	1
6262 	1
6264 	1
6267 	1
6269 	1
6270 	1
6273 	1
6274 	1
6276 	1
6277 	1
6278 	1
6280 	1
6282 	1
6284 	1
6285 	1
6287 	1
6288 	1
6292 	1
6293 	1
6294 	1
6296 	1
6297 	1
6298 	1
6303 	1
6304 	1
6307 	1
6308 	1
6310 	1
6312 	1
6314 	1
6315 	1
6317 	1
6318 	1
6319 	1
6325 	1
6326 	1
6328 	1
6329 	1
6332 	1
6333 	1
6338 	1
6339 	1
6344 	1
6345 	1
6348 	1
6349 	1
6353 	1
6354 	1
6361 	1
6364 	1
6373 	1
6375 	1
6376 	1
6377 	1
6378 	1
6379 	1
6380 	1
6382 	1
6383 	1
6386 	1
6387 	1
6389 	1
6391 	1
6393 	1
6394 	1
6395 	1
6396 	1
6399 	1
6401 	1
6402 	1
6403 	1
6405 	1
6406 	1
6407 	1
6408 	1
6409 	1
6410 	1
6413 	1
6415 	1
6416 	1
6417 	1
6421 	1
6423 	1
6424 	1
6429 	1
6431 	1
6432 	1
6433 	1
6436 	1
6438 	1
6439 	1
6442 	1
6443 	1
6444 	1
6445 	1
6448 	1
6450 	1
6451 	1
6454 	1
6459 	1
6460 	1
6461 	1
6462 	1
6463 	1
6464 	1
6465 	1
6466 	1
6469 	1
6470 	1
6471 	1
6476 	1
6477 	1
6480 	1
6482 	1
6484 	1
6488 	1
6491 	1
6493 	1
6498 	1
6499 	1
6500 	1
6501 	1
6502 	1
6503 	1
6507 	1
6509 	1
6510 	1
6512 	1
6513 	1
6517 	1
6519 	1
6523 	1
6524 	1
6525 	1
6527 	1
6528 	1
6530 	1
6535 	1
6536 	1
6537 	1
6538 	1
6540 	1
6544 	1
6546 	1
6551 	1
6552 	1
6553 	1
6554 	1
6556 	1
6557 	1
6558 	1
6560 	1
6561 	1
6563 	1
6568 	1
6569 	1
6570 	1
6572 	1
6574 	1
6575 	1
6578 	1
6582 	1
6583 	1
6584 	1
6587 	1
6592 	1
6595 	1
6596 	1
6597 	1
6598 	1
6599 	1
6600 	1
6606 	1
6607 	1
6609 	1
6614 	1
6615 	1
6617 	1
6619 	1
6621 	1
6622 	1
6624 	1
6626 	1
6630 	1
6631 	1
6632 	1
6635 	1
6637 	1
6639 	1
6640 	1
6644 	1
6648 	1
6649 	1
6650 	1
6653 	1
6654 	1
6656 	1
6658 	1
6660 	1
6661 	1
6662 	1
6664 	1
6665 	1
6666 	1
6668 	1
6669 	1
6671 	1
6673 	1
6674 	1
6675 	1
6678 	1
6679 	1
6680 	1
6682 	1
6683 	1
6685 	1
6686 	1
6689 	1
6690 	1
6691 	1
6695 	1
6698 	1
6700 	1
6701 	1
6703 	1
6704 	1
6706 	1
6707 	1
6709 	1
6711 	1
6712 	1
6713 	1
6717 	1
6718 	1
6721 	1
6722 	1
6723 	1
6724 	1
6725 	1
6728 	1
6729 	1
6730 	1
6735 	1
6737 	1
6738 	1
6739 	1
6741 	1
6745 	1
6746 	1
6753 	1
6756 	1
6758 	1
6759 	1
6760 	1
6765 	1
6766 	1
6767 	1
6768 	1
6771 	1
6772 	1
6775 	1
6776 	1
6777 	1
6783 	1
6788 	1
6790 	1
6791 	1
6793 	1
6796 	1
6799 	1
6803 	1
6804 	1
6806 	1
6809 	1
6810 	1
6816 	1
6817 	1
6818 	1
6822 	1
6823 	1
6824 	1
6825 	1
6828 	1
6832 	1
6834 	1
6835 	1
6836 	1
6838 	1
6839 	1
6841 	1
6842 	1
6844 	1
6845 	1
6846 	1
6847 	1
6848 	1
6849 	1
6853 	1
6857 	1
6858 	1
6861 	1
6863 	1
6866 	1
6867 	1
6869 	1
6870 	1
6871 	1
6874 	1
6878 	1
6880 	1
6881 	1
6883 	1
6884 	1
6887 	1
6888 	1
6891 	1
6892 	1
6893 	1
6894 	1
6898 	1
6899 	1
6900 	1
6904 	1
6905 	1
6906 	1
6908 	1
6913 	1
6920 	1
6926 	1
6927 	1
6928 	1
6930 	1
6931 	1
6932 	1
6934 	1
6936 	1
6938 	1
6943 	1
6946 	1
6947 	1
6949 	1
6954 	1
6955 	1
6956 	1
6957 	1
6959 	1
6960 	1
6963 	1
6965 	1
6968 	1
6969 	1
6970 	1
6971 	1
6974 	1
6975 	1
6976 	1
6978 	1
6981 	1
6982 	1
6985 	1
6989 	1
6991 	1
6994 	1
6995 	1
6996 	1
7000 	1
7001 	1
7002 	1
7006 	1
7009 	1
7021 	1
7024 	1
7025 	1
7026 	1
7028 	1
7038 	1
7039 	1
7040 	1
7041 	1
7042 	1
7045 	1
7046 	1
7047 	1
7048 	1
7049 	1
7051 	1
7052 	1
7053 	1
7054 	1
7057 	1
7063 	1
7066 	1
7069 	1
7070 	1
7072 	1
7074 	1
7077 	1
7078 	1
7080 	1
7082 	1
7083 	1
7086 	1
7090 	1
7093 	1
7099 	1
7102 	1
7103 	1
7104 	1
7105 	1
7107 	1
7109 	1
7110 	1
7111 	1
7113 	1
7114 	1
7115 	1
7116 	1
7119 	1
7120 	1
7122 	1
7123 	1
7125 	1
7126 	1
7127 	1
7130 	1
7132 	1
7135 	1
7141 	1
7142 	1
7145 	1
7146 	1
7147 	1
7149 	1
7150 	1
7151 	1
7152 	1
7154 	1
7155 	1
7156 	1
7158 	1
7159 	1
7164 	1
7165 	1
7167 	1
7169 	1
7174 	1
7175 	1
7178 	1
7184 	1
7185 	1
7187 	1
7189 	1
7190 	1
7193 	1
7196 	1
7198 	1
7199 	1
7200 	1
7201 	1
7202 	1
7205 	1
7206 	1
7208 	1
7210 	1
7213 	1
7214 	1
7215 	1
7217 	1
7219 	1
7223 	1
7225 	1
7226 	1
7230 	1
7232 	1
7233 	1
7237 	1
7238 	1
7239 	1
7246 	1
7250 	1
7251 	1
7253 	1
7255 	1
7259 	1
7261 	1
7262 	1
7265 	1
7267 	1
7268 	1
7269 	1
7270 	1
7271 	1
7272 	1
7274 	1
7279 	1
7281 	1
7282 	1
7284 	1
7285 	1
7290 	1
7291 	1
7292 	1
7294 	1
7296 	1
7298 	1
7299 	1
7300 	1
7301 	1
7304 	1
7306 	1
7308 	1
7310 	1
7311 	1
7314 	1
7315 	1
7319 	1
7320 	1
7321 	1
7325 	1
7326 	1
7331 	1
7334 	1
7336 	1
7339 	1
7340 	1
7341 	1
7343 	1
7346 	1
7349 	1
7350 	1
7351 	1
7353 	1
7354 	1
7356 	1
7358 	1
7360 	1
7364 	1
7367 	1
7371 	1
7372 	1
7375 	1
7377 	1
7378 	1
7379 	1
7380 	1
7382 	1
7384 	1
7385 	1
7386 	1
7387 	1
7388 	1
7392 	1
7393 	1
7396 	1
7398 	1
7403 	1
7404 	1
7405 	1
7407 	1
7411 	1
7414 	1
7417 	1
7419 	1
7420 	1
7421 	1
7422 	1
7426 	1
7427 	1
7428 	1
7429 	1
7432 	1
7433 	1
7434 	1
7435 	1
7438 	1
7440 	1
7442 	1
7443 	1
7446 	1
7448 	1
7450 	1
7452 	1
7455 	1
7457 	1
7458 	1
7459 	1
7460 	1
7461 	1
7463 	1
7464 	1
7468 	1
7470 	1
7471 	1
7472 	1
7473 	1
7477 	1
7478 	1
7480 	1
7481 	1
7484 	1
7486 	1
7487 	1
7488 	1
7489 	1
7490 	1
7495 	1
7496 	1
7498 	1
7503 	1
7505 	1
7506 	1
7508 	1
7509 	1
7511 	1
7516 	1
7519 	1
7520 	1
7521 	1
7522 	1
7523 	1
7524 	1
7525 	1
7527 	1
7528 	1
7529 	1
7530 	1
7531 	1
7534 	1
7535 	1
7536 	1
7538 	1
7539 	1
7540 	1
7541 	1
7542 	1
7543 	1
7544 	1
7545 	1
7547 	1
7551 	1
7554 	1
7560 	1
7564 	1
7566 	1
7567 	1
7568 	1
7572 	1
7573 	1
7574 	1
7575 	1
7576 	1
7577 	1
7581 	1
7582 	1
7584 	1
7586 	1
7589 	1
7591 	1
7593 	1
7596 	1
7597 	1
7598 	1
7599 	1
7602 	1
7603 	1
7604 	1
7606 	1
7607 	1
7608 	1
7609 	1
7610 	1
7612 	1
7615 	1
7616 	1
7618 	1
7619 	1
7620 	1
7621 	1
7626 	1
7628 	1
7629 	1
7630 	1
7631 	1
7632 	1
7633 	1
7634 	1
7641 	1
7644 	1
7645 	1
7646 	1
7647 	1
7648 	1
7649 	1
7651 	1
7652 	1
7653 	1
7656 	1
7659 	1
7660 	1
7661 	1
7662 	1
7665 	1
7666 	1
7668 	1
7671 	1
7674 	1
7675 	1
7679 	1
7680 	1
7681 	1
7682 	1
7683 	1
7684 	1
7687 	1
7690 	1
7692 	1
7694 	1
7695 	1
7696 	1
7699 	1
7704 	1
7709 	1
7711 	1
7716 	1
7718 	1
7719 	1
7720 	1
7722 	1
7726 	1
7727 	1
7729 	1
7731 	1
7732 	1
7733 	1
7734 	1
7736 	1
7737 	1
7738 	1
7739 	1
7741 	1
7742 	1
7743 	1
7744 	1
7747 	1
7748 	1
7749 	1
7753 	1
7756 	1
7761 	1
7763 	1
7767 	1
7768 	1
7769 	1
7770 	1
7774 	1
7776 	1
7779 	1
7780 	1
7781 	1
7782 	1
7784 	1
7785 	1
7787 	1
7788 	1
7789 	1
7792 	1
7794 	1
7796 	1
7797 	1
7800 	1
7802 	1
7803 	1
7805 	1
7807 	1
7808 	1
7809 	1
7813 	1
7815 	1
7816 	1
7818 	1
7821 	1
7822 	1
7823 	1
7828 	1
7829 	1
7833 	1
7834 	1
7835 	1
7836 	1
7838 	1
7839 	1
7840 	1
7841 	1
7843 	1
7844 	1
7845 	1
7846 	1
7857 	1
7859 	1
7860 	1
7861 	1
7863 	1
7864 	1
7865 	1
7866 	1
7868 	1
7869 	1
7870 	1
7877 	1
7878 	1
7882 	1
7883 	1
7885 	1
7887 	1
7889 	1
7892 	1
7893 	1
7895 	1
7897 	1
7902 	1
7904 	1
7908 	1
7911 	1
7914 	1
7915 	1
7916 	1
7918 	1
7919 	1
7920 	1
7921 	1
7922 	1
7924 	1
7926 	1
7927 	1
7928 	1
7933 	1
7936 	1
7937 	1
7938 	1
7941 	1
7944 	1
7946 	1
7947 	1
7949 	1
7950 	1
7952 	1
7959 	1
7964 	1
7965 	1
7967 	1
7970 	1
7971 	1
7975 	1
7977 	1
7980 	1
7981 	1
7984 	1
7985 	1
7987 	1
7988 	1
7989 	1
7991 	1
7994 	1
7997 	1
7998 	1
7999 	1
8002 	1
8004 	1
8005 	1
8006 	1
8010 	1
8011 	1
8014 	1
8015 	1
8016 	1
8017 	1
8018 	1
8019 	1
8021 	1
8023 	1
8028 	1
8029 	1
8031 	1
8034 	1
8037 	1
8038 	1
8044 	1
8046 	1
8047 	1
8050 	1
8051 	1
8053 	1
8058 	1
8060 	1
8062 	1
8064 	1
8065 	1
8066 	1
8067 	1
8068 	1
8069 	1
8071 	1
8075 	1
8079 	1
8080 	1
8081 	1
8084 	1
8087 	1
8089 	1
8092 	1
8094 	1
8095 	1
8096 	1
8097 	1
8101 	1
8102 	1
8103 	1
8106 	1
8108 	1
8110 	1
8111 	1
8113 	1
8116 	1
8117 	1
8122 	1
8123 	1
8125 	1
8126 	1
8127 	1
8128 	1
8131 	1
8133 	1
8136 	1
8137 	1
8141 	1
8145 	1
8146 	1
8148 	1
8150 	1
8154 	1
8156 	1
8158 	1
8161 	1
8162 	1
8163 	1
8164 	1
8165 	1
8167 	1
8168 	1
8169 	1
8170 	1
8172 	1
8174 	1
8176 	1
8177 	1
8178 	1
8179 	1
8182 	1
8184 	1
8185 	1
8190 	1
8191 	1
8192 	1
8197 	1
8198 	1
8200 	1
8201 	1
8203 	1
8206 	1
8207 	1
8208 	1
8211 	1
8216 	1
8217 	1
8218 	1
8220 	1
8222 	1
8223 	1
8224 	1
8225 	1
8226 	1
8229 	1
8230 	1
8232 	1
8234 	1
8241 	1
8242 	1
8244 	1
8248 	1
8249 	1
8250 	1
8251 	1
8255 	1
8258 	1
8259 	1
8266 	1
8268 	1
8269 	1
8271 	1
8272 	1
8273 	1
8276 	1
8278 	1
8279 	1
8282 	1
8285 	1
8290 	1
8291 	1
8292 	1
8293 	1
8296 	1
8298 	1
8301 	1
8303 	1
8304 	1
8305 	1
8308 	1
8311 	1
8312 	1
8318 	1
8319 	1
8320 	1
8321 	1
8322 	1
8323 	1
8324 	1
8325 	1
8326 	1
8329 	1
8330 	1
8332 	1
8335 	1
8336 	1
8337 	1
8339 	1
8340 	1
8343 	1
8344 	1
8346 	1
8347 	1
8348 	1
8349 	1
8350 	1
8351 	1
8354 	1
8355 	1
8356 	1
8357 	1
8358 	1
8359 	1
8361 	1
8362 	1
8363 	1
8364 	1
8365 	1
8367 	1
8371 	1
8372 	1
8374 	1
8376 	1
8378 	1
8381 	1
8383 	1
8384 	1
8390 	1
8393 	1
8394 	1
8396 	1
8397 	1
8401 	1
8402 	1
8403 	1
8405 	1
8406 	1
8408 	1
8410 	1
8411 	1
8414 	1
8416 	1
8427 	1
8430 	1
8431 	1
8435 	1
8439 	1
8440 	1
8441 	1
8442 	1
8443 	1
8445 	1
8447 	1
8452 	1
8454 	1
8460 	1
8463 	1
8464 	1
8469 	1
8472 	1
8474 	1
8478 	1
8481 	1
8485 	1
8487 	1
8488 	1
8489 	1
8491 	1
8492 	1
8494 	1
8495 	1
8497 	1
8500 	1
8504 	1
8505 	1
8506 	1
8507 	1
8508 	1
8509 	1
8511 	1
8512 	1
8513 	1
8518 	1
8519 	1
8522 	1
8524 	1
8525 	1
8527 	1
8528 	1
8529 	1
8530 	1
8532 	1
8535 	1
8538 	1
8542 	1
8545 	1
8546 	1
8550 	1
8552 	1
8553 	1
8554 	1
8555 	1
8557 	1
8560 	1
8561 	1
8563 	1
8565 	1
8566 	1
8567 	1
8568 	1
8570 	1
8577 	1
8578 	1
8580 	1
8581 	1
8582 	1
8584 	1
8586 	1
8588 	1
8589 	1
8590 	1
8591 	1
8592 	1
8593 	1
8596 	1
8597 	1
8599 	1
8602 	1
8606 	1
8607 	1
8608 	1
8609 	1
8611 	1
8612 	1
8613 	1
8614 	1
8615 	1
8619 	1
8620 	1
8622 	1
8623 	1
8624 	1
8625 	1
8626 	1
8628 	1
8629 	1
8630 	1
8631 	1
8632 	1
8635 	1
8638 	1
8640 	1
8641 	1
8643 	1
8645 	1
8646 	1
8647 	1
8648 	1
8650 	1
8651 	1
8655 	1
8657 	1
8658 	1
8660 	1
8661 	1
8669 	1
8672 	1
8673 	1
8678 	1
8681 	1
8682 	1
8683 	1
8684 	1
8685 	1
8686 	1
8687 	1
8688 	1
8690 	1
8691 	1
8693 	1
8695 	1
8697 	1
8698 	1
8699 	1
8701 	1
8703 	1
8704 	1
8706 	1
8707 	1
8709 	1
8710 	1
8711 	1
8714 	1
8715 	1
8716 	1
8718 	1
8720 	1
8722 	1
8723 	1
8724 	1
8727 	1
8728 	1
8730 	1
8731 	1
8732 	1
8733 	1
8734 	1
8735 	1
8745 	1
8748 	1
8755 	1
8756 	1
8758 	1
8760 	1
8763 	1
8764 	1
8765 	1
8766 	1
8767 	1
8770 	1
8772 	1
8773 	1
8775 	1
8776 	1
8778 	1
8779 	1
8780 	1
8782 	1
8783 	1
8786 	1
8788 	1
8789 	1
8791 	1
8793 	1
8796 	1
8797 	1
8799 	1
8800 	1
8803 	1
8807 	1
8808 	1
8809 	1
8810 	1
8811 	1
8813 	1
8818 	1
8821 	1
8822 	1
8823 	1
8824 	1
8825 	1
8831 	1
8832 	1
8833 	1
8836 	1
8839 	1
8841 	1
8842 	1
8843 	1
8844 	1
8845 	1
8846 	1
8847 	1
8851 	1
8852 	1
8854 	1
8855 	1
8857 	1
8858 	1
8861 	1
8864 	1
8866 	1
8871 	1
8873 	1
8877 	1
8880 	1
8885 	1
8886 	1
8890 	1
8891 	1
8892 	1
8893 	1
8897 	1
8900 	1
8906 	1
8910 	1
8911 	1
8912 	1
8913 	1
8914 	1
8917 	1
8918 	1
8919 	1
8920 	1
8923 	1
8926 	1
8927 	1
8929 	1
8934 	1
8936 	1
8937 	1
8938 	1
8939 	1
8940 	1
8943 	1
8944 	1
8946 	1
8947 	1
8949 	1
8952 	1
8956 	1
8957 	1
8958 	1
8962 	1
8964 	1
8965 	1
8966 	1
8967 	1
8970 	1
8971 	1
8976 	1
8977 	1
8978 	1
8979 	1
8982 	1
8984 	1
8985 	1
8986 	1
8990 	1
8997 	1
8998 	1
8999 	1
9003 	1
9004 	1
9005 	1
9006 	1
9007 	1
9009 	1
9012 	1
9013 	1
9014 	1
9015 	1
9018 	1
9019 	1
9020 	1
9023 	1
9026 	1
9029 	1
9030 	1
9031 	1
9033 	1
9035 	1
9037 	1
9041 	1
9042 	1
9043 	1
9047 	1
9050 	1
9051 	1
9052 	1
9053 	1
9054 	1
9055 	1
9058 	1
9059 	1
9060 	1
9061 	1
9062 	1
9063 	1
9065 	1
9070 	1
9071 	1
9072 	1
9073 	1
9077 	1
9078 	1
9079 	1
9082 	1
9083 	1
9085 	1
9086 	1
9087 	1
9088 	1
9090 	1
9092 	1
9093 	1
9094 	1
9095 	1
9096 	1
9098 	1
9099 	1
9100 	1
9108 	1
9111 	1
9112 	1
9114 	1
9115 	1
9117 	1
9120 	1
9122 	1
9125 	1
9126 	1
9131 	1
9135 	1
9136 	1
9138 	1
9139 	1
9140 	1
9142 	1
9143 	1
9150 	1
9152 	1
9156 	1
9163 	1
9164 	1
9165 	1
9166 	1
9167 	1
9168 	1
9169 	1
9170 	1
9171 	1
9173 	1
9174 	1
9175 	1
9177 	1
9178 	1
9179 	1
9180 	1
9181 	1
9182 	1
9184 	1
9186 	1
9192 	1
9194 	1
9195 	1
9197 	1
9200 	1
9206 	1
9213 	1
9216 	1
9217 	1
9222 	1
9223 	1
9226 	1
9227 	1
9232 	1
9235 	1
9236 	1
9237 	1
9238 	1
9243 	1
9244 	1
9245 	1
9246 	1
9247 	1
9249 	1
9252 	1
9257 	1
9258 	1
9260 	1
9262 	1
9263 	1
9264 	1
9267 	1
9268 	1
9270 	1
9272 	1
9274 	1
9275 	1
9280 	1
9281 	1
9282 	1
9286 	1
9288 	1
9290 	1
9292 	1
9293 	1
9296 	1
9300 	1
9305 	1
9306 	1
9307 	1
9309 	1
9311 	1
9314 	1
9319 	1
9321 	1
9322 	1
9323 	1
9325 	1
9326 	1
9328 	1
9331 	1
9333 	1
9335 	1
9337 	1
9338 	1
9339 	1
9344 	1
9345 	1
9350 	1
9354 	1
9356 	1
9357 	1
9359 	1
9363 	1
9364 	1
9366 	1
9370 	1
9372 	1
9374 	1
9375 	1
9377 	1
9381 	1
9383 	1
9384 	1
9385 	1
9386 	1
9387 	1
9388 	1
9389 	1
9393 	1
9395 	1
9396 	1
9397 	1
9402 	1
9404 	1
9405 	1
9406 	1
9407 	1
9409 	1
9410 	1
9411 	1
9412 	1
9415 	1
9417 	1
9420 	1
9421 	1
9423 	1
9424 	1
9425 	1
9426 	1
9433 	1
9434 	1
9435 	1
9439 	1
9441 	1
9442 	1
9443 	1
9445 	1
9455 	1
9456 	1
9457 	1
9458 	1
9459 	1
9461 	1
9464 	1
9465 	1
9466 	1
9468 	1
9469 	1
9470 	1
9473 	1
9477 	1
9478 	1
9479 	1
9480 	1
9483 	1
9484 	1
9490 	1
9493 	1
9494 	1
9499 	1
9500 	1
9502 	1
9503 	1
9505 	1
9506 	1
9508 	1
9511 	1
9513 	1
9515 	1
9518 	1
9522 	1
9523 	1
9526 	1
9527 	1
9531 	1
9534 	1
9535 	1
9536 	1
9544 	1
9546 	1
9547 	1
9549 	1
9550 	1
9552 	1
9553 	1
9555 	1
9556 	1
9559 	1
9560 	1
9565 	1
9566 	1
9567 	1
9569 	1
9570 	1
9573 	1
9574 	1
9575 	1
9576 	1
9577 	1
9578 	1
9580 	1
9581 	1
9582 	1
9583 	1
9584 	1
9586 	1
9587 	1
9588 	1
9590 	1
9591 	1
9594 	1
9595 	1
9596 	1
9597 	1
9601 	1
9603 	1
9604 	1
9608 	1
9610 	1
9611 	1
9613 	1
9614 	1
9616 	1
9617 	1
9619 	1
9624 	1
9626 	1
9627 	1
9628 	1
9629 	1
9630 	1
9634 	1
9635 	1
9636 	1
9637 	1
9638 	1
9639 	1
9640 	1
9641 	1
9642 	1
9643 	1
9645 	1
9647 	1
9650 	1
9651 	1
9653 	1
9655 	1
9658 	1
9660 	1
9661 	1
9663 	1
9667 	1
9669 	1
9670 	1
9673 	1
9674 	1
9675 	1
9676 	1
9678 	1
9681 	1
9682 	1
9683 	1
9685 	1
9686 	1
9687 	1
9688 	1
9689 	1
9690 	1
9691 	1
9693 	1
9695 	1
9696 	1
9697 	1
9698 	1
9700 	1
9701 	1
9702 	1
9707 	1
9708 	1
9712 	1
9714 	1
9715 	1
9717 	1
9718 	1
9720 	1
9724 	1
9725 	1
9726 	1
9727 	1
9728 	1
9730 	1
9736 	1
9738 	1
9739 	1
9740 	1
9742 	1
9744 	1
9745 	1
9751 	1
9752 	1
9753 	1
9754 	1
9755 	1
9756 	1
9759 	1
9760 	1
9762 	1
9763 	1
9767 	1
9768 	1
9769 	1
9770 	1
9771 	1
9772 	1
9773 	1
9775 	1
9777 	1
9779 	1
9782 	1
9783 	1
9784 	1
9787 	1
9789 	1
9791 	1
9793 	1
9795 	1
9796 	1
9799 	1
9803 	1
9804 	1
9805 	1
9808 	1
9809 	1
9811 	1
9814 	1
9815 	1
9818 	1
9819 	1
9821 	1
9825 	1
9826 	1
9827 	1
9831 	1
9833 	1
9834 	1
9835 	1
9838 	1
9839 	1
9843 	1
9848 	1
9850 	1
9851 	1
9853 	1
9855 	1
9856 	1
9859 	1
9861 	1
9862 	1
9863 	1
9864 	1
9868 	1
9869 	1
9871 	1
9877 	1
9878 	1
9879 	1
9881 	1
9883 	1
9885 	1
9886 	1
9887 	1
9889 	1
9893 	1
9895 	1
9898 	1
9902 	1
9905 	1
9906 	1
9909 	1
9912 	1
9915 	1
9916 	1
9918 	1
9922 	1
9923 	1
9924 	1
9928 	1
9930 	1
9931 	1
9935 	1
9937 	1
9939 	1
9941 	1
9942 	1
9943 	1
9948 	1
9957 	1
9960 	1
9962 	1
9963 	1
9965 	1
9966 	1
9968 	1
9970 	1
9971 	1
9972 	1
9977 	1
9978 	1
9980 	1
9983 	1
9985 	1
9988 	1
9992 	1
9993 	1
9995 	1
9996 	1
9999 	1
10000 	1
10001 	1
10002 	1
10003 	1
10004 	1
10006 	1
10007 	1
10010 	1
10013 	1
10014 	1
10018 	1
10020 	1
10021 	1
10022 	1
10024 	1
10025 	1
10026 	1
10027 	1
10028 	1
10029 	1
10030 	1
10033 	1
10034 	1
10037 	1
10039 	1
10041 	1
10043 	1
10044 	1
10050 	1
10052 	1
10054 	1
10055 	1
10056 	1
10057 	1
10058 	1
10059 	1
10060 	1
10062 	1
10063 	1
10064 	1
10065 	1
10068 	1
10071 	1
10073 	1
10074 	1
10076 	1
10081 	1
10082 	1
10083 	1
10085 	1
10086 	1
10087 	1
10093 	1
10095 	1
10097 	1
10100 	1
10101 	1
10104 	1
10107 	1
10108 	1
10110 	1
10112 	1
10114 	1
10116 	1
10120 	1
10121 	1
10125 	1
10126 	1
10127 	1
10128 	1
10130 	1
10131 	1
10132 	1
10133 	1
10134 	1
10135 	1
10136 	1
10139 	1
10140 	1
10141 	1
10142 	1
10143 	1
10144 	1
10146 	1
10149 	1
10151 	1
10152 	1
10157 	1
10159 	1
10161 	1
10162 	1
10163 	1
10165 	1
10167 	1
10172 	1
10174 	1
10175 	1
10176 	1
10178 	1
10181 	1
10182 	1
10185 	1
10186 	1
10189 	1
10192 	1
10193 	1
10196 	1
10197 	1
10198 	1
10203 	1
10204 	1
10205 	1
10206 	1
10209 	1
10210 	1
10212 	1
10214 	1
10215 	1
10216 	1
10217 	1
10219 	1
10220 	1
10221 	1
10222 	1
10227 	1
10228 	1
10229 	1
10230 	1
10232 	1
10233 	1
10236 	1
10238 	1
10239 	1
10241 	1
10242 	1
10244 	1
10246 	1
10248 	1
10250 	1
10251 	1
10252 	1
10254 	1
10260 	1
10261 	1
10262 	1
10264 	1
10265 	1
10266 	1
10267 	1
10270 	1
10273 	1
10274 	1
10276 	1
10277 	1
10278 	1
10279 	1
10280 	1
10282 	1
10285 	1
10286 	1
10289 	1
10290 	1
10293 	1
10294 	1
10295 	1
10298 	1
10299 	1
10303 	1
10304 	1
10306 	1
10307 	1
10308 	1
10309 	1
10310 	1
10314 	1
10315 	1
10317 	1
10318 	1
10319 	1
10322 	1
10324 	1
10326 	1
10327 	1
10331 	1
10332 	1
10334 	1
10336 	1
10339 	1
10340 	1
10341 	1
10343 	1
10346 	1
10347 	1
10351 	1
10354 	1
10355 	1
10356 	1
10360 	1
10361 	1
10362 	1
10363 	1
10366 	1
10367 	1
10368 	1
10369 	1
10371 	1
10373 	1
10374 	1
10376 	1
10377 	1
10381 	1
10384 	1
10386 	1
10388 	1
10390 	1
10391 	1
10393 	1
10394 	1
10396 	1
10401 	1
10402 	1
10403 	1
10404 	1
10406 	1
10408 	1
10409 	1
10411 	1
10413 	1
10414 	1
10415 	1
10416 	1
10418 	1
10420 	1
10423 	1
10426 	1
10428 	1
10430 	1
10431 	1
10432 	1
10437 	1
10438 	1
10440 	1
10442 	1
10445 	1
10447 	1
10448 	1
10451 	1
10458 	1
10462 	1
10463 	1
10470 	1
10471 	1
10473 	1
10476 	1
10481 	1
10482 	1
10485 	1
10486 	1
10487 	1
10488 	1
10489 	1
10490 	1
10492 	1
10493 	1
10500 	1
10504 	1
10505 	1
10506 	1
10508 	1
10509 	1
10512 	1
10513 	1
10517 	1
10518 	1
10522 	1
10523 	1
10524 	1
10525 	1
10527 	1
10530 	1
10531 	1
10533 	1
10534 	1
10537 	1
10538 	1
10539 	1
10540 	1
10542 	1
10543 	1
10550 	1
10551 	1
10552 	1
10556 	1
10558 	1
10562 	1
10563 	1
10565 	1
10567 	1
10568 	1
10572 	1
10576 	1
10580 	1
10582 	1
10583 	1
10586 	1
10593 	1
10594 	1
10600 	1
10604 	1
10611 	1
10612 	1
10613 	1
10614 	1
10618 	1
10621 	1
10622 	1
10623 	1
10629 	1
10630 	1
10631 	1
10638 	1
10639 	1
10642 	1
10643 	1
10644 	1
10648 	1
10649 	1
10652 	1
10653 	1
10655 	1
10656 	1
10657 	1
10658 	1
10660 	1
10661 	1
10662 	1
10664 	1
10668 	1
10672 	1
10676 	1
10677 	1
10678 	1
10679 	1
10680 	1
10681 	1
10682 	1
10686 	1
10689 	1
10692 	1
10693 	1
10697 	1
10698 	1
10701 	1
10702 	1
10703 	1
10707 	1
10708 	1
10710 	1
10711 	1
10714 	1
10715 	1
10716 	1
10720 	1
10721 	1
10722 	1
10724 	1
10727 	1
10730 	1
10731 	1
10732 	1
10741 	1
10742 	1
10743 	1
10744 	1
10745 	1
10746 	1
10750 	1
10751 	1
10756 	1
10757 	1
10758 	1
10762 	1
10763 	1
10764 	1
10765 	1
10771 	1
10772 	1
10773 	1
10775 	1
10776 	1
10777 	1
10778 	1
10781 	1
10784 	1
10791 	1
10793 	1
10794 	1
10795 	1
10796 	1
10797 	1
10798 	1
10799 	1
10802 	1
10803 	1
10806 	1
10808 	1
10810 	1
10811 	1
10812 	1
10814 	1
10815 	1
10818 	1
10819 	1
10820 	1
10822 	1
10824 	1
10827 	1
10829 	1
10830 	1
10832 	1
10833 	1
10834 	1
10837 	1
10839 	1
10843 	1
10844 	1
10846 	1
10849 	1
10853 	1
10856 	1
10857 	1
10860 	1
10861 	1
10864 	1
10868 	1
10870 	1
10873 	1
10876 	1
10878 	1
10879 	1
10881 	1
10882 	1
10884 	1
10885 	1
10888 	1
10889 	1
10893 	1
10894 	1
10895 	1
10896 	1
10897 	1
10902 	1
10903 	1
10907 	1
10909 	1
10910 	1
10911 	1
10915 	1
10918 	1
10919 	1
10920 	1
10922 	1
10923 	1
10924 	1
10926 	1
10928 	1
10934 	1
10940 	1
10941 	1
10943 	1
10945 	1
10949 	1
10950 	1
10952 	1
10956 	1
10957 	1
10958 	1
10961 	1
10962 	1
10966 	1
10967 	1
10970 	1
10972 	1
10975 	1
10976 	1
10977 	1
10984 	1
10985 	1
10986 	1
10987 	1
10988 	1
10990 	1
10993 	1
10994 	1
10995 	1
10997 	1
11011 	1
11013 	1
11015 	1
11017 	1
11018 	1
11021 	1
11023 	1
11024 	1
11026 	1
11030 	1
11031 	1
11033 	1
11036 	1
11037 	1
11039 	1
11040 	1
11041 	1
11046 	1
11047 	1
11050 	1
11052 	1
11054 	1
11058 	1
11059 	1
11060 	1
11063 	1
11064 	1
11067 	1
11070 	1
11071 	1
11073 	1
11074 	1
11075 	1
11076 	1
11078 	1
11081 	1
11083 	1
11084 	1
11085 	1
11089 	1
11090 	1
11092 	1
11095 	1
11097 	1
11099 	1
11100 	1
11103 	1
11107 	1
11108 	1
11110 	1
11114 	1
11116 	1
11119 	1
11121 	1
11122 	1
11123 	1
11128 	1
11129 	1
11130 	1
11132 	1
11134 	1
11135 	1
11137 	1
11138 	1
11146 	1
11148 	1
11149 	1
11151 	1
11152 	1
11154 	1
11156 	1
11158 	1
11161 	1
11162 	1
11163 	1
11164 	1
11167 	1
11170 	1
11171 	1
11173 	1
11175 	1
11176 	1
11177 	1
11179 	1
11183 	1
11186 	1
11188 	1
11190 	1
11192 	1
11194 	1
11196 	1
11200 	1
11201 	1
11205 	1
11206 	1
11207 	1
11208 	1
11209 	1
11212 	1
11213 	1
11216 	1
11217 	1
11218 	1
11223 	1
11224 	1
11225 	1
11227 	1
11228 	1
11233 	1
11235 	1
11236 	1
11237 	1
11239 	1
11242 	1
11244 	1
11245 	1
11247 	1
11249 	1
11252 	1
11255 	1
11256 	0.0353535353535
