Number of items 	Total Weight 	Total Profit 
360 	125637.25 	23997.7395833 


Total time: 0.00637078285217 s
Average time: 0.0015931725502 s
Last call: 1.90734863281e-06 s
Stamp 1 of the total: 0h 0m 0s 6ms 6370\u00B5s
Stamp 2 of the total: 00:00:00.0006
Pattern that ignores zeros:
6ms 6370\u00B5s
0006

Item    Fraction

3 	1
6 	1
7 	1
9 	1
10 	1
11 	1
13 	1
14 	1
18 	1
19 	1
23 	1
24 	1
25 	1
27 	1
35 	1
36 	1
37 	1
38 	1
41 	1
43 	1
47 	1
49 	1
52 	1
54 	1
55 	1
56 	1
60 	1
61 	1
63 	1
65 	1
66 	1
67 	1
68 	1
69 	1
71 	1
72 	1
73 	1
80 	1
82 	1
83 	1
87 	1
88 	1
89 	1
90 	1
91 	1
92 	1
96 	1
97 	1
98 	1
99 	1
101 	1
104 	1
106 	1
107 	1
108 	1
113 	1
114 	1
115 	1
116 	1
117 	1
118 	1
119 	1
122 	1
124 	1
129 	1
130 	1
131 	1
132 	1
133 	1
134 	1
139 	1
140 	1
142 	1
144 	1
146 	1
148 	1
149 	1
151 	1
152 	1
154 	1
158 	1
159 	1
162 	1
163 	1
165 	1
168 	1
169 	1
170 	1
171 	1
175 	1
179 	1
180 	1
181 	1
182 	1
184 	1
185 	1
187 	1
188 	1
189 	1
190 	1
196 	1
197 	1
199 	1
201 	1
205 	1
206 	1
208 	1
210 	1
211 	1
212 	1
213 	1
214 	1
215 	1
216 	1
218 	1
220 	1
221 	1
224 	1
225 	1
226 	1
227 	1
228 	1
231 	1
232 	1
236 	1
237 	1
238 	1
239 	1
241 	1
244 	1
246 	1
247 	1
248 	1
249 	1
251 	1
254 	1
257 	1
258 	1
260 	1
261 	1
263 	1
266 	1
268 	1
269 	1
273 	1
275 	1
277 	1
278 	1
282 	1
283 	1
285 	1
286 	1
287 	1
291 	1
292 	1
295 	1
296 	1
297 	1
298 	1
302 	1
304 	1
305 	1
306 	1
307 	1
310 	1
311 	1
312 	1
313 	1
314 	1
315 	1
317 	1
318 	1
319 	1
321 	1
322 	1
324 	1
325 	1
326 	1
328 	1
329 	1
330 	1
333 	1
335 	1
338 	1
342 	1
343 	1
346 	1
352 	1
353 	1
354 	1
357 	1
362 	1
363 	1
366 	1
371 	1
374 	1
376 	1
377 	1
381 	1
383 	1
384 	1
385 	1
386 	1
387 	1
388 	1
389 	1
390 	1
393 	1
395 	1
398 	1
399 	1
400 	1
401 	1
404 	1
405 	1
408 	1
409 	1
410 	1
411 	1
413 	1
419 	1
420 	1
422 	1
426 	1
427 	1
428 	1
429 	1
431 	1
432 	1
435 	1
436 	1
437 	1
445 	1
446 	1
447 	1
448 	1
454 	1
456 	1
459 	1
460 	1
462 	1
463 	1
465 	1
466 	1
467 	1
472 	1
473 	1
474 	1
477 	1
479 	1
482 	1
485 	1
486 	1
488 	1
490 	1
492 	1
494 	1
496 	1
498 	1
501 	1
504 	1
505 	1
506 	1
507 	1
510 	1
513 	1
515 	1
520 	1
521 	1
523 	1
528 	1
529 	1
532 	1
533 	1
534 	1
535 	1
536 	1
540 	1
541 	1
546 	1
547 	1
549 	1
550 	1
551 	1
553 	1
555 	1
556 	1
558 	1
559 	1
561 	1
564 	1
565 	1
566 	1
567 	1
568 	1
569 	1
572 	1
574 	1
575 	1
577 	1
578 	1
583 	1
584 	1
585 	1
586 	1
588 	1
589 	1
592 	1
594 	1
598 	1
599 	1
601 	1
603 	1
604 	1
605 	1
606 	1
607 	1
608 	1
609 	1
611 	1
612 	1
614 	1
615 	1
618 	1
619 	1
620 	1
623 	1
625 	1
631 	1
634 	1
635 	1
637 	1
638 	1
640 	1
641 	1
643 	1
645 	1
646 	1
648 	1
652 	1
653 	1
654 	1
656 	1
658 	1
659 	1
660 	1
662 	1
664 	1
665 	1
666 	1
667 	1
668 	1
669 	1
670 	1
671 	1
672 	1
673 	1
674 	1
678 	1
679 	0.380208333333
