Number of items 	Total Weight 	Total Profit 
4824 	1653301.0 	323342.320175 


Total time: 0.0858657360077 s
Average time: 0.0214671492577 s
Last call: 2.86102294922e-06 s
Stamp 1 of the total: 0h 0m 0s 85ms 85865\u00B5s
Stamp 2 of the total: 00:00:00.0085
Pattern that ignores zeros:
85ms 85865\u00B5s
0085

Item    Fraction

1 	1
2 	1
6 	1
7 	1
8 	1
10 	1
12 	1
13 	1
14 	1
15 	1
16 	1
17 	1
18 	1
19 	1
20 	1
21 	1
23 	1
24 	1
25 	1
26 	1
33 	1
38 	1
39 	1
41 	1
42 	1
43 	1
45 	1
46 	1
49 	1
50 	1
54 	1
55 	1
56 	1
59 	1
61 	1
63 	1
64 	1
65 	1
66 	1
67 	1
71 	1
72 	1
75 	1
79 	1
81 	1
82 	1
83 	1
86 	1
87 	1
89 	1
90 	1
93 	1
94 	1
95 	1
97 	1
99 	1
102 	1
110 	1
111 	1
113 	1
114 	1
117 	1
122 	1
123 	1
124 	1
125 	1
126 	1
127 	1
128 	1
131 	1
134 	1
136 	1
142 	1
143 	1
146 	1
148 	1
153 	1
159 	1
160 	1
163 	1
166 	1
170 	1
174 	1
177 	1
178 	1
179 	1
181 	1
182 	1
183 	1
184 	1
186 	1
188 	1
189 	1
190 	1
191 	1
192 	1
196 	1
198 	1
199 	1
200 	1
201 	1
202 	1
205 	1
206 	1
207 	1
211 	1
212 	1
213 	1
215 	1
217 	1
218 	1
219 	1
222 	1
223 	1
224 	1
225 	1
227 	1
232 	1
234 	1
235 	1
237 	1
238 	1
239 	1
240 	1
243 	1
245 	1
247 	1
249 	1
251 	1
255 	1
259 	1
261 	1
262 	1
263 	1
265 	1
268 	1
269 	1
271 	1
272 	1
275 	1
276 	1
279 	1
281 	1
283 	1
285 	1
286 	1
287 	1
288 	1
289 	1
291 	1
295 	1
297 	1
298 	1
300 	1
301 	1
303 	1
304 	1
305 	1
306 	1
308 	1
313 	1
315 	1
316 	1
317 	1
319 	1
320 	1
323 	1
324 	1
326 	1
329 	1
332 	1
335 	1
337 	1
339 	1
341 	1
342 	1
344 	1
345 	1
346 	1
347 	1
348 	1
355 	1
357 	1
359 	1
361 	1
364 	1
371 	1
373 	1
374 	1
376 	1
377 	1
378 	1
379 	1
381 	1
385 	1
387 	1
389 	1
390 	1
392 	1
394 	1
395 	1
396 	1
398 	1
399 	1
400 	1
401 	1
403 	1
404 	1
406 	1
410 	1
413 	1
416 	1
417 	1
418 	1
423 	1
425 	1
426 	1
428 	1
430 	1
431 	1
433 	1
434 	1
437 	1
439 	1
440 	1
441 	1
443 	1
444 	1
445 	1
446 	1
449 	1
452 	1
453 	1
454 	1
455 	1
456 	1
459 	1
461 	1
462 	1
463 	1
464 	1
465 	1
468 	1
469 	1
471 	1
473 	1
475 	1
478 	1
480 	1
481 	1
486 	1
488 	1
490 	1
492 	1
494 	1
497 	1
498 	1
501 	1
506 	1
507 	1
508 	1
509 	1
510 	1
511 	1
512 	1
513 	1
519 	1
520 	1
521 	1
522 	1
523 	1
525 	1
529 	1
530 	1
531 	1
532 	1
533 	1
534 	1
538 	1
539 	1
541 	1
542 	1
547 	1
549 	1
550 	1
555 	1
556 	1
557 	1
563 	1
571 	1
572 	1
576 	1
577 	1
578 	1
579 	1
581 	1
582 	1
583 	1
584 	1
587 	1
588 	1
590 	1
591 	1
592 	1
593 	1
595 	1
596 	1
597 	1
598 	1
600 	1
603 	1
604 	1
607 	1
612 	1
614 	1
616 	1
617 	1
624 	1
625 	1
629 	1
630 	1
632 	1
633 	1
634 	1
636 	1
637 	1
638 	1
640 	1
641 	1
647 	1
649 	1
651 	1
657 	1
660 	1
661 	1
662 	1
663 	1
666 	1
667 	1
669 	1
670 	1
673 	1
675 	1
676 	1
678 	1
681 	1
683 	1
688 	1
689 	1
690 	1
692 	1
694 	1
695 	1
696 	1
697 	1
698 	1
700 	1
701 	1
703 	1
705 	1
707 	1
708 	1
709 	1
710 	1
711 	1
714 	1
716 	1
719 	1
721 	1
724 	1
731 	1
733 	1
738 	1
740 	1
741 	1
742 	1
744 	1
745 	1
747 	1
751 	1
753 	1
756 	1
757 	1
758 	1
759 	1
763 	1
766 	1
769 	1
770 	1
772 	1
774 	1
776 	1
777 	1
784 	1
791 	1
792 	1
795 	1
800 	1
801 	1
802 	1
805 	1
809 	1
814 	1
815 	1
816 	1
817 	1
818 	1
820 	1
821 	1
823 	1
825 	1
826 	1
827 	1
828 	1
830 	1
831 	1
832 	1
835 	1
836 	1
838 	1
840 	1
842 	1
843 	1
846 	1
847 	1
848 	1
849 	1
850 	1
851 	1
855 	1
856 	1
858 	1
859 	1
866 	1
867 	1
869 	1
872 	1
874 	1
875 	1
878 	1
879 	1
880 	1
881 	1
883 	1
885 	1
887 	1
888 	1
891 	1
892 	1
896 	1
899 	1
900 	1
903 	1
904 	1
906 	1
907 	1
909 	1
910 	1
914 	1
917 	1
918 	1
924 	1
926 	1
928 	1
930 	1
931 	1
932 	1
934 	1
935 	1
936 	1
937 	1
943 	1
944 	1
945 	1
953 	1
954 	1
955 	1
956 	1
957 	1
959 	1
960 	1
961 	1
964 	1
969 	1
973 	1
980 	1
981 	1
982 	1
985 	1
986 	1
988 	1
991 	1
993 	1
995 	1
998 	1
1001 	1
1002 	1
1003 	1
1004 	1
1006 	1
1008 	1
1009 	1
1010 	1
1013 	1
1017 	1
1020 	1
1021 	1
1024 	1
1026 	1
1030 	1
1033 	1
1034 	1
1035 	1
1038 	1
1039 	1
1041 	1
1044 	1
1048 	1
1049 	1
1053 	1
1056 	1
1057 	1
1059 	1
1061 	1
1062 	1
1063 	1
1065 	1
1067 	1
1068 	1
1070 	1
1071 	1
1072 	1
1076 	1
1078 	1
1081 	1
1083 	1
1085 	1
1087 	1
1091 	1
1092 	1
1095 	1
1096 	1
1098 	1
1099 	1
1103 	1
1104 	1
1108 	1
1109 	1
1111 	1
1112 	1
1113 	1
1114 	1
1121 	1
1124 	1
1125 	1
1127 	1
1128 	1
1129 	1
1131 	1
1132 	1
1133 	1
1134 	1
1138 	1
1140 	1
1141 	1
1143 	1
1148 	1
1149 	1
1150 	1
1152 	1
1153 	1
1154 	1
1160 	1
1163 	1
1166 	1
1169 	1
1171 	1
1173 	1
1175 	1
1176 	1
1182 	1
1184 	1
1185 	1
1186 	1
1188 	1
1189 	1
1191 	1
1194 	1
1195 	1
1196 	1
1197 	1
1198 	1
1199 	1
1201 	1
1202 	1
1206 	1
1207 	1
1208 	1
1213 	1
1214 	1
1218 	1
1219 	1
1221 	1
1222 	1
1224 	1
1226 	1
1229 	1
1232 	1
1234 	1
1235 	1
1237 	1
1238 	1
1239 	1
1242 	1
1243 	1
1244 	1
1247 	1
1248 	1
1249 	1
1251 	1
1252 	1
1253 	1
1254 	1
1256 	1
1257 	1
1259 	1
1260 	1
1262 	1
1263 	1
1264 	1
1266 	1
1268 	1
1269 	1
1273 	1
1274 	1
1275 	1
1276 	1
1278 	1
1282 	1
1284 	1
1285 	1
1286 	1
1287 	1
1288 	1
1292 	1
1294 	1
1295 	1
1297 	1
1298 	1
1299 	1
1301 	1
1304 	1
1305 	1
1306 	1
1307 	1
1308 	1
1310 	1
1316 	1
1317 	1
1318 	1
1319 	1
1320 	1
1321 	1
1323 	1
1326 	1
1330 	1
1331 	1
1334 	1
1337 	1
1338 	1
1339 	1
1340 	1
1341 	1
1343 	1
1344 	1
1346 	1
1347 	1
1348 	1
1353 	1
1364 	1
1366 	1
1368 	1
1371 	1
1372 	1
1373 	1
1374 	1
1378 	1
1381 	1
1383 	1
1384 	1
1385 	1
1387 	1
1388 	1
1389 	1
1391 	1
1393 	1
1394 	1
1395 	1
1397 	1
1398 	1
1399 	1
1401 	1
1404 	1
1407 	1
1409 	1
1412 	1
1413 	1
1416 	1
1418 	1
1420 	1
1421 	1
1423 	1
1425 	1
1426 	1
1428 	1
1429 	1
1430 	1
1431 	1
1433 	1
1438 	1
1439 	1
1441 	1
1442 	1
1444 	1
1447 	1
1448 	1
1449 	1
1450 	1
1451 	1
1452 	1
1453 	1
1455 	1
1456 	1
1459 	1
1460 	1
1462 	1
1467 	1
1469 	1
1470 	1
1471 	1
1472 	1
1478 	1
1479 	1
1480 	1
1481 	1
1482 	1
1486 	1
1487 	1
1488 	1
1489 	1
1492 	1
1493 	1
1495 	1
1496 	1
1497 	1
1501 	1
1502 	1
1504 	1
1505 	1
1506 	1
1507 	1
1515 	1
1517 	1
1519 	1
1520 	1
1521 	1
1522 	1
1525 	1
1530 	1
1532 	1
1533 	1
1534 	1
1536 	1
1539 	1
1541 	1
1542 	1
1543 	1
1546 	1
1548 	1
1550 	1
1551 	1
1555 	1
1556 	1
1557 	1
1558 	1
1559 	1
1560 	1
1567 	1
1568 	1
1574 	1
1577 	1
1578 	1
1579 	1
1582 	1
1583 	1
1588 	1
1589 	1
1591 	1
1592 	1
1593 	1
1594 	1
1595 	1
1596 	1
1598 	1
1599 	1
1600 	1
1602 	1
1603 	1
1604 	1
1605 	1
1606 	1
1610 	1
1612 	1
1614 	1
1615 	1
1617 	1
1618 	1
1619 	1
1624 	1
1625 	1
1626 	1
1628 	1
1629 	1
1633 	1
1634 	1
1638 	1
1639 	1
1640 	1
1641 	1
1642 	1
1645 	1
1651 	1
1652 	1
1653 	1
1654 	1
1656 	1
1657 	1
1659 	1
1660 	1
1664 	1
1666 	1
1667 	1
1671 	1
1673 	1
1677 	1
1678 	1
1682 	1
1684 	1
1687 	1
1688 	1
1690 	1
1693 	1
1694 	1
1695 	1
1697 	1
1699 	1
1700 	1
1701 	1
1704 	1
1706 	1
1707 	1
1709 	1
1710 	1
1713 	1
1714 	1
1719 	1
1721 	1
1723 	1
1724 	1
1726 	1
1727 	1
1730 	1
1735 	1
1741 	1
1743 	1
1744 	1
1745 	1
1748 	1
1749 	1
1752 	1
1753 	1
1755 	1
1756 	1
1757 	1
1758 	1
1760 	1
1762 	1
1763 	1
1766 	1
1767 	1
1768 	1
1769 	1
1772 	1
1773 	1
1774 	1
1779 	1
1780 	1
1781 	1
1783 	1
1787 	1
1790 	1
1794 	1
1795 	1
1796 	1
1797 	1
1800 	1
1801 	1
1802 	1
1803 	1
1812 	1
1813 	1
1814 	1
1815 	1
1816 	1
1819 	1
1822 	1
1825 	1
1827 	1
1828 	1
1830 	1
1833 	1
1837 	1
1839 	1
1840 	1
1846 	1
1847 	1
1856 	1
1858 	1
1860 	1
1862 	1
1863 	1
1865 	1
1867 	1
1868 	1
1870 	1
1871 	1
1872 	1
1876 	1
1878 	1
1881 	1
1883 	1
1884 	1
1885 	1
1886 	1
1887 	1
1889 	1
1891 	1
1892 	1
1896 	1
1897 	1
1898 	1
1901 	1
1902 	1
1903 	1
1906 	1
1907 	1
1908 	1
1911 	1
1912 	1
1914 	1
1915 	1
1919 	1
1920 	1
1921 	1
1923 	1
1927 	1
1928 	1
1932 	1
1933 	1
1934 	1
1935 	1
1936 	1
1937 	1
1939 	1
1940 	1
1941 	1
1942 	1
1943 	1
1945 	1
1946 	1
1947 	1
1949 	1
1950 	1
1952 	1
1953 	1
1954 	1
1957 	1
1960 	1
1962 	1
1966 	1
1968 	1
1970 	1
1971 	1
1974 	1
1977 	1
1980 	1
1981 	1
1982 	1
1984 	1
1985 	1
1986 	1
1987 	1
1989 	1
1994 	1
1999 	1
2000 	1
2002 	1
2004 	1
2009 	1
2010 	1
2011 	1
2012 	1
2013 	1
2014 	1
2016 	1
2022 	1
2024 	1
2025 	1
2026 	1
2027 	1
2028 	1
2029 	1
2032 	1
2033 	1
2036 	1
2037 	1
2039 	1
2040 	1
2041 	1
2042 	1
2045 	1
2047 	1
2049 	1
2052 	1
2053 	1
2054 	1
2055 	1
2056 	1
2057 	1
2058 	1
2059 	1
2060 	1
2062 	1
2063 	1
2065 	1
2067 	1
2073 	1
2074 	1
2076 	1
2077 	1
2079 	1
2081 	1
2082 	1
2089 	1
2090 	1
2091 	1
2092 	1
2094 	1
2095 	1
2097 	1
2098 	1
2099 	1
2101 	1
2102 	1
2103 	1
2106 	1
2107 	1
2108 	1
2111 	1
2112 	1
2114 	1
2118 	1
2119 	1
2125 	1
2130 	1
2131 	1
2132 	1
2135 	1
2137 	1
2141 	1
2143 	1
2145 	1
2146 	1
2147 	1
2150 	1
2152 	1
2157 	1
2160 	1
2161 	1
2162 	1
2163 	1
2164 	1
2166 	1
2167 	1
2170 	1
2172 	1
2174 	1
2175 	1
2177 	1
2180 	1
2181 	1
2184 	1
2187 	1
2189 	1
2191 	1
2192 	1
2194 	1
2195 	1
2196 	1
2197 	1
2198 	1
2199 	1
2200 	1
2202 	1
2205 	1
2206 	1
2208 	1
2209 	1
2212 	1
2213 	1
2214 	1
2216 	1
2218 	1
2219 	1
2220 	1
2222 	1
2223 	1
2225 	1
2227 	1
2230 	1
2231 	1
2237 	1
2239 	1
2241 	1
2242 	1
2245 	1
2248 	1
2249 	1
2252 	1
2253 	1
2254 	1
2259 	1
2263 	1
2265 	1
2270 	1
2272 	1
2273 	1
2275 	1
2278 	1
2285 	1
2288 	1
2289 	1
2291 	1
2294 	1
2296 	1
2298 	1
2300 	1
2301 	1
2302 	1
2304 	1
2309 	1
2311 	1
2315 	1
2318 	1
2320 	1
2322 	1
2323 	1
2326 	1
2328 	1
2330 	1
2331 	1
2334 	1
2335 	1
2342 	1
2344 	1
2345 	1
2348 	1
2350 	1
2351 	1
2352 	1
2354 	1
2355 	1
2357 	1
2360 	1
2362 	1
2364 	1
2365 	1
2368 	1
2369 	1
2374 	1
2375 	1
2378 	1
2380 	1
2381 	1
2383 	1
2384 	1
2385 	1
2387 	1
2390 	1
2394 	1
2395 	1
2396 	1
2398 	1
2399 	1
2401 	1
2402 	1
2404 	1
2405 	1
2407 	1
2408 	1
2410 	1
2411 	1
2412 	1
2414 	1
2416 	1
2418 	1
2419 	1
2422 	1
2424 	1
2425 	1
2426 	1
2427 	1
2428 	1
2429 	1
2430 	1
2431 	1
2432 	1
2434 	1
2435 	1
2437 	1
2438 	1
2444 	1
2448 	1
2450 	1
2454 	1
2456 	1
2457 	1
2458 	1
2460 	1
2461 	1
2464 	1
2466 	1
2467 	1
2470 	1
2472 	1
2473 	1
2475 	1
2476 	1
2480 	1
2481 	1
2482 	1
2483 	1
2484 	1
2486 	1
2488 	1
2489 	1
2495 	1
2496 	1
2499 	1
2502 	1
2503 	1
2504 	1
2506 	1
2507 	1
2508 	1
2514 	1
2515 	1
2516 	1
2517 	1
2521 	1
2522 	1
2523 	1
2524 	1
2525 	1
2528 	1
2530 	1
2531 	1
2535 	1
2537 	1
2539 	1
2540 	1
2541 	1
2542 	1
2545 	1
2546 	1
2547 	1
2548 	1
2551 	1
2553 	1
2555 	1
2557 	1
2559 	1
2560 	1
2561 	1
2564 	1
2565 	1
2566 	1
2568 	1
2570 	1
2574 	1
2575 	1
2577 	1
2579 	1
2580 	1
2581 	1
2582 	1
2584 	1
2585 	1
2586 	1
2588 	1
2590 	1
2593 	1
2595 	1
2596 	1
2598 	1
2601 	1
2602 	1
2604 	1
2605 	1
2606 	1
2608 	1
2610 	1
2611 	1
2613 	1
2618 	1
2619 	1
2623 	1
2624 	1
2625 	1
2626 	1
2628 	1
2629 	1
2630 	1
2634 	1
2635 	1
2636 	1
2637 	1
2638 	1
2639 	1
2642 	1
2643 	1
2644 	1
2645 	1
2646 	1
2650 	1
2652 	1
2653 	1
2655 	1
2657 	1
2659 	1
2660 	1
2661 	1
2662 	1
2664 	1
2666 	1
2667 	1
2669 	1
2675 	1
2677 	1
2678 	1
2679 	1
2680 	1
2681 	1
2683 	1
2684 	1
2685 	1
2686 	1
2687 	1
2688 	1
2689 	1
2691 	1
2692 	1
2693 	1
2695 	1
2697 	1
2698 	1
2701 	1
2707 	1
2708 	1
2711 	1
2714 	1
2715 	1
2716 	1
2717 	1
2719 	1
2720 	1
2723 	1
2728 	1
2729 	1
2730 	1
2731 	1
2732 	1
2735 	1
2741 	1
2742 	1
2744 	1
2747 	1
2750 	1
2751 	1
2754 	1
2755 	1
2756 	1
2757 	1
2758 	1
2759 	1
2762 	1
2763 	1
2764 	1
2765 	1
2768 	1
2770 	1
2771 	1
2774 	1
2775 	1
2778 	1
2781 	1
2783 	1
2784 	1
2785 	1
2786 	1
2789 	1
2790 	1
2791 	1
2792 	1
2795 	1
2799 	1
2801 	1
2802 	1
2803 	1
2806 	1
2807 	1
2808 	1
2809 	1
2811 	1
2817 	1
2818 	1
2820 	1
2821 	1
2825 	1
2826 	1
2828 	1
2833 	1
2834 	1
2836 	1
2841 	1
2845 	1
2848 	1
2849 	1
2850 	1
2851 	1
2854 	1
2856 	1
2858 	1
2859 	1
2862 	1
2865 	1
2866 	1
2869 	1
2870 	1
2873 	1
2876 	1
2879 	1
2881 	1
2883 	1
2884 	1
2885 	1
2886 	1
2888 	1
2889 	1
2891 	1
2892 	1
2895 	1
2896 	1
2898 	1
2900 	1
2901 	1
2902 	1
2910 	1
2913 	1
2916 	1
2918 	1
2919 	1
2921 	1
2922 	1
2924 	1
2925 	1
2927 	1
2928 	1
2929 	1
2931 	1
2936 	1
2941 	1
2942 	1
2945 	1
2947 	1
2949 	1
2951 	1
2955 	1
2957 	1
2958 	1
2960 	1
2961 	1
2964 	1
2967 	1
2968 	1
2972 	1
2973 	1
2974 	1
2975 	1
2976 	1
2979 	1
2981 	1
2983 	1
2984 	1
2985 	1
2986 	1
2988 	1
2991 	1
2993 	1
2996 	1
2998 	1
3000 	1
3001 	1
3002 	1
3004 	1
3005 	1
3006 	1
3007 	1
3008 	1
3010 	1
3012 	1
3013 	1
3015 	1
3018 	1
3020 	1
3022 	1
3024 	1
3026 	1
3029 	1
3033 	1
3035 	1
3036 	1
3037 	1
3039 	1
3040 	1
3042 	1
3046 	1
3047 	1
3048 	1
3050 	1
3055 	1
3056 	1
3057 	1
3059 	1
3062 	1
3064 	1
3071 	1
3072 	1
3074 	1
3075 	1
3076 	1
3078 	1
3079 	1
3081 	1
3082 	1
3083 	1
3084 	1
3087 	1
3089 	1
3090 	1
3091 	1
3092 	1
3095 	1
3096 	1
3098 	1
3099 	1
3101 	1
3105 	1
3108 	1
3109 	1
3112 	1
3115 	1
3117 	1
3118 	1
3123 	1
3124 	1
3131 	1
3136 	1
3138 	1
3141 	1
3143 	1
3146 	1
3147 	1
3152 	1
3153 	1
3158 	1
3160 	1
3162 	1
3164 	1
3167 	1
3170 	1
3172 	1
3173 	1
3174 	1
3183 	1
3185 	1
3191 	1
3194 	1
3196 	1
3198 	1
3200 	1
3201 	1
3202 	1
3203 	1
3204 	1
3207 	1
3208 	1
3210 	1
3211 	1
3212 	1
3214 	1
3216 	1
3217 	1
3218 	1
3220 	1
3226 	1
3229 	1
3230 	1
3231 	1
3234 	1
3236 	1
3237 	1
3238 	1
3239 	1
3241 	1
3244 	1
3247 	1
3248 	1
3249 	1
3250 	1
3251 	1
3255 	1
3256 	1
3257 	1
3259 	1
3261 	1
3263 	1
3268 	1
3269 	1
3274 	1
3276 	1
3277 	1
3280 	1
3283 	1
3285 	1
3286 	1
3287 	1
3288 	1
3289 	1
3292 	1
3296 	1
3300 	1
3301 	1
3303 	1
3305 	1
3309 	1
3311 	1
3315 	1
3316 	1
3319 	1
3321 	1
3322 	1
3324 	1
3325 	1
3326 	1
3329 	1
3334 	1
3335 	1
3336 	1
3339 	1
3340 	1
3341 	1
3342 	1
3343 	1
3345 	1
3349 	1
3352 	1
3354 	1
3357 	1
3358 	1
3359 	1
3360 	1
3361 	1
3363 	1
3365 	1
3366 	1
3367 	1
3368 	1
3369 	1
3370 	1
3372 	1
3373 	1
3376 	1
3379 	1
3381 	1
3384 	1
3386 	1
3387 	1
3389 	1
3393 	1
3394 	1
3396 	1
3398 	1
3400 	1
3401 	1
3407 	1
3408 	1
3409 	1
3410 	1
3411 	1
3413 	1
3416 	1
3420 	1
3422 	1
3423 	1
3424 	1
3426 	1
3427 	1
3429 	1
3431 	1
3437 	1
3438 	1
3439 	1
3440 	1
3441 	1
3445 	1
3450 	1
3453 	1
3457 	1
3458 	1
3460 	1
3461 	1
3463 	1
3464 	1
3465 	1
3466 	1
3470 	1
3471 	1
3472 	1
3474 	1
3475 	1
3476 	1
3477 	1
3480 	1
3481 	1
3483 	1
3484 	1
3492 	1
3497 	1
3498 	1
3499 	1
3501 	1
3502 	1
3504 	1
3505 	1
3506 	1
3507 	1
3509 	1
3511 	1
3513 	1
3514 	1
3515 	1
3516 	1
3517 	1
3519 	1
3520 	1
3521 	1
3524 	1
3525 	1
3527 	1
3528 	1
3532 	1
3533 	1
3535 	1
3536 	1
3538 	1
3539 	1
3540 	1
3544 	1
3546 	1
3549 	1
3550 	1
3556 	1
3557 	1
3560 	1
3566 	1
3570 	1
3572 	1
3573 	1
3575 	1
3577 	1
3578 	1
3579 	1
3583 	1
3585 	1
3587 	1
3588 	1
3590 	1
3591 	1
3594 	1
3604 	1
3613 	1
3614 	1
3615 	1
3616 	1
3617 	1
3621 	1
3622 	1
3623 	1
3624 	1
3626 	1
3629 	1
3630 	1
3631 	1
3632 	1
3633 	1
3637 	1
3640 	1
3641 	1
3643 	1
3644 	1
3649 	1
3650 	1
3651 	1
3652 	1
3654 	1
3655 	1
3656 	1
3657 	1
3658 	1
3660 	1
3663 	1
3664 	1
3665 	1
3666 	1
3668 	1
3671 	1
3672 	1
3675 	1
3676 	1
3678 	1
3680 	1
3682 	1
3683 	1
3684 	1
3686 	1
3689 	1
3691 	1
3692 	1
3694 	1
3696 	1
3698 	1
3701 	1
3702 	1
3704 	1
3710 	1
3711 	1
3714 	1
3715 	1
3716 	1
3718 	1
3719 	1
3720 	1
3722 	1
3729 	1
3731 	1
3732 	1
3734 	1
3735 	1
3737 	1
3738 	1
3747 	1
3748 	1
3751 	1
3754 	1
3755 	1
3757 	1
3759 	1
3762 	1
3764 	1
3765 	1
3766 	1
3767 	1
3769 	1
3770 	1
3774 	1
3775 	1
3776 	1
3778 	1
3779 	1
3780 	1
3781 	1
3782 	1
3786 	1
3788 	1
3789 	1
3790 	1
3791 	1
3792 	1
3797 	1
3798 	1
3799 	1
3801 	1
3802 	1
3803 	1
3805 	1
3807 	1
3809 	1
3810 	1
3811 	1
3812 	1
3818 	1
3821 	1
3823 	1
3824 	1
3825 	1
3827 	1
3828 	1
3830 	1
3831 	1
3837 	1
3839 	1
3840 	1
3841 	1
3842 	1
3843 	1
3844 	1
3845 	1
3846 	1
3850 	1
3851 	1
3852 	1
3853 	1
3857 	1
3866 	1
3869 	1
3870 	1
3871 	1
3873 	1
3875 	1
3876 	1
3879 	1
3881 	1
3882 	1
3884 	1
3885 	1
3886 	1
3887 	1
3891 	1
3893 	1
3897 	1
3899 	1
3904 	1
3906 	1
3907 	1
3911 	1
3913 	1
3914 	1
3915 	1
3916 	1
3919 	1
3921 	1
3923 	1
3925 	1
3929 	1
3931 	1
3932 	1
3933 	1
3936 	1
3938 	1
3940 	1
3943 	1
3944 	1
3945 	1
3948 	1
3949 	1
3952 	1
3953 	1
3955 	1
3957 	1
3959 	1
3960 	1
3961 	1
3963 	1
3965 	1
3967 	1
3970 	1
3971 	1
3972 	1
3973 	1
3974 	1
3979 	1
3981 	1
3983 	1
3984 	1
3985 	1
3987 	1
3989 	1
3990 	1
3997 	1
3998 	1
4001 	1
4011 	1
4012 	1
4013 	1
4014 	1
4015 	1
4016 	1
4017 	1
4018 	1
4023 	1
4025 	1
4026 	1
4027 	1
4028 	1
4032 	1
4033 	1
4035 	1
4036 	1
4040 	1
4041 	1
4042 	1
4044 	1
4046 	1
4047 	1
4050 	1
4052 	1
4057 	1
4058 	1
4059 	1
4062 	1
4063 	1
4064 	1
4068 	1
4073 	1
4074 	1
4075 	1
4078 	1
4079 	1
4081 	1
4082 	1
4085 	1
4089 	1
4090 	1
4091 	1
4093 	1
4095 	1
4096 	1
4100 	1
4101 	1
4102 	1
4103 	1
4104 	1
4106 	1
4107 	1
4113 	1
4114 	1
4117 	1
4120 	1
4123 	1
4125 	1
4129 	1
4130 	1
4132 	1
4133 	1
4136 	1
4137 	1
4138 	1
4139 	1
4143 	1
4144 	1
4145 	1
4146 	1
4148 	1
4152 	1
4153 	1
4156 	1
4162 	1
4163 	1
4164 	1
4165 	1
4169 	1
4170 	1
4171 	1
4172 	1
4174 	1
4176 	1
4178 	1
4180 	1
4181 	1
4183 	1
4184 	1
4188 	1
4192 	1
4199 	1
4201 	1
4209 	1
4214 	1
4219 	1
4222 	1
4223 	1
4225 	1
4227 	1
4228 	1
4229 	1
4233 	1
4234 	1
4235 	1
4237 	1
4241 	1
4243 	1
4246 	1
4248 	1
4250 	1
4251 	1
4252 	1
4253 	1
4258 	1
4259 	1
4260 	1
4262 	1
4263 	1
4264 	1
4266 	1
4267 	1
4268 	1
4269 	1
4272 	1
4274 	1
4275 	1
4278 	1
4280 	1
4282 	1
4285 	1
4288 	1
4289 	1
4291 	1
4292 	1
4293 	1
4296 	1
4297 	1
4298 	1
4299 	1
4301 	1
4307 	1
4309 	1
4316 	1
4317 	1
4318 	1
4319 	1
4321 	1
4322 	1
4323 	1
4325 	1
4327 	1
4328 	1
4329 	1
4330 	1
4336 	1
4337 	1
4341 	1
4342 	1
4343 	1
4344 	1
4345 	1
4352 	1
4354 	1
4356 	1
4359 	1
4361 	1
4364 	1
4365 	1
4366 	1
4369 	1
4370 	1
4371 	1
4372 	1
4375 	1
4377 	1
4381 	1
4385 	1
4386 	1
4388 	1
4389 	1
4390 	1
4392 	1
4394 	1
4398 	1
4401 	1
4403 	1
4404 	1
4406 	1
4408 	1
4412 	1
4413 	1
4414 	1
4415 	1
4416 	1
4419 	1
4420 	1
4421 	1
4425 	1
4426 	1
4433 	1
4436 	1
4439 	1
4441 	1
4445 	1
4449 	1
4450 	1
4451 	1
4453 	1
4454 	1
4455 	1
4467 	1
4468 	1
4469 	1
4470 	1
4471 	1
4474 	1
4475 	1
4476 	1
4478 	1
4479 	1
4480 	1
4482 	1
4484 	1
4485 	1
4486 	1
4487 	1
4489 	1
4490 	1
4491 	1
4492 	1
4493 	1
4494 	1
4495 	1
4496 	1
4497 	1
4499 	1
4500 	1
4503 	1
4506 	1
4508 	1
4510 	1
4513 	1
4518 	1
4521 	1
4522 	1
4524 	1
4526 	1
4528 	1
4529 	1
4532 	1
4535 	1
4539 	1
4540 	1
4543 	1
4547 	1
4550 	1
4552 	1
4556 	1
4557 	1
4558 	1
4559 	1
4561 	1
4563 	1
4565 	1
4571 	1
4573 	1
4575 	1
4576 	1
4578 	1
4579 	1
4580 	1
4581 	1
4585 	1
4589 	1
4594 	1
4595 	1
4598 	1
4601 	1
4602 	1
4603 	1
4605 	1
4606 	1
4612 	1
4614 	1
4616 	1
4617 	1
4618 	1
4620 	1
4623 	1
4624 	1
4625 	1
4626 	1
4627 	1
4628 	1
4632 	1
4633 	1
4636 	1
4637 	1
4638 	1
4639 	1
4642 	1
4644 	1
4648 	1
4649 	1
4653 	1
4654 	1
4655 	1
4656 	1
4657 	1
4658 	1
4659 	1
4663 	1
4664 	1
4667 	1
4668 	1
4670 	1
4671 	1
4672 	1
4673 	1
4675 	1
4676 	1
4678 	1
4679 	1
4683 	1
4686 	1
4688 	1
4689 	1
4690 	1
4691 	1
4692 	1
4693 	1
4694 	1
4695 	1
4696 	1
4697 	1
4699 	1
4702 	1
4706 	1
4707 	1
4708 	1
4710 	1
4711 	1
4712 	1
4713 	1
4714 	1
4715 	1
4716 	1
4717 	1
4720 	1
4721 	1
4723 	1
4724 	1
4725 	1
4726 	1
4732 	1
4733 	1
4734 	1
4738 	1
4739 	1
4740 	1
4741 	1
4742 	1
4743 	1
4744 	1
4745 	1
4746 	1
4747 	1
4749 	1
4751 	1
4752 	1
4756 	1
4760 	1
4762 	1
4764 	1
4765 	1
4766 	1
4768 	1
4769 	1
4771 	1
4772 	1
4773 	1
4774 	1
4777 	1
4782 	1
4783 	1
4784 	1
4787 	1
4788 	1
4795 	1
4800 	1
4806 	1
4808 	1
4814 	1
4817 	1
4821 	1
4822 	1
4823 	1
4824 	1
4825 	1
4826 	1
4829 	1
4834 	1
4835 	1
4837 	1
4839 	1
4841 	1
4842 	1
4843 	1
4844 	1
4846 	1
4847 	1
4849 	1
4851 	1
4852 	1
4858 	1
4862 	1
4864 	1
4866 	1
4867 	1
4871 	1
4874 	1
4875 	1
4879 	1
4884 	1
4886 	1
4890 	1
4891 	1
4892 	1
4893 	1
4896 	1
4898 	1
4899 	1
4900 	1
4903 	1
4905 	1
4906 	1
4907 	1
4908 	1
4909 	1
4910 	1
4911 	1
4913 	1
4914 	1
4917 	1
4918 	1
4923 	1
4926 	1
4927 	1
4928 	1
4929 	1
4931 	1
4935 	1
4936 	1
4937 	1
4938 	1
4940 	1
4941 	1
4945 	1
4948 	1
4953 	1
4954 	1
4955 	1
4957 	1
4960 	1
4961 	1
4962 	1
4963 	1
4965 	1
4969 	1
4970 	1
4972 	1
4973 	1
4976 	1
4977 	1
4978 	1
4980 	1
4981 	1
4984 	1
4987 	1
4990 	1
4994 	1
4996 	1
4998 	1
5001 	1
5003 	1
5004 	1
5005 	1
5007 	1
5008 	1
5009 	1
5015 	1
5019 	1
5020 	1
5021 	1
5022 	1
5023 	1
5024 	1
5025 	1
5026 	1
5027 	1
5028 	1
5029 	1
5030 	1
5031 	1
5032 	1
5033 	1
5039 	1
5041 	1
5042 	1
5050 	1
5056 	1
5061 	1
5062 	1
5063 	1
5064 	1
5065 	1
5066 	1
5067 	1
5072 	1
5084 	1
5086 	1
5087 	1
5091 	1
5092 	1
5095 	1
5096 	1
5097 	1
5098 	1
5099 	1
5100 	1
5103 	1
5106 	1
5107 	1
5113 	1
5115 	1
5118 	1
5123 	1
5125 	1
5126 	1
5128 	1
5129 	1
5130 	1
5131 	1
5132 	1
5135 	1
5136 	1
5137 	1
5139 	1
5141 	1
5142 	1
5143 	1
5144 	1
5148 	1
5149 	1
5152 	1
5154 	1
5155 	1
5156 	1
5160 	1
5164 	1
5167 	1
5168 	1
5169 	1
5173 	1
5175 	1
5176 	1
5180 	1
5181 	1
5182 	1
5183 	1
5185 	1
5186 	1
5187 	1
5188 	1
5189 	1
5193 	1
5196 	1
5197 	1
5203 	1
5205 	1
5206 	1
5208 	1
5209 	1
5212 	1
5214 	1
5215 	1
5217 	1
5220 	1
5221 	1
5223 	1
5224 	1
5225 	1
5226 	1
5228 	1
5231 	1
5232 	1
5239 	1
5241 	1
5243 	1
5244 	1
5245 	1
5246 	1
5248 	1
5250 	1
5252 	1
5253 	1
5254 	1
5255 	1
5257 	1
5258 	1
5259 	1
5261 	1
5262 	1
5264 	1
5265 	1
5268 	1
5270 	1
5273 	1
5277 	1
5278 	1
5281 	1
5283 	1
5284 	1
5287 	1
5288 	1
5290 	1
5291 	1
5293 	1
5295 	1
5298 	1
5302 	1
5303 	1
5305 	1
5309 	1
5310 	1
5312 	1
5314 	1
5317 	1
5318 	1
5319 	1
5321 	1
5324 	1
5325 	1
5326 	1
5330 	1
5331 	1
5339 	1
5340 	1
5341 	1
5343 	1
5345 	1
5348 	1
5350 	1
5351 	1
5352 	1
5353 	1
5354 	1
5355 	1
5356 	1
5358 	1
5360 	1
5362 	1
5364 	1
5365 	1
5368 	1
5371 	1
5374 	1
5375 	1
5376 	1
5382 	1
5383 	1
5384 	1
5392 	1
5393 	1
5394 	1
5395 	1
5396 	1
5400 	1
5407 	1
5409 	1
5410 	1
5411 	1
5415 	1
5417 	1
5418 	1
5419 	1
5421 	1
5422 	1
5424 	1
5425 	1
5426 	1
5427 	1
5429 	1
5430 	1
5432 	1
5434 	1
5435 	1
5438 	1
5441 	1
5442 	1
5443 	1
5445 	1
5446 	1
5449 	1
5453 	1
5454 	1
5456 	1
5457 	1
5458 	1
5460 	1
5462 	1
5463 	1
5464 	1
5465 	1
5466 	1
5467 	1
5470 	1
5471 	1
5473 	1
5474 	1
5477 	1
5478 	1
5481 	1
5484 	1
5487 	1
5491 	1
5493 	1
5494 	1
5495 	1
5496 	1
5497 	1
5499 	1
5500 	1
5502 	1
5503 	1
5504 	1
5508 	1
5510 	1
5511 	1
5512 	1
5514 	1
5515 	1
5516 	1
5518 	1
5520 	1
5526 	1
5530 	1
5531 	1
5534 	1
5536 	1
5537 	1
5539 	1
5540 	1
5542 	1
5544 	1
5545 	1
5546 	1
5547 	1
5548 	1
5549 	1
5551 	1
5552 	1
5553 	1
5556 	1
5558 	1
5560 	1
5563 	1
5564 	1
5565 	1
5566 	1
5573 	1
5574 	1
5579 	1
5580 	1
5581 	1
5586 	1
5592 	1
5593 	1
5594 	1
5596 	1
5597 	1
5598 	1
5599 	1
5600 	1
5601 	1
5602 	1
5607 	1
5608 	1
5609 	1
5611 	1
5614 	1
5615 	1
5617 	1
5619 	1
5621 	1
5622 	1
5623 	1
5624 	1
5633 	1
5635 	1
5636 	1
5637 	1
5639 	1
5640 	1
5643 	1
5645 	1
5658 	1
5660 	1
5661 	1
5662 	1
5664 	1
5668 	1
5669 	1
5671 	1
5672 	1
5673 	1
5674 	1
5675 	1
5676 	1
5677 	1
5678 	1
5679 	1
5681 	1
5682 	1
5685 	1
5688 	1
5691 	1
5693 	1
5694 	1
5696 	1
5697 	1
5701 	1
5704 	1
5705 	1
5706 	1
5708 	1
5711 	1
5712 	1
5715 	1
5717 	1
5718 	1
5719 	1
5720 	1
5721 	1
5722 	1
5725 	1
5727 	1
5729 	1
5730 	1
5732 	1
5736 	1
5739 	1
5740 	1
5744 	1
5745 	1
5753 	1
5754 	1
5756 	1
5758 	1
5761 	1
5762 	1
5763 	1
5764 	1
5769 	1
5772 	1
5773 	1
5774 	1
5776 	1
5777 	1
5779 	1
5782 	1
5783 	1
5784 	1
5790 	1
5792 	1
5796 	1
5799 	1
5801 	1
5802 	1
5803 	1
5805 	1
5806 	1
5808 	1
5809 	1
5812 	1
5813 	1
5814 	1
5818 	1
5822 	1
5823 	1
5824 	1
5825 	1
5826 	1
5827 	1
5829 	1
5830 	1
5833 	1
5834 	1
5835 	1
5836 	1
5837 	1
5838 	1
5842 	1
5845 	1
5846 	1
5848 	1
5849 	1
5851 	1
5853 	1
5857 	1
5858 	1
5859 	1
5860 	1
5861 	1
5862 	1
5863 	1
5865 	1
5871 	1
5872 	1
5875 	1
5876 	1
5878 	1
5882 	1
5883 	1
5884 	1
5885 	1
5886 	1
5887 	1
5891 	1
5897 	1
5898 	1
5899 	1
5901 	1
5902 	1
5903 	1
5906 	1
5907 	1
5908 	1
5909 	1
5911 	1
5912 	1
5916 	1
5917 	1
5918 	1
5920 	1
5925 	1
5926 	1
5927 	1
5930 	1
5931 	1
5935 	1
5936 	1
5938 	1
5939 	1
5940 	1
5941 	1
5942 	1
5944 	1
5946 	1
5947 	1
5948 	1
5949 	1
5951 	1
5954 	1
5955 	1
5957 	1
5965 	1
5967 	1
5969 	1
5971 	1
5973 	1
5976 	1
5979 	1
5982 	1
5984 	1
5990 	1
5995 	1
5996 	1
5997 	1
5999 	1
6002 	1
6003 	1
6009 	1
6010 	1
6012 	1
6014 	1
6015 	1
6016 	1
6018 	1
6020 	1
6022 	1
6024 	1
6026 	1
6027 	1
6028 	1
6029 	1
6030 	1
6031 	1
6032 	1
6033 	1
6035 	1
6036 	1
6037 	1
6038 	1
6042 	1
6044 	1
6050 	1
6052 	1
6053 	1
6055 	1
6057 	1
6059 	1
6060 	1
6063 	1
6065 	1
6067 	1
6071 	1
6072 	1
6073 	1
6074 	1
6079 	1
6081 	1
6082 	1
6086 	1
6087 	1
6089 	1
6092 	1
6094 	1
6095 	1
6098 	1
6099 	1
6108 	1
6112 	1
6113 	1
6114 	1
6116 	1
6117 	1
6121 	1
6122 	1
6124 	1
6126 	1
6129 	1
6135 	1
6139 	1
6143 	1
6146 	1
6147 	1
6148 	1
6149 	1
6150 	1
6152 	1
6154 	1
6156 	1
6157 	1
6158 	1
6159 	1
6160 	1
6161 	1
6162 	1
6165 	1
6166 	1
6169 	1
6172 	1
6174 	1
6181 	1
6183 	1
6185 	1
6186 	1
6187 	1
6192 	1
6193 	1
6195 	1
6197 	1
6199 	1
6201 	1
6203 	1
6204 	1
6208 	1
6214 	1
6216 	1
6217 	1
6218 	1
6221 	1
6223 	1
6226 	1
6231 	1
6233 	1
6235 	1
6237 	1
6238 	1
6241 	1
6242 	1
6244 	1
6245 	1
6247 	1
6249 	1
6251 	1
6253 	1
6256 	1
6260 	1
6261 	1
6262 	1
6265 	1
6267 	1
6270 	1
6271 	1
6272 	1
6273 	1
6274 	1
6275 	1
6278 	1
6279 	1
6282 	1
6285 	1
6293 	1
6297 	1
6302 	1
6303 	1
6304 	1
6305 	1
6307 	1
6308 	1
6313 	1
6317 	1
6318 	1
6320 	1
6321 	1
6322 	1
6325 	1
6329 	1
6333 	1
6334 	1
6335 	1
6337 	1
6339 	1
6340 	1
6343 	1
6345 	1
6346 	1
6347 	1
6348 	1
6350 	1
6351 	1
6353 	1
6357 	1
6359 	1
6360 	1
6362 	1
6363 	1
6364 	1
6365 	1
6366 	1
6370 	1
6376 	1
6377 	1
6379 	1
6381 	1
6383 	1
6385 	1
6386 	1
6387 	1
6389 	1
6391 	1
6392 	1
6393 	1
6394 	1
6395 	1
6396 	1
6397 	1
6398 	1
6399 	1
6400 	1
6402 	1
6409 	1
6410 	1
6411 	1
6413 	1
6417 	1
6419 	1
6420 	1
6423 	1
6424 	1
6425 	1
6427 	1
6428 	1
6429 	1
6430 	1
6431 	1
6433 	1
6436 	1
6438 	1
6439 	1
6440 	1
6442 	1
6443 	1
6446 	1
6447 	1
6448 	1
6449 	1
6450 	1
6451 	1
6455 	1
6457 	1
6461 	1
6462 	1
6463 	1
6465 	1
6466 	1
6467 	1
6468 	1
6470 	1
6471 	1
6473 	1
6476 	1
6477 	1
6479 	1
6480 	1
6482 	1
6483 	1
6486 	1
6489 	1
6490 	1
6493 	1
6494 	1
6495 	1
6496 	1
6498 	1
6503 	1
6505 	1
6506 	1
6508 	1
6509 	1
6511 	1
6512 	1
6513 	1
6515 	1
6517 	1
6520 	1
6522 	1
6530 	1
6531 	1
6532 	1
6533 	1
6534 	1
6535 	1
6538 	1
6542 	1
6543 	1
6544 	1
6546 	1
6548 	1
6550 	1
6551 	1
6553 	1
6554 	1
6557 	1
6558 	1
6559 	1
6560 	1
6561 	1
6563 	1
6564 	1
6565 	1
6566 	1
6567 	1
6568 	1
6569 	1
6570 	1
6571 	1
6572 	1
6580 	1
6581 	1
6584 	1
6590 	1
6594 	1
6596 	1
6598 	1
6599 	1
6600 	1
6601 	1
6603 	1
6605 	1
6609 	1
6610 	1
6611 	1
6612 	1
6614 	1
6616 	1
6617 	1
6621 	1
6624 	1
6625 	1
6627 	1
6628 	1
6629 	1
6631 	1
6639 	1
6640 	1
6643 	1
6644 	1
6645 	1
6646 	1
6649 	1
6650 	1
6651 	1
6653 	1
6654 	1
6657 	1
6658 	1
6659 	1
6660 	1
6661 	1
6666 	1
6667 	1
6669 	1
6671 	1
6672 	1
6673 	1
6676 	1
6679 	1
6680 	1
6681 	1
6683 	1
6687 	1
6688 	1
6689 	1
6691 	1
6694 	1
6696 	1
6697 	1
6700 	1
6702 	1
6703 	1
6705 	1
6706 	1
6714 	1
6715 	1
6717 	1
6718 	1
6719 	1
6722 	1
6724 	1
6725 	1
6727 	1
6728 	1
6731 	1
6732 	1
6733 	1
6734 	1
6741 	1
6744 	1
6745 	1
6747 	1
6748 	1
6750 	1
6753 	1
6754 	1
6756 	1
6759 	1
6760 	1
6762 	1
6763 	1
6764 	1
6767 	1
6768 	1
6771 	1
6773 	1
6774 	1
6775 	1
6777 	1
6778 	1
6780 	1
6781 	1
6782 	1
6783 	1
6787 	1
6791 	1
6792 	1
6794 	1
6797 	1
6798 	1
6801 	1
6803 	1
6804 	1
6807 	1
6808 	1
6809 	1
6812 	1
6813 	1
6815 	1
6817 	1
6820 	1
6821 	1
6823 	1
6824 	1
6825 	1
6830 	1
6832 	1
6833 	1
6834 	1
6836 	1
6838 	1
6839 	1
6842 	1
6843 	1
6844 	1
6847 	1
6848 	1
6850 	1
6852 	1
6853 	1
6859 	1
6860 	1
6863 	1
6869 	1
6870 	1
6871 	1
6872 	1
6873 	1
6874 	1
6875 	1
6877 	1
6878 	1
6879 	1
6880 	1
6882 	1
6884 	1
6886 	1
6887 	1
6888 	1
6890 	1
6892 	1
6894 	1
6895 	1
6896 	1
6897 	1
6899 	1
6900 	1
6901 	1
6903 	1
6904 	1
6905 	1
6906 	1
6907 	1
6908 	1
6910 	1
6912 	1
6914 	1
6916 	1
6920 	1
6921 	1
6924 	1
6925 	1
6926 	1
6927 	1
6928 	1
6930 	1
6938 	1
6940 	1
6943 	1
6946 	1
6951 	1
6952 	1
6954 	1
6957 	1
6958 	1
6959 	1
6962 	1
6963 	1
6966 	1
6968 	1
6970 	1
6971 	1
6972 	1
6973 	1
6976 	1
6978 	1
6982 	1
6983 	1
6986 	1
6987 	1
6991 	1
6992 	1
6993 	1
6995 	1
6996 	1
6997 	1
7000 	1
7004 	1
7005 	1
7006 	1
7013 	1
7014 	1
7016 	1
7017 	1
7023 	1
7024 	1
7026 	1
7027 	1
7028 	1
7030 	1
7031 	1
7034 	1
7036 	1
7037 	1
7042 	1
7043 	1
7044 	1
7046 	1
7048 	1
7051 	1
7052 	1
7053 	1
7059 	1
7061 	1
7063 	1
7064 	1
7065 	1
7067 	1
7070 	1
7073 	1
7074 	1
7076 	1
7081 	1
7082 	1
7084 	1
7086 	1
7087 	1
7088 	1
7089 	1
7090 	1
7092 	1
7095 	1
7096 	1
7098 	1
7101 	1
7102 	1
7103 	1
7104 	1
7107 	1
7108 	1
7109 	1
7111 	1
7114 	1
7115 	1
7116 	1
7118 	1
7122 	1
7123 	1
7124 	1
7125 	1
7126 	1
7127 	1
7129 	1
7132 	1
7133 	1
7134 	1
7135 	1
7137 	1
7138 	1
7141 	1
7145 	1
7147 	1
7149 	1
7150 	1
7153 	1
7154 	1
7156 	1
7160 	1
7162 	1
7163 	1
7164 	1
7165 	1
7167 	1
7169 	1
7170 	1
7171 	1
7176 	1
7178 	1
7179 	1
7181 	1
7182 	1
7183 	1
7187 	1
7190 	1
7191 	1
7193 	1
7195 	1
7197 	1
7199 	1
7200 	1
7201 	1
7204 	1
7205 	1
7207 	1
7208 	1
7209 	1
7211 	1
7212 	1
7213 	1
7215 	1
7216 	1
7217 	1
7220 	1
7221 	1
7225 	1
7226 	1
7228 	1
7229 	1
7232 	1
7234 	1
7235 	1
7236 	1
7238 	1
7239 	1
7240 	1
7243 	1
7251 	1
7254 	1
7255 	1
7256 	1
7258 	1
7259 	1
7260 	1
7264 	1
7265 	1
7267 	1
7269 	1
7270 	1
7271 	1
7277 	1
7279 	1
7280 	1
7282 	1
7286 	1
7291 	1
7293 	1
7294 	1
7296 	1
7301 	1
7302 	1
7304 	1
7306 	1
7307 	1
7308 	1
7309 	1
7311 	1
7317 	1
7320 	1
7321 	1
7323 	1
7324 	1
7325 	1
7326 	1
7327 	1
7332 	1
7339 	1
7340 	1
7341 	1
7342 	1
7343 	1
7344 	1
7345 	1
7348 	1
7352 	1
7353 	1
7355 	1
7357 	1
7360 	1
7363 	1
7364 	1
7365 	1
7370 	1
7371 	1
7373 	1
7374 	1
7381 	1
7382 	1
7383 	1
7385 	1
7386 	1
7390 	1
7391 	1
7392 	1
7393 	1
7394 	1
7395 	1
7396 	1
7397 	1
7401 	1
7403 	1
7405 	1
7406 	1
7407 	1
7408 	1
7409 	1
7410 	1
7411 	1
7415 	1
7418 	1
7419 	1
7420 	1
7423 	1
7426 	1
7429 	1
7430 	1
7434 	1
7435 	1
7436 	1
7437 	1
7439 	1
7440 	1
7443 	1
7451 	1
7455 	1
7457 	1
7463 	1
7464 	1
7465 	1
7467 	1
7478 	1
7480 	1
7482 	1
7483 	1
7484 	1
7485 	1
7486 	1
7488 	1
7489 	1
7490 	1
7491 	1
7493 	1
7496 	1
7499 	1
7501 	1
7502 	1
7503 	1
7504 	1
7505 	1
7507 	1
7509 	1
7511 	1
7513 	1
7518 	1
7521 	1
7522 	1
7523 	1
7524 	1
7526 	1
7528 	1
7529 	1
7530 	1
7534 	1
7535 	1
7537 	1
7538 	1
7540 	1
7543 	1
7548 	1
7549 	1
7550 	1
7552 	1
7553 	1
7556 	1
7558 	1
7560 	1
7563 	1
7564 	1
7567 	1
7568 	1
7569 	1
7570 	1
7572 	1
7575 	1
7579 	1
7581 	1
7582 	1
7583 	1
7586 	1
7588 	1
7589 	1
7590 	1
7592 	1
7593 	1
7596 	1
7597 	1
7598 	1
7602 	1
7604 	1
7609 	1
7613 	1
7616 	1
7617 	1
7619 	1
7622 	1
7623 	1
7624 	1
7626 	1
7627 	1
7630 	1
7636 	1
7638 	1
7639 	1
7640 	1
7641 	1
7643 	1
7644 	1
7647 	1
7648 	1
7653 	1
7656 	1
7658 	1
7661 	1
7663 	1
7664 	1
7665 	1
7666 	1
7667 	1
7668 	1
7671 	1
7672 	1
7673 	1
7674 	1
7675 	1
7678 	1
7679 	1
7680 	1
7684 	1
7685 	1
7686 	1
7687 	1
7688 	1
7690 	1
7691 	1
7692 	1
7694 	1
7696 	1
7699 	1
7700 	1
7702 	1
7705 	1
7706 	1
7707 	1
7708 	1
7710 	1
7711 	1
7713 	1
7715 	1
7717 	1
7718 	1
7720 	1
7721 	1
7722 	1
7723 	1
7725 	1
7731 	1
7733 	1
7737 	1
7739 	1
7740 	1
7741 	1
7742 	1
7743 	1
7744 	1
7745 	1
7747 	1
7748 	1
7750 	1
7751 	1
7755 	1
7757 	1
7759 	1
7760 	1
7765 	1
7766 	1
7768 	1
7769 	1
7773 	1
7776 	1
7778 	1
7779 	1
7782 	1
7783 	1
7785 	1
7786 	1
7788 	1
7789 	1
7790 	1
7793 	1
7795 	1
7798 	1
7801 	1
7802 	1
7803 	1
7807 	1
7808 	1
7809 	1
7812 	1
7815 	1
7817 	1
7818 	1
7820 	1
7825 	1
7827 	1
7828 	1
7829 	1
7830 	1
7835 	1
7836 	1
7837 	1
7839 	1
7841 	1
7842 	1
7843 	1
7844 	1
7851 	1
7853 	1
7854 	1
7855 	1
7856 	1
7861 	1
7862 	1
7863 	1
7865 	1
7866 	1
7868 	1
7879 	1
7883 	1
7886 	1
7887 	1
7888 	1
7891 	1
7898 	1
7901 	1
7903 	1
7905 	1
7907 	1
7910 	1
7912 	1
7913 	1
7916 	1
7918 	1
7919 	1
7920 	1
7922 	1
7925 	1
7928 	1
7931 	1
7933 	1
7934 	1
7936 	1
7937 	1
7939 	1
7940 	1
7946 	1
7947 	1
7949 	1
7956 	1
7957 	1
7958 	1
7959 	1
7961 	1
7962 	1
7964 	1
7965 	1
7966 	1
7967 	1
7972 	1
7973 	1
7974 	1
7977 	1
7979 	1
7980 	1
7981 	1
7982 	1
7984 	1
7987 	1
7989 	1
7990 	1
7991 	1
7995 	1
7996 	1
7997 	1
7998 	1
8001 	1
8005 	1
8007 	1
8009 	1
8010 	1
8014 	1
8015 	1
8016 	1
8017 	1
8020 	1
8021 	1
8023 	1
8025 	1
8027 	1
8029 	1
8030 	1
8031 	1
8033 	1
8034 	1
8035 	1
8036 	1
8038 	1
8039 	1
8040 	1
8043 	1
8044 	1
8047 	1
8048 	1
8051 	1
8053 	1
8055 	1
8056 	1
8058 	1
8059 	1
8060 	1
8069 	1
8070 	1
8073 	1
8075 	1
8076 	1
8078 	1
8079 	1
8082 	1
8083 	1
8085 	1
8087 	1
8089 	1
8091 	1
8093 	1
8095 	1
8096 	1
8101 	1
8102 	1
8104 	1
8105 	1
8109 	1
8110 	1
8112 	1
8114 	1
8115 	1
8116 	1
8118 	1
8119 	1
8123 	1
8129 	1
8132 	1
8133 	1
8137 	1
8138 	1
8142 	1
8143 	1
8146 	1
8147 	1
8150 	1
8153 	1
8154 	1
8155 	1
8157 	1
8158 	1
8159 	1
8160 	1
8163 	1
8164 	1
8165 	1
8168 	1
8169 	1
8170 	1
8173 	1
8178 	1
8179 	1
8181 	1
8184 	1
8185 	1
8187 	1
8188 	1
8189 	1
8190 	1
8192 	1
8195 	1
8196 	1
8201 	1
8204 	1
8205 	1
8206 	1
8207 	1
8210 	1
8211 	1
8212 	1
8213 	1
8214 	1
8217 	1
8219 	1
8220 	1
8221 	1
8222 	1
8224 	1
8226 	1
8227 	1
8230 	1
8232 	1
8233 	1
8234 	1
8235 	1
8238 	1
8240 	1
8243 	1
8245 	1
8246 	1
8249 	1
8251 	1
8252 	1
8253 	1
8254 	1
8255 	1
8257 	1
8258 	1
8260 	1
8261 	1
8265 	1
8266 	1
8267 	1
8269 	1
8270 	1
8271 	1
8272 	1
8273 	1
8275 	1
8284 	1
8286 	1
8287 	1
8289 	1
8291 	1
8297 	1
8300 	1
8301 	1
8302 	1
8303 	1
8304 	1
8307 	1
8309 	1
8314 	1
8316 	1
8318 	1
8319 	1
8320 	1
8321 	1
8322 	1
8325 	1
8330 	1
8331 	1
8332 	1
8333 	1
8334 	1
8335 	1
8340 	1
8345 	1
8346 	1
8348 	1
8349 	1
8350 	1
8351 	1
8352 	1
8353 	1
8356 	1
8357 	1
8359 	1
8360 	1
8362 	1
8364 	1
8366 	1
8367 	1
8368 	1
8369 	1
8370 	1
8371 	1
8372 	1
8376 	1
8380 	1
8384 	1
8385 	1
8387 	1
8388 	1
8389 	1
8390 	1
8391 	1
8393 	1
8394 	1
8396 	1
8398 	1
8401 	1
8404 	1
8405 	1
8413 	1
8415 	1
8416 	1
8418 	1
8419 	1
8421 	1
8424 	1
8427 	1
8431 	1
8433 	1
8434 	1
8435 	1
8436 	1
8438 	1
8439 	1
8442 	1
8445 	1
8447 	1
8448 	1
8451 	1
8453 	1
8454 	1
8457 	1
8458 	1
8459 	1
8461 	1
8462 	1
8466 	1
8467 	1
8468 	1
8470 	1
8471 	1
8472 	1
8473 	1
8474 	1
8476 	1
8478 	1
8479 	1
8480 	1
8481 	1
8487 	1
8492 	1
8493 	1
8494 	1
8495 	1
8497 	1
8500 	1
8501 	1
8503 	1
8504 	1
8505 	1
8506 	1
8507 	1
8510 	1
8512 	1
8513 	1
8514 	1
8515 	1
8516 	1
8520 	1
8522 	1
8523 	1
8524 	1
8529 	1
8531 	1
8534 	1
8535 	1
8539 	1
8543 	1
8544 	1
8546 	1
8547 	1
8548 	1
8551 	1
8552 	1
8554 	1
8555 	1
8556 	1
8557 	1
8560 	1
8561 	1
8562 	1
8563 	1
8564 	1
8566 	1
8569 	1
8571 	1
8577 	1
8578 	1
8582 	1
8585 	1
8586 	1
8589 	1
8590 	1
8592 	1
8596 	1
8598 	1
8602 	1
8603 	1
8607 	1
8608 	1
8609 	1
8610 	1
8619 	1
8623 	1
8625 	1
8626 	1
8628 	1
8629 	1
8631 	1
8633 	1
8634 	1
8635 	1
8638 	1
8640 	1
8643 	1
8644 	1
8649 	1
8650 	1
8658 	1
8660 	1
8661 	1
8666 	1
8667 	1
8671 	1
8672 	1
8673 	1
8674 	1
8678 	1
8680 	1
8681 	1
8682 	1
8687 	1
8688 	1
8690 	1
8691 	1
8692 	1
8693 	1
8695 	1
8696 	1
8698 	1
8699 	1
8701 	1
8704 	1
8705 	1
8706 	1
8713 	1
8715 	1
8721 	1
8726 	1
8727 	1
8728 	1
8730 	1
8731 	1
8732 	1
8733 	1
8735 	1
8738 	1
8740 	1
8741 	1
8742 	1
8743 	1
8744 	1
8747 	1
8748 	1
8749 	1
8753 	1
8754 	1
8755 	1
8760 	1
8761 	1
8764 	1
8765 	1
8766 	1
8771 	1
8773 	1
8775 	1
8778 	1
8780 	1
8782 	1
8783 	1
8784 	1
8787 	1
8788 	1
8789 	1
8794 	1
8797 	1
8800 	1
8801 	1
8804 	1
8805 	1
8806 	1
8807 	1
8808 	1
8810 	1
8814 	1
8815 	1
8818 	1
8821 	1
8822 	1
8823 	1
8824 	1
8828 	1
8831 	1
8836 	1
8838 	1
8839 	1
8840 	1
8841 	1
8843 	1
8846 	1
8847 	1
8850 	1
8851 	1
8852 	1
8854 	1
8856 	1
8858 	1
8861 	1
8863 	1
8865 	1
8866 	1
8867 	1
8871 	1
8872 	1
8875 	1
8877 	1
8882 	1
8883 	1
8884 	1
8886 	1
8887 	1
8888 	1
8891 	1
8893 	1
8894 	1
8895 	1
8896 	1
8898 	1
8899 	1
8900 	1
8901 	1
8903 	1
8904 	1
8907 	1
8910 	1
8911 	1
8914 	1
8915 	1
8916 	1
8917 	1
8918 	1
8919 	1
8920 	1
8921 	1
8922 	1
8924 	1
8925 	1
8926 	1
8927 	1
8931 	1
8933 	1
8934 	1
8935 	1
8936 	1
8938 	1
8947 	1
8949 	1
8950 	1
8951 	1
8954 	1
8955 	1
8956 	1
8958 	1
8959 	1
8960 	1
8961 	1
8962 	1
8971 	1
8972 	1
8974 	1
8977 	1
8978 	1
8980 	1
8984 	1
8986 	1
8987 	1
8990 	1
8993 	1
9000 	1
9001 	1
9003 	1
9005 	1
9007 	1
9012 	1
9014 	1
9015 	1
9018 	1
9020 	1
9024 	1
9026 	1
9034 	1
9038 	1
9042 	1
9044 	1
9045 	1
9047 	1
9049 	1
9050 	1
9055 	1
9056 	1
9057 	1
9058 	1
9061 	1
9062 	1
9063 	1
9064 	1
9065 	1
9067 	1
9068 	1
9070 	1
9071 	1
9072 	1
9074 	1
9075 	1
9076 	1
9078 	1
9079 	1
9082 	1
9083 	1
9084 	1
9085 	1
9091 	1
9093 	1
9095 	1
9096 	1
9097 	1
9099 	1
9102 	1
9103 	1
9105 	1
9106 	1
9108 	1
9109 	1
9112 	1
9122 	1
9129 	1
9133 	1
9134 	1
9135 	1
9138 	1
9139 	1
9140 	1
9141 	1
9144 	1
9145 	1
9146 	1
9147 	1
9151 	1
9152 	1
9153 	1
9154 	1
9155 	1
9156 	1
9157 	1
9158 	1
9159 	1
9160 	1
9170 	1
9172 	1
9175 	1
9176 	1
9177 	1
9178 	1
9183 	1
9184 	1
9185 	1
9189 	1
9192 	1
9193 	1
9194 	1
9195 	1
9199 	1
9205 	1
9211 	1
9215 	1
9217 	1
9218 	1
9220 	1
9221 	1
9225 	1
9226 	1
9227 	1
9229 	1
9230 	1
9232 	1
9233 	1
9237 	1
9238 	1
9239 	1
9241 	1
9242 	1
9245 	1
9246 	1
9247 	1
9248 	1
9249 	1
9250 	1
9251 	1
9254 	1
9257 	1
9258 	1
9262 	1
9263 	1
9266 	1
9267 	1
9269 	1
9270 	1
9276 	1
9277 	1
9280 	1
9281 	1
9283 	1
9286 	1
9288 	1
9289 	1
9292 	1
9293 	1
9295 	1
9296 	1
9299 	1
9300 	1
9301 	1
9303 	1
9304 	1
9309 	1
9311 	1
9314 	1
9315 	1
9316 	1
9318 	1
9320 	1
9321 	1
9326 	1
9327 	1
9328 	1
9332 	1
9333 	1
9337 	1
9339 	1
9341 	1
9343 	1
9344 	1
9345 	1
9346 	1
9347 	1
9349 	1
9351 	1
9352 	1
9354 	1
9357 	1
9358 	1
9361 	1
9364 	1
9368 	1
9374 	1
9378 	1
9379 	1
9380 	1
9382 	1
9383 	1
9384 	1
9385 	1
9386 	1
9387 	1
9389 	1
9391 	1
9394 	1
9396 	1
9397 	1
9398 	1
9400 	1
9403 	1
9405 	1
9406 	1
9408 	1
9412 	1
9414 	1
9416 	1
9417 	1
9419 	1
9421 	1
9423 	1
9425 	1
9430 	1
9431 	1
9433 	1
9434 	1
9438 	1
9439 	1
9440 	1
9442 	1
9444 	1
9449 	1
9453 	1
9454 	1
9460 	1
9465 	1
9467 	1
9468 	1
9469 	1
9470 	1
9471 	1
9473 	1
9480 	1
9486 	1
9487 	1
9490 	1
9492 	1
9494 	1
9495 	1
9496 	1
9497 	1
9499 	1
9500 	1
9501 	1
9502 	1
9504 	1
9507 	1
9509 	1
9516 	1
9518 	1
9522 	1
9526 	1
9527 	1
9528 	1
9530 	1
9533 	1
9536 	1
9537 	1
9541 	1
9546 	1
9548 	1
9550 	1
9551 	1
9552 	1
9553 	1
9556 	1
9557 	1
9559 	1
9560 	1
9562 	1
9563 	1
9564 	1
9566 	1
9567 	1
9568 	1
9569 	1
9575 	1
9579 	1
9581 	1
9584 	1
9590 	1
9593 	1
9594 	1
9595 	1
9597 	1
9599 	1
9602 	1
9604 	1
9605 	1
9607 	1
9610 	1
9611 	1
9612 	1
9613 	1
9615 	1
9616 	1
9618 	1
9619 	1
9621 	1
9622 	1
9623 	1
9624 	1
9627 	1
9630 	1
9632 	1
9636 	1
9637 	1
9638 	1
9639 	1
9641 	1
9643 	1
9644 	1
9645 	1
9647 	1
9649 	1
9651 	1
9654 	1
9655 	1
9658 	1
9659 	1
9660 	1
9665 	1
9667 	1
9670 	1
9671 	1
9673 	1
9676 	1
9677 	1
9680 	1
9681 	1
9682 	1
9683 	0.0336257309942
