Number of items 	Total Weight 	Total Profit 
7175 	2261362.25 	479633.409471 


Total time: 0.117987155914 s
Average time: 0.029497563839 s
Last call: 3.09944152832e-06 s
Stamp 1 of the total: 0h 0m 0s 117ms 117987\u00B5s
Stamp 2 of the total: 00:00:00.0117
Pattern that ignores zeros:
117ms 117987\u00B5s
0117

Item    Fraction

2 	1
3 	1
4 	1
5 	1
6 	1
7 	1
14 	1
16 	1
17 	1
18 	1
19 	1
23 	1
24 	1
25 	1
26 	1
27 	1
29 	1
32 	1
33 	1
36 	1
38 	1
41 	1
42 	1
45 	1
48 	1
52 	1
55 	1
56 	1
57 	1
59 	1
60 	1
63 	1
65 	1
67 	1
70 	1
72 	1
73 	1
74 	1
77 	1
78 	1
79 	1
81 	1
83 	1
86 	1
87 	1
90 	1
92 	1
96 	1
97 	1
99 	1
101 	1
102 	1
103 	1
106 	1
109 	1
110 	1
112 	1
113 	1
114 	1
115 	1
121 	1
123 	1
126 	1
127 	1
132 	1
133 	1
136 	1
137 	1
139 	1
140 	1
141 	1
142 	1
143 	1
146 	1
148 	1
149 	1
150 	1
151 	1
153 	1
155 	1
157 	1
159 	1
163 	1
164 	1
165 	1
166 	1
167 	1
170 	1
171 	1
172 	1
174 	1
176 	1
178 	1
179 	1
180 	1
191 	1
192 	1
197 	1
199 	1
200 	1
201 	1
202 	1
203 	1
206 	1
208 	1
209 	1
210 	1
211 	1
212 	1
214 	1
216 	1
219 	1
220 	1
222 	1
223 	1
227 	1
230 	1
231 	1
232 	1
234 	1
236 	1
237 	1
239 	1
250 	1
253 	1
254 	1
256 	1
257 	1
258 	1
260 	1
261 	1
262 	1
263 	1
265 	1
268 	1
271 	1
273 	1
274 	1
275 	1
277 	1
279 	1
280 	1
283 	1
290 	1
294 	1
296 	1
297 	1
300 	1
301 	1
302 	1
306 	1
307 	1
308 	1
309 	1
310 	1
315 	1
317 	1
318 	1
319 	1
320 	1
324 	1
325 	1
326 	1
330 	1
333 	1
334 	1
335 	1
336 	1
340 	1
342 	1
344 	1
346 	1
347 	1
348 	1
349 	1
350 	1
352 	1
353 	1
354 	1
355 	1
357 	1
360 	1
362 	1
364 	1
365 	1
367 	1
369 	1
370 	1
371 	1
373 	1
377 	1
379 	1
381 	1
382 	1
384 	1
386 	1
387 	1
388 	1
389 	1
391 	1
392 	1
393 	1
395 	1
397 	1
400 	1
403 	1
405 	1
412 	1
413 	1
419 	1
420 	1
421 	1
422 	1
430 	1
432 	1
436 	1
437 	1
439 	1
442 	1
443 	1
444 	1
446 	1
447 	1
448 	1
449 	1
450 	1
451 	1
452 	1
456 	1
458 	1
461 	1
463 	1
464 	1
466 	1
468 	1
470 	1
472 	1
474 	1
475 	1
477 	1
481 	1
485 	1
490 	1
491 	1
495 	1
499 	1
501 	1
502 	1
503 	1
504 	1
505 	1
506 	1
512 	1
513 	1
514 	1
515 	1
516 	1
518 	1
519 	1
521 	1
522 	1
525 	1
526 	1
527 	1
528 	1
530 	1
534 	1
535 	1
536 	1
537 	1
538 	1
540 	1
543 	1
546 	1
548 	1
550 	1
551 	1
552 	1
556 	1
558 	1
560 	1
561 	1
563 	1
565 	1
567 	1
568 	1
570 	1
572 	1
573 	1
575 	1
579 	1
580 	1
583 	1
584 	1
585 	1
590 	1
593 	1
594 	1
595 	1
596 	1
597 	1
601 	1
602 	1
603 	1
605 	1
608 	1
609 	1
610 	1
611 	1
613 	1
617 	1
618 	1
619 	1
620 	1
622 	1
624 	1
626 	1
630 	1
631 	1
632 	1
638 	1
639 	1
641 	1
644 	1
646 	1
648 	1
649 	1
651 	1
654 	1
656 	1
657 	1
658 	1
659 	1
663 	1
664 	1
665 	1
668 	1
669 	1
670 	1
671 	1
674 	1
678 	1
680 	1
682 	1
683 	1
690 	1
691 	1
692 	1
693 	1
694 	1
695 	1
696 	1
697 	1
700 	1
701 	1
704 	1
705 	1
711 	1
713 	1
714 	1
715 	1
716 	1
719 	1
721 	1
726 	1
727 	1
733 	1
734 	1
737 	1
738 	1
739 	1
740 	1
741 	1
743 	1
744 	1
745 	1
746 	1
751 	1
752 	1
753 	1
755 	1
757 	1
759 	1
761 	1
763 	1
768 	1
769 	1
771 	1
773 	1
774 	1
778 	1
779 	1
780 	1
781 	1
786 	1
787 	1
792 	1
793 	1
794 	1
796 	1
800 	1
801 	1
803 	1
805 	1
806 	1
808 	1
809 	1
811 	1
813 	1
815 	1
816 	1
817 	1
818 	1
819 	1
820 	1
821 	1
824 	1
825 	1
829 	1
830 	1
832 	1
833 	1
834 	1
838 	1
840 	1
842 	1
843 	1
844 	1
845 	1
847 	1
848 	1
851 	1
852 	1
854 	1
856 	1
857 	1
858 	1
859 	1
864 	1
865 	1
870 	1
875 	1
883 	1
884 	1
891 	1
892 	1
894 	1
899 	1
900 	1
902 	1
904 	1
909 	1
910 	1
912 	1
913 	1
922 	1
923 	1
924 	1
925 	1
926 	1
928 	1
939 	1
940 	1
943 	1
945 	1
946 	1
951 	1
952 	1
954 	1
956 	1
960 	1
963 	1
965 	1
966 	1
967 	1
968 	1
969 	1
970 	1
971 	1
972 	1
976 	1
978 	1
981 	1
985 	1
986 	1
989 	1
990 	1
993 	1
996 	1
997 	1
1001 	1
1003 	1
1004 	1
1005 	1
1006 	1
1008 	1
1009 	1
1012 	1
1013 	1
1015 	1
1016 	1
1017 	1
1018 	1
1019 	1
1021 	1
1022 	1
1027 	1
1028 	1
1030 	1
1031 	1
1032 	1
1034 	1
1035 	1
1037 	1
1039 	1
1041 	1
1043 	1
1045 	1
1048 	1
1049 	1
1051 	1
1052 	1
1053 	1
1056 	1
1057 	1
1063 	1
1067 	1
1069 	1
1070 	1
1072 	1
1074 	1
1075 	1
1079 	1
1084 	1
1087 	1
1089 	1
1091 	1
1093 	1
1096 	1
1097 	1
1101 	1
1107 	1
1108 	1
1118 	1
1119 	1
1121 	1
1122 	1
1123 	1
1124 	1
1129 	1
1130 	1
1133 	1
1134 	1
1135 	1
1136 	1
1137 	1
1138 	1
1141 	1
1146 	1
1147 	1
1148 	1
1150 	1
1151 	1
1154 	1
1156 	1
1157 	1
1159 	1
1160 	1
1161 	1
1163 	1
1164 	1
1166 	1
1169 	1
1171 	1
1172 	1
1173 	1
1182 	1
1183 	1
1184 	1
1191 	1
1194 	1
1201 	1
1203 	1
1204 	1
1208 	1
1211 	1
1213 	1
1214 	1
1217 	1
1223 	1
1224 	1
1225 	1
1227 	1
1228 	1
1229 	1
1234 	1
1236 	1
1239 	1
1241 	1
1242 	1
1249 	1
1251 	1
1253 	1
1254 	1
1256 	1
1258 	1
1260 	1
1266 	1
1267 	1
1270 	1
1273 	1
1275 	1
1278 	1
1279 	1
1281 	1
1288 	1
1290 	1
1291 	1
1292 	1
1294 	1
1295 	1
1296 	1
1300 	1
1303 	1
1307 	1
1308 	1
1309 	1
1313 	1
1314 	1
1315 	1
1316 	1
1320 	1
1321 	1
1323 	1
1327 	1
1328 	1
1331 	1
1333 	1
1336 	1
1337 	1
1338 	1
1340 	1
1341 	1
1346 	1
1349 	1
1350 	1
1351 	1
1353 	1
1355 	1
1357 	1
1358 	1
1360 	1
1361 	1
1364 	1
1365 	1
1372 	1
1375 	1
1378 	1
1380 	1
1381 	1
1383 	1
1384 	1
1387 	1
1388 	1
1389 	1
1390 	1
1393 	1
1396 	1
1397 	1
1398 	1
1399 	1
1400 	1
1401 	1
1402 	1
1405 	1
1407 	1
1408 	1
1409 	1
1411 	1
1412 	1
1419 	1
1420 	1
1426 	1
1427 	1
1430 	1
1431 	1
1434 	1
1435 	1
1436 	1
1439 	1
1440 	1
1441 	1
1443 	1
1445 	1
1447 	1
1449 	1
1452 	1
1453 	1
1455 	1
1457 	1
1458 	1
1460 	1
1464 	1
1466 	1
1468 	1
1469 	1
1471 	1
1474 	1
1477 	1
1481 	1
1484 	1
1487 	1
1491 	1
1492 	1
1495 	1
1498 	1
1499 	1
1502 	1
1503 	1
1504 	1
1507 	1
1509 	1
1511 	1
1512 	1
1515 	1
1518 	1
1520 	1
1528 	1
1529 	1
1530 	1
1531 	1
1532 	1
1533 	1
1537 	1
1539 	1
1541 	1
1542 	1
1543 	1
1546 	1
1547 	1
1548 	1
1549 	1
1550 	1
1554 	1
1556 	1
1561 	1
1566 	1
1569 	1
1570 	1
1571 	1
1573 	1
1576 	1
1577 	1
1578 	1
1579 	1
1583 	1
1584 	1
1587 	1
1588 	1
1589 	1
1591 	1
1593 	1
1594 	1
1595 	1
1597 	1
1599 	1
1600 	1
1606 	1
1609 	1
1610 	1
1614 	1
1616 	1
1629 	1
1639 	1
1640 	1
1641 	1
1644 	1
1648 	1
1654 	1
1655 	1
1659 	1
1661 	1
1662 	1
1663 	1
1666 	1
1669 	1
1670 	1
1672 	1
1673 	1
1674 	1
1676 	1
1678 	1
1680 	1
1681 	1
1682 	1
1687 	1
1688 	1
1689 	1
1690 	1
1692 	1
1696 	1
1697 	1
1700 	1
1702 	1
1707 	1
1709 	1
1710 	1
1712 	1
1716 	1
1717 	1
1718 	1
1719 	1
1721 	1
1723 	1
1724 	1
1726 	1
1727 	1
1729 	1
1730 	1
1736 	1
1737 	1
1743 	1
1745 	1
1746 	1
1747 	1
1750 	1
1753 	1
1754 	1
1755 	1
1756 	1
1757 	1
1761 	1
1762 	1
1764 	1
1765 	1
1766 	1
1767 	1
1770 	1
1771 	1
1772 	1
1781 	1
1784 	1
1787 	1
1791 	1
1794 	1
1800 	1
1801 	1
1802 	1
1803 	1
1804 	1
1808 	1
1809 	1
1811 	1
1814 	1
1815 	1
1816 	1
1820 	1
1822 	1
1826 	1
1828 	1
1833 	1
1839 	1
1841 	1
1843 	1
1844 	1
1845 	1
1848 	1
1854 	1
1855 	1
1856 	1
1858 	1
1859 	1
1861 	1
1864 	1
1867 	1
1869 	1
1872 	1
1873 	1
1874 	1
1880 	1
1886 	1
1888 	1
1889 	1
1890 	1
1892 	1
1894 	1
1895 	1
1897 	1
1898 	1
1901 	1
1903 	1
1904 	1
1906 	1
1908 	1
1911 	1
1913 	1
1914 	1
1917 	1
1918 	1
1919 	1
1921 	1
1923 	1
1928 	1
1929 	1
1933 	1
1935 	1
1936 	1
1941 	1
1945 	1
1947 	1
1948 	1
1950 	1
1952 	1
1953 	1
1954 	1
1957 	1
1958 	1
1959 	1
1960 	1
1962 	1
1963 	1
1968 	1
1970 	1
1972 	1
1975 	1
1980 	1
1982 	1
1983 	1
1985 	1
1986 	1
1987 	1
1990 	1
1991 	1
1994 	1
1995 	1
1999 	1
2000 	1
2004 	1
2008 	1
2011 	1
2012 	1
2013 	1
2015 	1
2018 	1
2019 	1
2020 	1
2022 	1
2023 	1
2024 	1
2028 	1
2030 	1
2036 	1
2038 	1
2043 	1
2044 	1
2048 	1
2049 	1
2051 	1
2054 	1
2057 	1
2058 	1
2061 	1
2063 	1
2068 	1
2072 	1
2073 	1
2075 	1
2079 	1
2080 	1
2083 	1
2084 	1
2085 	1
2087 	1
2088 	1
2089 	1
2090 	1
2093 	1
2096 	1
2097 	1
2099 	1
2100 	1
2104 	1
2108 	1
2109 	1
2111 	1
2112 	1
2113 	1
2114 	1
2115 	1
2117 	1
2118 	1
2119 	1
2125 	1
2129 	1
2130 	1
2132 	1
2135 	1
2137 	1
2138 	1
2139 	1
2141 	1
2142 	1
2143 	1
2144 	1
2145 	1
2149 	1
2150 	1
2151 	1
2152 	1
2153 	1
2154 	1
2156 	1
2159 	1
2160 	1
2163 	1
2166 	1
2168 	1
2175 	1
2176 	1
2177 	1
2179 	1
2180 	1
2182 	1
2184 	1
2186 	1
2189 	1
2191 	1
2193 	1
2194 	1
2195 	1
2198 	1
2199 	1
2200 	1
2203 	1
2208 	1
2209 	1
2211 	1
2215 	1
2217 	1
2218 	1
2221 	1
2223 	1
2225 	1
2226 	1
2229 	1
2232 	1
2234 	1
2238 	1
2241 	1
2242 	1
2248 	1
2251 	1
2254 	1
2255 	1
2257 	1
2263 	1
2265 	1
2266 	1
2272 	1
2277 	1
2280 	1
2284 	1
2286 	1
2287 	1
2289 	1
2293 	1
2297 	1
2298 	1
2299 	1
2301 	1
2303 	1
2307 	1
2308 	1
2309 	1
2310 	1
2312 	1
2313 	1
2314 	1
2315 	1
2317 	1
2319 	1
2321 	1
2322 	1
2323 	1
2326 	1
2327 	1
2329 	1
2330 	1
2332 	1
2333 	1
2334 	1
2336 	1
2339 	1
2340 	1
2346 	1
2349 	1
2352 	1
2353 	1
2354 	1
2355 	1
2359 	1
2363 	1
2364 	1
2369 	1
2370 	1
2371 	1
2373 	1
2374 	1
2376 	1
2377 	1
2378 	1
2379 	1
2380 	1
2381 	1
2387 	1
2388 	1
2393 	1
2394 	1
2398 	1
2399 	1
2401 	1
2404 	1
2406 	1
2407 	1
2409 	1
2411 	1
2413 	1
2416 	1
2417 	1
2418 	1
2419 	1
2425 	1
2428 	1
2431 	1
2434 	1
2435 	1
2436 	1
2438 	1
2439 	1
2440 	1
2441 	1
2444 	1
2445 	1
2446 	1
2451 	1
2453 	1
2454 	1
2455 	1
2457 	1
2460 	1
2462 	1
2464 	1
2469 	1
2470 	1
2471 	1
2473 	1
2476 	1
2478 	1
2479 	1
2485 	1
2486 	1
2490 	1
2491 	1
2492 	1
2493 	1
2495 	1
2502 	1
2503 	1
2504 	1
2505 	1
2507 	1
2508 	1
2509 	1
2511 	1
2516 	1
2518 	1
2521 	1
2522 	1
2524 	1
2525 	1
2528 	1
2532 	1
2533 	1
2537 	1
2538 	1
2542 	1
2543 	1
2546 	1
2548 	1
2554 	1
2555 	1
2556 	1
2557 	1
2560 	1
2562 	1
2563 	1
2565 	1
2571 	1
2572 	1
2578 	1
2581 	1
2583 	1
2584 	1
2588 	1
2589 	1
2592 	1
2593 	1
2596 	1
2597 	1
2600 	1
2601 	1
2604 	1
2607 	1
2608 	1
2609 	1
2610 	1
2611 	1
2613 	1
2614 	1
2615 	1
2619 	1
2622 	1
2624 	1
2627 	1
2628 	1
2630 	1
2631 	1
2632 	1
2634 	1
2635 	1
2637 	1
2639 	1
2645 	1
2646 	1
2647 	1
2648 	1
2651 	1
2653 	1
2654 	1
2659 	1
2660 	1
2662 	1
2665 	1
2666 	1
2667 	1
2668 	1
2669 	1
2671 	1
2674 	1
2677 	1
2678 	1
2681 	1
2682 	1
2685 	1
2686 	1
2687 	1
2688 	1
2689 	1
2691 	1
2692 	1
2693 	1
2694 	1
2695 	1
2696 	1
2697 	1
2700 	1
2703 	1
2705 	1
2713 	1
2715 	1
2717 	1
2718 	1
2719 	1
2721 	1
2723 	1
2728 	1
2732 	1
2733 	1
2735 	1
2736 	1
2737 	1
2740 	1
2743 	1
2744 	1
2745 	1
2746 	1
2747 	1
2749 	1
2750 	1
2751 	1
2753 	1
2754 	1
2757 	1
2761 	1
2762 	1
2763 	1
2773 	1
2774 	1
2775 	1
2776 	1
2777 	1
2782 	1
2785 	1
2786 	1
2789 	1
2792 	1
2795 	1
2797 	1
2798 	1
2799 	1
2801 	1
2802 	1
2804 	1
2805 	1
2806 	1
2808 	1
2810 	1
2811 	1
2812 	1
2813 	1
2814 	1
2818 	1
2822 	1
2823 	1
2830 	1
2831 	1
2832 	1
2836 	1
2837 	1
2840 	1
2842 	1
2844 	1
2845 	1
2848 	1
2850 	1
2851 	1
2852 	1
2855 	1
2858 	1
2862 	1
2863 	1
2869 	1
2870 	1
2871 	1
2872 	1
2873 	1
2874 	1
2876 	1
2877 	1
2880 	1
2889 	1
2890 	1
2892 	1
2894 	1
2898 	1
2901 	1
2902 	1
2904 	1
2905 	1
2906 	1
2909 	1
2910 	1
2914 	1
2921 	1
2922 	1
2924 	1
2934 	1
2935 	1
2936 	1
2937 	1
2939 	1
2944 	1
2945 	1
2947 	1
2950 	1
2951 	1
2952 	1
2953 	1
2954 	1
2955 	1
2956 	1
2957 	1
2958 	1
2961 	1
2965 	1
2966 	1
2970 	1
2971 	1
2975 	1
2976 	1
2977 	1
2978 	1
2980 	1
2981 	1
2982 	1
2983 	1
2985 	1
2986 	1
2989 	1
2994 	1
2996 	1
2998 	1
2999 	1
3001 	1
3002 	1
3004 	1
3005 	1
3006 	1
3012 	1
3013 	1
3014 	1
3015 	1
3016 	1
3017 	1
3019 	1
3023 	1
3026 	1
3027 	1
3028 	1
3029 	1
3031 	1
3032 	1
3033 	1
3036 	1
3037 	1
3038 	1
3039 	1
3043 	1
3047 	1
3048 	1
3051 	1
3052 	1
3057 	1
3060 	1
3066 	1
3067 	1
3068 	1
3069 	1
3071 	1
3073 	1
3081 	1
3083 	1
3084 	1
3087 	1
3089 	1
3090 	1
3091 	1
3092 	1
3093 	1
3096 	1
3099 	1
3101 	1
3104 	1
3105 	1
3106 	1
3107 	1
3111 	1
3113 	1
3115 	1
3118 	1
3119 	1
3120 	1
3121 	1
3123 	1
3124 	1
3129 	1
3137 	1
3144 	1
3145 	1
3146 	1
3147 	1
3150 	1
3151 	1
3152 	1
3153 	1
3154 	1
3155 	1
3158 	1
3159 	1
3160 	1
3163 	1
3166 	1
3167 	1
3169 	1
3173 	1
3175 	1
3180 	1
3181 	1
3184 	1
3186 	1
3187 	1
3188 	1
3189 	1
3190 	1
3194 	1
3196 	1
3197 	1
3198 	1
3199 	1
3200 	1
3201 	1
3203 	1
3211 	1
3213 	1
3218 	1
3225 	1
3227 	1
3228 	1
3230 	1
3231 	1
3233 	1
3236 	1
3240 	1
3241 	1
3242 	1
3244 	1
3248 	1
3252 	1
3257 	1
3258 	1
3261 	1
3262 	1
3266 	1
3267 	1
3268 	1
3269 	1
3271 	1
3272 	1
3273 	1
3275 	1
3276 	1
3278 	1
3279 	1
3280 	1
3281 	1
3283 	1
3284 	1
3285 	1
3287 	1
3288 	1
3293 	1
3294 	1
3295 	1
3296 	1
3299 	1
3301 	1
3307 	1
3308 	1
3314 	1
3322 	1
3324 	1
3329 	1
3331 	1
3332 	1
3334 	1
3339 	1
3340 	1
3341 	1
3342 	1
3348 	1
3349 	1
3350 	1
3354 	1
3355 	1
3358 	1
3360 	1
3362 	1
3363 	1
3366 	1
3368 	1
3369 	1
3371 	1
3372 	1
3373 	1
3374 	1
3384 	1
3386 	1
3390 	1
3392 	1
3393 	1
3396 	1
3397 	1
3398 	1
3403 	1
3405 	1
3410 	1
3415 	1
3416 	1
3417 	1
3419 	1
3421 	1
3422 	1
3424 	1
3425 	1
3426 	1
3427 	1
3429 	1
3433 	1
3434 	1
3435 	1
3437 	1
3438 	1
3439 	1
3444 	1
3446 	1
3451 	1
3452 	1
3453 	1
3454 	1
3455 	1
3457 	1
3458 	1
3460 	1
3463 	1
3470 	1
3471 	1
3475 	1
3476 	1
3477 	1
3478 	1
3480 	1
3481 	1
3482 	1
3486 	1
3488 	1
3489 	1
3491 	1
3492 	1
3493 	1
3496 	1
3497 	1
3499 	1
3502 	1
3505 	1
3506 	1
3507 	1
3508 	1
3513 	1
3515 	1
3517 	1
3519 	1
3522 	1
3523 	1
3524 	1
3525 	1
3526 	1
3530 	1
3532 	1
3535 	1
3540 	1
3543 	1
3544 	1
3546 	1
3547 	1
3549 	1
3552 	1
3554 	1
3555 	1
3556 	1
3558 	1
3560 	1
3562 	1
3564 	1
3571 	1
3574 	1
3575 	1
3577 	1
3578 	1
3579 	1
3583 	1
3588 	1
3590 	1
3595 	1
3598 	1
3599 	1
3603 	1
3605 	1
3606 	1
3607 	1
3608 	1
3609 	1
3610 	1
3616 	1
3619 	1
3621 	1
3622 	1
3625 	1
3627 	1
3628 	1
3631 	1
3632 	1
3634 	1
3636 	1
3637 	1
3638 	1
3640 	1
3642 	1
3643 	1
3650 	1
3652 	1
3653 	1
3654 	1
3656 	1
3660 	1
3662 	1
3667 	1
3668 	1
3676 	1
3678 	1
3679 	1
3680 	1
3682 	1
3683 	1
3684 	1
3687 	1
3688 	1
3690 	1
3693 	1
3696 	1
3697 	1
3698 	1
3702 	1
3706 	1
3707 	1
3708 	1
3709 	1
3710 	1
3714 	1
3721 	1
3725 	1
3727 	1
3730 	1
3737 	1
3738 	1
3739 	1
3749 	1
3753 	1
3754 	1
3755 	1
3757 	1
3763 	1
3765 	1
3767 	1
3778 	1
3779 	1
3780 	1
3783 	1
3785 	1
3787 	1
3790 	1
3791 	1
3792 	1
3795 	1
3796 	1
3797 	1
3800 	1
3801 	1
3803 	1
3804 	1
3805 	1
3806 	1
3807 	1
3808 	1
3810 	1
3811 	1
3812 	1
3813 	1
3815 	1
3817 	1
3819 	1
3823 	1
3828 	1
3829 	1
3831 	1
3832 	1
3833 	1
3834 	1
3835 	1
3836 	1
3838 	1
3840 	1
3844 	1
3845 	1
3846 	1
3850 	1
3851 	1
3852 	1
3854 	1
3859 	1
3861 	1
3863 	1
3868 	1
3871 	1
3873 	1
3877 	1
3880 	1
3881 	1
3883 	1
3887 	1
3889 	1
3890 	1
3891 	1
3892 	1
3899 	1
3907 	1
3913 	1
3914 	1
3915 	1
3916 	1
3917 	1
3918 	1
3919 	1
3922 	1
3923 	1
3925 	1
3926 	1
3928 	1
3936 	1
3937 	1
3938 	1
3940 	1
3942 	1
3944 	1
3945 	1
3947 	1
3948 	1
3950 	1
3953 	1
3956 	1
3957 	1
3958 	1
3960 	1
3963 	1
3965 	1
3966 	1
3967 	1
3969 	1
3970 	1
3971 	1
3973 	1
3974 	1
3977 	1
3978 	1
3980 	1
3981 	1
3983 	1
3986 	1
3993 	1
3996 	1
3997 	1
3999 	1
4001 	1
4002 	1
4003 	1
4004 	1
4005 	1
4007 	1
4008 	1
4010 	1
4012 	1
4018 	1
4019 	1
4021 	1
4022 	1
4023 	1
4024 	1
4025 	1
4027 	1
4033 	1
4036 	1
4038 	1
4039 	1
4040 	1
4041 	1
4042 	1
4043 	1
4044 	1
4049 	1
4050 	1
4051 	1
4053 	1
4054 	1
4055 	1
4059 	1
4064 	1
4067 	1
4071 	1
4072 	1
4073 	1
4074 	1
4078 	1
4079 	1
4081 	1
4083 	1
4084 	1
4088 	1
4091 	1
4092 	1
4093 	1
4094 	1
4099 	1
4102 	1
4103 	1
4104 	1
4108 	1
4109 	1
4112 	1
4113 	1
4115 	1
4118 	1
4120 	1
4121 	1
4125 	1
4127 	1
4128 	1
4130 	1
4131 	1
4135 	1
4136 	1
4141 	1
4143 	1
4144 	1
4146 	1
4147 	1
4148 	1
4149 	1
4150 	1
4152 	1
4153 	1
4156 	1
4157 	1
4158 	1
4160 	1
4161 	1
4163 	1
4165 	1
4166 	1
4171 	1
4172 	1
4173 	1
4176 	1
4179 	1
4181 	1
4184 	1
4185 	1
4186 	1
4188 	1
4193 	1
4195 	1
4196 	1
4199 	1
4204 	1
4205 	1
4206 	1
4209 	1
4210 	1
4212 	1
4213 	1
4215 	1
4217 	1
4219 	1
4225 	1
4226 	1
4229 	1
4231 	1
4232 	1
4234 	1
4240 	1
4244 	1
4247 	1
4249 	1
4250 	1
4251 	1
4253 	1
4254 	1
4255 	1
4257 	1
4258 	1
4259 	1
4261 	1
4262 	1
4264 	1
4266 	1
4267 	1
4270 	1
4274 	1
4277 	1
4279 	1
4286 	1
4287 	1
4289 	1
4291 	1
4293 	1
4295 	1
4296 	1
4302 	1
4303 	1
4305 	1
4307 	1
4311 	1
4313 	1
4315 	1
4316 	1
4318 	1
4321 	1
4325 	1
4328 	1
4329 	1
4332 	1
4333 	1
4337 	1
4338 	1
4341 	1
4342 	1
4346 	1
4349 	1
4351 	1
4352 	1
4353 	1
4357 	1
4359 	1
4360 	1
4362 	1
4363 	1
4366 	1
4369 	1
4370 	1
4371 	1
4374 	1
4379 	1
4382 	1
4384 	1
4385 	1
4389 	1
4394 	1
4395 	1
4398 	1
4400 	1
4404 	1
4407 	1
4413 	1
4415 	1
4416 	1
4417 	1
4419 	1
4423 	1
4425 	1
4427 	1
4431 	1
4432 	1
4434 	1
4436 	1
4437 	1
4441 	1
4442 	1
4445 	1
4446 	1
4448 	1
4449 	1
4451 	1
4454 	1
4456 	1
4457 	1
4459 	1
4460 	1
4462 	1
4463 	1
4466 	1
4467 	1
4468 	1
4472 	1
4473 	1
4474 	1
4475 	1
4476 	1
4477 	1
4480 	1
4485 	1
4486 	1
4491 	1
4493 	1
4495 	1
4496 	1
4499 	1
4500 	1
4504 	1
4510 	1
4511 	1
4515 	1
4519 	1
4520 	1
4522 	1
4523 	1
4526 	1
4527 	1
4529 	1
4530 	1
4532 	1
4534 	1
4542 	1
4550 	1
4551 	1
4552 	1
4556 	1
4557 	1
4558 	1
4559 	1
4560 	1
4562 	1
4565 	1
4567 	1
4569 	1
4570 	1
4571 	1
4572 	1
4573 	1
4574 	1
4575 	1
4577 	1
4578 	1
4579 	1
4582 	1
4588 	1
4593 	1
4594 	1
4597 	1
4600 	1
4602 	1
4609 	1
4610 	1
4611 	1
4615 	1
4616 	1
4618 	1
4623 	1
4624 	1
4626 	1
4627 	1
4630 	1
4632 	1
4634 	1
4635 	1
4638 	1
4643 	1
4646 	1
4647 	1
4648 	1
4652 	1
4653 	1
4654 	1
4656 	1
4657 	1
4658 	1
4661 	1
4662 	1
4666 	1
4668 	1
4669 	1
4672 	1
4673 	1
4677 	1
4680 	1
4682 	1
4683 	1
4685 	1
4687 	1
4688 	1
4695 	1
4696 	1
4697 	1
4698 	1
4699 	1
4705 	1
4706 	1
4708 	1
4714 	1
4717 	1
4718 	1
4719 	1
4721 	1
4725 	1
4726 	1
4727 	1
4728 	1
4729 	1
4733 	1
4735 	1
4736 	1
4737 	1
4739 	1
4740 	1
4742 	1
4744 	1
4745 	1
4750 	1
4751 	1
4753 	1
4756 	1
4759 	1
4760 	1
4761 	1
4762 	1
4764 	1
4765 	1
4768 	1
4770 	1
4771 	1
4772 	1
4773 	1
4775 	1
4776 	1
4777 	1
4779 	1
4781 	1
4785 	1
4787 	1
4788 	1
4790 	1
4797 	1
4800 	1
4801 	1
4805 	1
4806 	1
4808 	1
4811 	1
4813 	1
4815 	1
4816 	1
4818 	1
4819 	1
4820 	1
4822 	1
4823 	1
4826 	1
4829 	1
4830 	1
4833 	1
4834 	1
4835 	1
4837 	1
4838 	1
4839 	1
4843 	1
4844 	1
4846 	1
4847 	1
4848 	1
4851 	1
4854 	1
4857 	1
4858 	1
4859 	1
4860 	1
4863 	1
4866 	1
4867 	1
4868 	1
4870 	1
4871 	1
4872 	1
4874 	1
4875 	1
4876 	1
4877 	1
4879 	1
4880 	1
4883 	1
4884 	1
4885 	1
4888 	1
4889 	1
4890 	1
4892 	1
4894 	1
4896 	1
4897 	1
4898 	1
4900 	1
4901 	1
4903 	1
4911 	1
4913 	1
4915 	1
4916 	1
4917 	1
4918 	1
4920 	1
4922 	1
4923 	1
4924 	1
4928 	1
4930 	1
4932 	1
4933 	1
4934 	1
4936 	1
4937 	1
4939 	1
4940 	1
4942 	1
4946 	1
4949 	1
4951 	1
4952 	1
4953 	1
4955 	1
4956 	1
4957 	1
4958 	1
4959 	1
4960 	1
4966 	1
4969 	1
4972 	1
4976 	1
4977 	1
4979 	1
4984 	1
4987 	1
4992 	1
4995 	1
5001 	1
5002 	1
5003 	1
5004 	1
5005 	1
5006 	1
5007 	1
5013 	1
5014 	1
5018 	1
5022 	1
5024 	1
5025 	1
5026 	1
5029 	1
5031 	1
5035 	1
5038 	1
5041 	1
5047 	1
5048 	1
5050 	1
5052 	1
5053 	1
5054 	1
5055 	1
5060 	1
5061 	1
5064 	1
5067 	1
5070 	1
5072 	1
5076 	1
5080 	1
5085 	1
5086 	1
5087 	1
5090 	1
5095 	1
5097 	1
5099 	1
5100 	1
5105 	1
5118 	1
5120 	1
5121 	1
5124 	1
5127 	1
5128 	1
5130 	1
5131 	1
5132 	1
5136 	1
5137 	1
5138 	1
5142 	1
5143 	1
5145 	1
5147 	1
5152 	1
5153 	1
5155 	1
5159 	1
5161 	1
5162 	1
5163 	1
5166 	1
5169 	1
5170 	1
5171 	1
5172 	1
5173 	1
5174 	1
5175 	1
5176 	1
5185 	1
5186 	1
5188 	1
5189 	1
5191 	1
5193 	1
5197 	1
5198 	1
5200 	1
5202 	1
5204 	1
5206 	1
5207 	1
5208 	1
5209 	1
5212 	1
5214 	1
5215 	1
5221 	1
5224 	1
5225 	1
5228 	1
5229 	1
5236 	1
5239 	1
5240 	1
5241 	1
5243 	1
5244 	1
5246 	1
5247 	1
5248 	1
5250 	1
5251 	1
5252 	1
5253 	1
5254 	1
5255 	1
5258 	1
5259 	1
5262 	1
5265 	1
5266 	1
5270 	1
5271 	1
5273 	1
5278 	1
5281 	1
5283 	1
5284 	1
5286 	1
5287 	1
5289 	1
5297 	1
5306 	1
5308 	1
5309 	1
5311 	1
5313 	1
5316 	1
5318 	1
5319 	1
5321 	1
5322 	1
5325 	1
5328 	1
5329 	1
5330 	1
5331 	1
5336 	1
5338 	1
5339 	1
5340 	1
5341 	1
5343 	1
5344 	1
5345 	1
5349 	1
5350 	1
5351 	1
5352 	1
5353 	1
5354 	1
5355 	1
5357 	1
5358 	1
5359 	1
5360 	1
5363 	1
5369 	1
5372 	1
5373 	1
5374 	1
5376 	1
5379 	1
5381 	1
5382 	1
5388 	1
5391 	1
5393 	1
5395 	1
5396 	1
5397 	1
5399 	1
5400 	1
5402 	1
5404 	1
5407 	1
5410 	1
5411 	1
5413 	1
5414 	1
5415 	1
5419 	1
5421 	1
5424 	1
5429 	1
5430 	1
5431 	1
5433 	1
5434 	1
5435 	1
5436 	1
5438 	1
5441 	1
5442 	1
5444 	1
5446 	1
5447 	1
5448 	1
5449 	1
5450 	1
5451 	1
5452 	1
5454 	1
5456 	1
5458 	1
5461 	1
5463 	1
5464 	1
5465 	1
5466 	1
5470 	1
5471 	1
5475 	1
5479 	1
5480 	1
5481 	1
5483 	1
5484 	1
5485 	1
5488 	1
5489 	1
5490 	1
5491 	1
5492 	1
5493 	1
5494 	1
5495 	1
5496 	1
5497 	1
5498 	1
5500 	1
5506 	1
5510 	1
5511 	1
5512 	1
5514 	1
5516 	1
5522 	1
5524 	1
5526 	1
5527 	1
5530 	1
5531 	1
5532 	1
5534 	1
5539 	1
5540 	1
5542 	1
5543 	1
5545 	1
5548 	1
5549 	1
5550 	1
5552 	1
5554 	1
5556 	1
5558 	1
5560 	1
5561 	1
5563 	1
5566 	1
5570 	1
5572 	1
5573 	1
5579 	1
5580 	1
5582 	1
5583 	1
5585 	1
5586 	1
5587 	1
5588 	1
5589 	1
5591 	1
5592 	1
5593 	1
5595 	1
5598 	1
5600 	1
5603 	1
5604 	1
5606 	1
5610 	1
5613 	1
5615 	1
5616 	1
5617 	1
5618 	1
5620 	1
5623 	1
5630 	1
5634 	1
5635 	1
5639 	1
5642 	1
5645 	1
5648 	1
5649 	1
5650 	1
5655 	1
5660 	1
5661 	1
5667 	1
5670 	1
5671 	1
5674 	1
5680 	1
5682 	1
5683 	1
5684 	1
5685 	1
5688 	1
5694 	1
5695 	1
5696 	1
5701 	1
5703 	1
5707 	1
5711 	1
5714 	1
5715 	1
5716 	1
5717 	1
5723 	1
5724 	1
5725 	1
5727 	1
5729 	1
5730 	1
5732 	1
5738 	1
5744 	1
5747 	1
5748 	1
5751 	1
5754 	1
5755 	1
5756 	1
5757 	1
5758 	1
5759 	1
5760 	1
5762 	1
5763 	1
5767 	1
5768 	1
5772 	1
5773 	1
5776 	1
5779 	1
5783 	1
5785 	1
5790 	1
5791 	1
5793 	1
5796 	1
5797 	1
5800 	1
5801 	1
5803 	1
5808 	1
5809 	1
5811 	1
5812 	1
5813 	1
5818 	1
5819 	1
5821 	1
5822 	1
5826 	1
5827 	1
5829 	1
5832 	1
5833 	1
5835 	1
5838 	1
5839 	1
5842 	1
5844 	1
5846 	1
5848 	1
5849 	1
5850 	1
5851 	1
5855 	1
5862 	1
5863 	1
5864 	1
5866 	1
5868 	1
5871 	1
5874 	1
5875 	1
5878 	1
5879 	1
5880 	1
5881 	1
5883 	1
5885 	1
5887 	1
5889 	1
5891 	1
5892 	1
5893 	1
5896 	1
5898 	1
5900 	1
5902 	1
5908 	1
5909 	1
5910 	1
5914 	1
5916 	1
5918 	1
5920 	1
5922 	1
5923 	1
5924 	1
5930 	1
5932 	1
5933 	1
5939 	1
5940 	1
5947 	1
5949 	1
5951 	1
5954 	1
5955 	1
5958 	1
5959 	1
5960 	1
5966 	1
5968 	1
5969 	1
5970 	1
5971 	1
5973 	1
5978 	1
5979 	1
5981 	1
5983 	1
5984 	1
5985 	1
5986 	1
5987 	1
5992 	1
5993 	1
5994 	1
5996 	1
5997 	1
5998 	1
5999 	1
6000 	1
6003 	1
6004 	1
6005 	1
6006 	1
6010 	1
6012 	1
6015 	1
6016 	1
6025 	1
6026 	1
6027 	1
6028 	1
6029 	1
6030 	1
6031 	1
6032 	1
6034 	1
6039 	1
6041 	1
6042 	1
6043 	1
6044 	1
6047 	1
6049 	1
6050 	1
6055 	1
6058 	1
6059 	1
6061 	1
6065 	1
6066 	1
6067 	1
6068 	1
6071 	1
6072 	1
6073 	1
6074 	1
6075 	1
6079 	1
6080 	1
6081 	1
6082 	1
6086 	1
6087 	1
6090 	1
6093 	1
6094 	1
6095 	1
6100 	1
6101 	1
6102 	1
6103 	1
6104 	1
6105 	1
6110 	1
6111 	1
6112 	1
6116 	1
6123 	1
6126 	1
6131 	1
6139 	1
6140 	1
6143 	1
6144 	1
6146 	1
6147 	1
6148 	1
6149 	1
6151 	1
6153 	1
6154 	1
6156 	1
6157 	1
6158 	1
6173 	1
6174 	1
6176 	1
6179 	1
6180 	1
6181 	1
6182 	1
6189 	1
6192 	1
6193 	1
6197 	1
6198 	1
6200 	1
6201 	1
6202 	1
6205 	1
6207 	1
6208 	1
6211 	1
6213 	1
6214 	1
6215 	1
6216 	1
6217 	1
6219 	1
6222 	1
6226 	1
6231 	1
6235 	1
6238 	1
6239 	1
6240 	1
6242 	1
6244 	1
6245 	1
6246 	1
6248 	1
6249 	1
6251 	1
6252 	1
6253 	1
6256 	1
6257 	1
6258 	1
6260 	1
6261 	1
6262 	1
6265 	1
6266 	1
6269 	1
6273 	1
6275 	1
6277 	1
6279 	1
6280 	1
6281 	1
6282 	1
6283 	1
6284 	1
6285 	1
6286 	1
6287 	1
6290 	1
6292 	1
6294 	1
6296 	1
6297 	1
6299 	1
6300 	1
6302 	1
6303 	1
6304 	1
6306 	1
6307 	1
6311 	1
6312 	1
6314 	1
6321 	1
6322 	1
6324 	1
6325 	1
6326 	1
6329 	1
6334 	1
6337 	1
6338 	1
6339 	1
6340 	1
6344 	1
6345 	1
6347 	1
6348 	1
6352 	1
6353 	1
6354 	1
6358 	1
6359 	1
6360 	1
6369 	1
6370 	1
6371 	1
6373 	1
6375 	1
6380 	1
6382 	1
6383 	1
6385 	1
6390 	1
6391 	1
6392 	1
6394 	1
6396 	1
6399 	1
6400 	1
6402 	1
6403 	1
6404 	1
6407 	1
6408 	1
6409 	1
6410 	1
6411 	1
6412 	1
6415 	1
6416 	1
6417 	1
6419 	1
6421 	1
6422 	1
6423 	1
6424 	1
6425 	1
6428 	1
6430 	1
6433 	1
6434 	1
6436 	1
6437 	1
6439 	1
6441 	1
6442 	1
6444 	1
6446 	1
6448 	1
6450 	1
6452 	1
6454 	1
6461 	1
6465 	1
6468 	1
6470 	1
6473 	1
6474 	1
6475 	1
6476 	1
6479 	1
6482 	1
6483 	1
6484 	1
6486 	1
6487 	1
6492 	1
6493 	1
6494 	1
6495 	1
6496 	1
6499 	1
6500 	1
6501 	1
6502 	1
6503 	1
6505 	1
6508 	1
6511 	1
6513 	1
6521 	1
6522 	1
6523 	1
6526 	1
6532 	1
6534 	1
6536 	1
6537 	1
6538 	1
6539 	1
6540 	1
6542 	1
6544 	1
6549 	1
6550 	1
6551 	1
6552 	1
6554 	1
6555 	1
6556 	1
6558 	1
6560 	1
6563 	1
6565 	1
6566 	1
6568 	1
6571 	1
6573 	1
6576 	1
6577 	1
6579 	1
6580 	1
6581 	1
6584 	1
6588 	1
6591 	1
6595 	1
6598 	1
6599 	1
6600 	1
6601 	1
6602 	1
6604 	1
6609 	1
6610 	1
6611 	1
6613 	1
6614 	1
6616 	1
6618 	1
6621 	1
6622 	1
6624 	1
6625 	1
6626 	1
6628 	1
6629 	1
6631 	1
6634 	1
6635 	1
6638 	1
6639 	1
6642 	1
6643 	1
6647 	1
6654 	1
6655 	1
6658 	1
6661 	1
6665 	1
6666 	1
6669 	1
6679 	1
6681 	1
6684 	1
6688 	1
6690 	1
6694 	1
6695 	1
6697 	1
6698 	1
6699 	1
6702 	1
6704 	1
6708 	1
6712 	1
6713 	1
6716 	1
6717 	1
6718 	1
6723 	1
6724 	1
6725 	1
6726 	1
6727 	1
6729 	1
6731 	1
6733 	1
6734 	1
6737 	1
6739 	1
6742 	1
6743 	1
6746 	1
6748 	1
6749 	1
6755 	1
6757 	1
6762 	1
6764 	1
6766 	1
6770 	1
6772 	1
6773 	1
6774 	1
6775 	1
6777 	1
6778 	1
6779 	1
6781 	1
6789 	1
6795 	1
6796 	1
6799 	1
6800 	1
6802 	1
6804 	1
6805 	1
6808 	1
6812 	1
6816 	1
6817 	1
6819 	1
6821 	1
6822 	1
6824 	1
6825 	1
6833 	1
6836 	1
6837 	1
6842 	1
6843 	1
6844 	1
6845 	1
6846 	1
6847 	1
6848 	1
6849 	1
6850 	1
6852 	1
6856 	1
6859 	1
6860 	1
6862 	1
6865 	1
6866 	1
6868 	1
6871 	1
6877 	1
6881 	1
6883 	1
6884 	1
6885 	1
6887 	1
6889 	1
6890 	1
6895 	1
6897 	1
6899 	1
6902 	1
6906 	1
6908 	1
6909 	1
6912 	1
6913 	1
6914 	1
6918 	1
6919 	1
6923 	1
6924 	1
6926 	1
6927 	1
6928 	1
6930 	1
6933 	1
6934 	1
6939 	1
6942 	1
6944 	1
6945 	1
6946 	1
6948 	1
6949 	1
6951 	1
6952 	1
6953 	1
6954 	1
6955 	1
6956 	1
6957 	1
6959 	1
6960 	1
6962 	1
6964 	1
6965 	1
6967 	1
6968 	1
6971 	1
6972 	1
6973 	1
6975 	1
6976 	1
6979 	1
6980 	1
6981 	1
6982 	1
6986 	1
6988 	1
6989 	1
6990 	1
6992 	1
6993 	1
6999 	1
7001 	1
7003 	1
7004 	1
7005 	1
7007 	1
7008 	1
7010 	1
7011 	1
7012 	1
7017 	1
7025 	1
7027 	1
7028 	1
7030 	1
7032 	1
7036 	1
7037 	1
7039 	1
7041 	1
7045 	1
7047 	1
7049 	1
7052 	1
7054 	1
7056 	1
7059 	1
7062 	1
7063 	1
7067 	1
7068 	1
7070 	1
7072 	1
7075 	1
7081 	1
7082 	1
7087 	1
7091 	1
7094 	1
7098 	1
7099 	1
7102 	1
7103 	1
7104 	1
7105 	1
7109 	1
7110 	1
7113 	1
7117 	1
7118 	1
7122 	1
7123 	1
7125 	1
7126 	1
7127 	1
7128 	1
7130 	1
7131 	1
7132 	1
7137 	1
7138 	1
7141 	1
7142 	1
7143 	1
7146 	1
7148 	1
7156 	1
7157 	1
7158 	1
7164 	1
7166 	1
7168 	1
7169 	1
7171 	1
7172 	1
7176 	1
7178 	1
7182 	1
7183 	1
7185 	1
7186 	1
7188 	1
7190 	1
7192 	1
7193 	1
7196 	1
7197 	1
7200 	1
7202 	1
7203 	1
7205 	1
7207 	1
7208 	1
7213 	1
7215 	1
7217 	1
7222 	1
7223 	1
7224 	1
7226 	1
7227 	1
7228 	1
7230 	1
7231 	1
7233 	1
7234 	1
7237 	1
7240 	1
7249 	1
7250 	1
7253 	1
7254 	1
7256 	1
7257 	1
7258 	1
7260 	1
7261 	1
7262 	1
7264 	1
7266 	1
7267 	1
7269 	1
7271 	1
7275 	1
7277 	1
7278 	1
7284 	1
7286 	1
7287 	1
7288 	1
7293 	1
7294 	1
7297 	1
7298 	1
7299 	1
7305 	1
7306 	1
7308 	1
7311 	1
7313 	1
7315 	1
7317 	1
7319 	1
7320 	1
7321 	1
7327 	1
7328 	1
7329 	1
7333 	1
7334 	1
7336 	1
7337 	1
7339 	1
7341 	1
7342 	1
7343 	1
7347 	1
7348 	1
7357 	1
7362 	1
7363 	1
7365 	1
7367 	1
7370 	1
7375 	1
7376 	1
7380 	1
7381 	1
7382 	1
7383 	1
7385 	1
7386 	1
7388 	1
7389 	1
7391 	1
7394 	1
7395 	1
7397 	1
7398 	1
7400 	1
7403 	1
7404 	1
7411 	1
7412 	1
7414 	1
7415 	1
7417 	1
7421 	1
7422 	1
7423 	1
7424 	1
7425 	1
7426 	1
7427 	1
7428 	1
7429 	1
7431 	1
7432 	1
7433 	1
7434 	1
7436 	1
7437 	1
7440 	1
7441 	1
7442 	1
7444 	1
7445 	1
7446 	1
7447 	1
7448 	1
7449 	1
7450 	1
7452 	1
7453 	1
7454 	1
7455 	1
7456 	1
7457 	1
7458 	1
7465 	1
7466 	1
7468 	1
7469 	1
7471 	1
7473 	1
7474 	1
7476 	1
7480 	1
7483 	1
7484 	1
7485 	1
7486 	1
7487 	1
7490 	1
7491 	1
7495 	1
7497 	1
7499 	1
7503 	1
7506 	1
7510 	1
7511 	1
7513 	1
7516 	1
7518 	1
7519 	1
7520 	1
7521 	1
7527 	1
7528 	1
7529 	1
7530 	1
7533 	1
7535 	1
7536 	1
7539 	1
7540 	1
7543 	1
7546 	1
7552 	1
7554 	1
7557 	1
7558 	1
7560 	1
7561 	1
7566 	1
7567 	1
7568 	1
7569 	1
7570 	1
7572 	1
7574 	1
7575 	1
7577 	1
7578 	1
7579 	1
7580 	1
7581 	1
7584 	1
7585 	1
7586 	1
7588 	1
7590 	1
7594 	1
7595 	1
7600 	1
7601 	1
7607 	1
7611 	1
7612 	1
7613 	1
7615 	1
7617 	1
7620 	1
7624 	1
7626 	1
7627 	1
7628 	1
7631 	1
7638 	1
7640 	1
7641 	1
7643 	1
7645 	1
7647 	1
7650 	1
7651 	1
7653 	1
7658 	1
7660 	1
7661 	1
7662 	1
7663 	1
7665 	1
7666 	1
7668 	1
7670 	1
7671 	1
7677 	1
7678 	1
7679 	1
7681 	1
7683 	1
7684 	1
7685 	1
7687 	1
7689 	1
7690 	1
7692 	1
7695 	1
7696 	1
7700 	1
7702 	1
7703 	1
7704 	1
7706 	1
7707 	1
7709 	1
7710 	1
7712 	1
7713 	1
7714 	1
7717 	1
7719 	1
7720 	1
7722 	1
7724 	1
7725 	1
7728 	1
7731 	1
7732 	1
7735 	1
7736 	1
7738 	1
7740 	1
7742 	1
7744 	1
7749 	1
7752 	1
7753 	1
7754 	1
7755 	1
7758 	1
7760 	1
7761 	1
7764 	1
7767 	1
7769 	1
7770 	1
7773 	1
7774 	1
7779 	1
7780 	1
7781 	1
7785 	1
7786 	1
7788 	1
7789 	1
7791 	1
7793 	1
7794 	1
7795 	1
7796 	1
7797 	1
7798 	1
7802 	1
7803 	1
7806 	1
7807 	1
7812 	1
7814 	1
7815 	1
7819 	1
7820 	1
7821 	1
7822 	1
7826 	1
7827 	1
7829 	1
7834 	1
7836 	1
7837 	1
7838 	1
7843 	1
7845 	1
7847 	1
7848 	1
7849 	1
7850 	1
7853 	1
7859 	1
7860 	1
7862 	1
7863 	1
7866 	1
7867 	1
7869 	1
7870 	1
7872 	1
7873 	1
7875 	1
7876 	1
7877 	1
7884 	1
7885 	1
7886 	1
7887 	1
7888 	1
7891 	1
7893 	1
7898 	1
7900 	1
7902 	1
7904 	1
7905 	1
7906 	1
7910 	1
7913 	1
7914 	1
7915 	1
7917 	1
7919 	1
7922 	1
7924 	1
7925 	1
7926 	1
7927 	1
7928 	1
7929 	1
7931 	1
7934 	1
7936 	1
7937 	1
7938 	1
7940 	1
7943 	1
7947 	1
7948 	1
7949 	1
7951 	1
7956 	1
7961 	1
7964 	1
7965 	1
7967 	1
7968 	1
7972 	1
7976 	1
7978 	1
7980 	1
7982 	1
7983 	1
7987 	1
7989 	1
7993 	1
7995 	1
8000 	1
8003 	1
8006 	1
8008 	1
8010 	1
8011 	1
8013 	1
8015 	1
8016 	1
8018 	1
8023 	1
8025 	1
8028 	1
8029 	1
8034 	1
8035 	1
8036 	1
8038 	1
8039 	1
8042 	1
8046 	1
8050 	1
8053 	1
8056 	1
8059 	1
8066 	1
8067 	1
8068 	1
8070 	1
8073 	1
8074 	1
8075 	1
8080 	1
8083 	1
8085 	1
8087 	1
8089 	1
8090 	1
8091 	1
8093 	1
8094 	1
8105 	1
8106 	1
8107 	1
8108 	1
8116 	1
8118 	1
8120 	1
8121 	1
8124 	1
8125 	1
8129 	1
8133 	1
8135 	1
8136 	1
8137 	1
8138 	1
8139 	1
8140 	1
8143 	1
8147 	1
8148 	1
8149 	1
8150 	1
8152 	1
8156 	1
8158 	1
8159 	1
8160 	1
8161 	1
8163 	1
8164 	1
8166 	1
8167 	1
8168 	1
8171 	1
8173 	1
8174 	1
8175 	1
8177 	1
8178 	1
8181 	1
8182 	1
8183 	1
8188 	1
8189 	1
8194 	1
8195 	1
8198 	1
8199 	1
8200 	1
8201 	1
8205 	1
8206 	1
8207 	1
8210 	1
8213 	1
8216 	1
8219 	1
8223 	1
8225 	1
8226 	1
8227 	1
8228 	1
8230 	1
8233 	1
8234 	1
8235 	1
8236 	1
8237 	1
8242 	1
8247 	1
8251 	1
8255 	1
8257 	1
8258 	1
8259 	1
8260 	1
8262 	1
8266 	1
8267 	1
8271 	1
8273 	1
8274 	1
8276 	1
8277 	1
8279 	1
8281 	1
8282 	1
8283 	1
8285 	1
8286 	1
8288 	1
8289 	1
8292 	1
8294 	1
8296 	1
8299 	1
8303 	1
8308 	1
8309 	1
8311 	1
8312 	1
8313 	1
8314 	1
8315 	1
8318 	1
8319 	1
8321 	1
8322 	1
8327 	1
8329 	1
8333 	1
8334 	1
8337 	1
8340 	1
8341 	1
8342 	1
8345 	1
8347 	1
8350 	1
8351 	1
8352 	1
8353 	1
8354 	1
8355 	1
8356 	1
8358 	1
8359 	1
8361 	1
8362 	1
8363 	1
8364 	1
8366 	1
8367 	1
8370 	1
8371 	1
8374 	1
8377 	1
8378 	1
8380 	1
8383 	1
8384 	1
8385 	1
8392 	1
8393 	1
8396 	1
8398 	1
8406 	1
8408 	1
8410 	1
8417 	1
8418 	1
8419 	1
8425 	1
8427 	1
8428 	1
8430 	1
8431 	1
8432 	1
8436 	1
8437 	1
8438 	1
8439 	1
8440 	1
8442 	1
8443 	1
8444 	1
8447 	1
8449 	1
8450 	1
8451 	1
8452 	1
8453 	1
8459 	1
8462 	1
8464 	1
8467 	1
8472 	1
8475 	1
8479 	1
8480 	1
8481 	1
8482 	1
8487 	1
8488 	1
8489 	1
8490 	1
8493 	1
8494 	1
8496 	1
8498 	1
8499 	1
8500 	1
8501 	1
8503 	1
8505 	1
8506 	1
8507 	1
8508 	1
8509 	1
8511 	1
8515 	1
8516 	1
8518 	1
8519 	1
8520 	1
8522 	1
8523 	1
8526 	1
8528 	1
8529 	1
8530 	1
8531 	1
8533 	1
8534 	1
8536 	1
8538 	1
8539 	1
8540 	1
8541 	1
8542 	1
8549 	1
8551 	1
8552 	1
8553 	1
8554 	1
8556 	1
8558 	1
8559 	1
8561 	1
8562 	1
8566 	1
8571 	1
8572 	1
8573 	1
8574 	1
8575 	1
8577 	1
8578 	1
8581 	1
8586 	1
8589 	1
8590 	1
8591 	1
8596 	1
8598 	1
8603 	1
8604 	1
8609 	1
8610 	1
8613 	1
8614 	1
8617 	1
8618 	1
8619 	1
8620 	1
8622 	1
8623 	1
8624 	1
8628 	1
8629 	1
8630 	1
8633 	1
8634 	1
8635 	1
8642 	1
8644 	1
8646 	1
8648 	1
8649 	1
8651 	1
8652 	1
8654 	1
8655 	1
8662 	1
8663 	1
8666 	1
8667 	1
8668 	1
8669 	1
8672 	1
8675 	1
8677 	1
8680 	1
8683 	1
8684 	1
8685 	1
8686 	1
8687 	1
8688 	1
8689 	1
8690 	1
8691 	1
8694 	1
8696 	1
8698 	1
8701 	1
8705 	1
8708 	1
8710 	1
8711 	1
8712 	1
8713 	1
8714 	1
8715 	1
8716 	1
8724 	1
8725 	1
8727 	1
8729 	1
8730 	1
8731 	1
8733 	1
8734 	1
8735 	1
8740 	1
8747 	1
8749 	1
8750 	1
8752 	1
8753 	1
8758 	1
8760 	1
8761 	1
8763 	1
8764 	1
8765 	1
8767 	1
8770 	1
8772 	1
8777 	1
8779 	1
8780 	1
8783 	1
8784 	1
8786 	1
8791 	1
8792 	1
8794 	1
8797 	1
8798 	1
8800 	1
8801 	1
8803 	1
8806 	1
8807 	1
8809 	1
8813 	1
8814 	1
8815 	1
8816 	1
8818 	1
8819 	1
8820 	1
8821 	1
8825 	1
8826 	1
8832 	1
8834 	1
8836 	1
8838 	1
8839 	1
8840 	1
8842 	1
8847 	1
8849 	1
8851 	1
8852 	1
8853 	1
8856 	1
8857 	1
8861 	1
8863 	1
8864 	1
8865 	1
8866 	1
8867 	1
8869 	1
8870 	1
8872 	1
8873 	1
8874 	1
8878 	1
8880 	1
8882 	1
8884 	1
8885 	1
8886 	1
8888 	1
8893 	1
8895 	1
8898 	1
8900 	1
8902 	1
8905 	1
8906 	1
8908 	1
8910 	1
8912 	1
8915 	1
8917 	1
8918 	1
8920 	1
8927 	1
8928 	1
8929 	1
8930 	1
8933 	1
8935 	1
8936 	1
8939 	1
8940 	1
8948 	1
8949 	1
8950 	1
8953 	1
8954 	1
8955 	1
8957 	1
8958 	1
8961 	1
8963 	1
8965 	1
8966 	1
8967 	1
8968 	1
8970 	1
8971 	1
8972 	1
8975 	1
8976 	1
8978 	1
8982 	1
8985 	1
8986 	1
8992 	1
8994 	1
8995 	1
8997 	1
9002 	1
9003 	1
9007 	1
9009 	1
9010 	1
9021 	1
9023 	1
9025 	1
9031 	1
9033 	1
9034 	1
9035 	1
9038 	1
9042 	1
9043 	1
9045 	1
9046 	1
9048 	1
9052 	1
9053 	1
9056 	1
9057 	1
9061 	1
9063 	1
9064 	1
9070 	1
9074 	1
9075 	1
9076 	1
9077 	1
9081 	1
9082 	1
9083 	1
9086 	1
9088 	1
9090 	1
9092 	1
9096 	1
9105 	1
9108 	1
9111 	1
9113 	1
9114 	1
9117 	1
9119 	1
9120 	1
9121 	1
9122 	1
9124 	1
9125 	1
9126 	1
9128 	1
9129 	1
9134 	1
9136 	1
9138 	1
9139 	1
9140 	1
9142 	1
9143 	1
9144 	1
9146 	1
9148 	1
9153 	1
9154 	1
9155 	1
9156 	1
9161 	1
9162 	1
9165 	1
9166 	1
9167 	1
9169 	1
9170 	1
9171 	1
9172 	1
9173 	1
9175 	1
9178 	1
9182 	1
9183 	1
9188 	1
9189 	1
9191 	1
9192 	1
9193 	1
9196 	1
9198 	1
9199 	1
9200 	1
9202 	1
9203 	1
9204 	1
9208 	1
9210 	1
9213 	1
9215 	1
9216 	1
9217 	1
9218 	1
9220 	1
9221 	1
9222 	1
9223 	1
9224 	1
9227 	1
9228 	1
9230 	1
9231 	1
9233 	1
9235 	1
9236 	1
9237 	1
9238 	1
9241 	1
9244 	1
9247 	1
9253 	1
9254 	1
9259 	1
9260 	1
9261 	1
9262 	1
9265 	1
9266 	1
9268 	1
9271 	1
9272 	1
9273 	1
9274 	1
9278 	1
9279 	1
9281 	1
9282 	1
9284 	1
9288 	1
9293 	1
9297 	1
9299 	1
9305 	1
9307 	1
9311 	1
9312 	1
9314 	1
9317 	1
9321 	1
9324 	1
9327 	1
9336 	1
9344 	1
9346 	1
9348 	1
9359 	1
9362 	1
9363 	1
9364 	1
9365 	1
9367 	1
9368 	1
9372 	1
9378 	1
9380 	1
9381 	1
9383 	1
9386 	1
9389 	1
9390 	1
9391 	1
9398 	1
9402 	1
9407 	1
9408 	1
9409 	1
9412 	1
9414 	1
9415 	1
9422 	1
9426 	1
9428 	1
9429 	1
9431 	1
9439 	1
9440 	1
9442 	1
9444 	1
9448 	1
9449 	1
9450 	1
9453 	1
9454 	1
9455 	1
9457 	1
9460 	1
9462 	1
9464 	1
9466 	1
9467 	1
9470 	1
9471 	1
9475 	1
9478 	1
9479 	1
9483 	1
9486 	1
9487 	1
9489 	1
9491 	1
9492 	1
9495 	1
9497 	1
9499 	1
9500 	1
9501 	1
9503 	1
9504 	1
9507 	1
9511 	1
9514 	1
9517 	1
9518 	1
9519 	1
9520 	1
9521 	1
9523 	1
9524 	1
9525 	1
9526 	1
9529 	1
9532 	1
9534 	1
9536 	1
9537 	1
9539 	1
9540 	1
9541 	1
9544 	1
9545 	1
9546 	1
9547 	1
9548 	1
9552 	1
9555 	1
9556 	1
9557 	1
9558 	1
9561 	1
9562 	1
9563 	1
9565 	1
9567 	1
9568 	1
9569 	1
9570 	1
9571 	1
9573 	1
9575 	1
9577 	1
9578 	1
9579 	1
9580 	1
9581 	1
9584 	1
9585 	1
9586 	1
9589 	1
9592 	1
9594 	1
9596 	1
9598 	1
9603 	1
9604 	1
9607 	1
9608 	1
9609 	1
9615 	1
9620 	1
9623 	1
9625 	1
9626 	1
9631 	1
9633 	1
9634 	1
9635 	1
9636 	1
9641 	1
9643 	1
9644 	1
9647 	1
9650 	1
9654 	1
9657 	1
9658 	1
9659 	1
9661 	1
9665 	1
9666 	1
9669 	1
9670 	1
9672 	1
9673 	1
9677 	1
9678 	1
9679 	1
9683 	1
9691 	1
9692 	1
9693 	1
9695 	1
9696 	1
9697 	1
9698 	1
9701 	1
9703 	1
9704 	1
9705 	1
9706 	1
9707 	1
9709 	1
9710 	1
9712 	1
9714 	1
9716 	1
9717 	1
9718 	1
9720 	1
9722 	1
9724 	1
9728 	1
9730 	1
9731 	1
9732 	1
9733 	1
9736 	1
9748 	1
9749 	1
9750 	1
9751 	1
9758 	1
9762 	1
9770 	1
9774 	1
9775 	1
9777 	1
9778 	1
9781 	1
9782 	1
9783 	1
9786 	1
9790 	1
9791 	1
9793 	1
9795 	1
9796 	1
9798 	1
9800 	1
9804 	1
9808 	1
9809 	1
9810 	1
9812 	1
9819 	1
9820 	1
9822 	1
9824 	1
9827 	1
9828 	1
9831 	1
9834 	1
9836 	1
9838 	1
9840 	1
9841 	1
9842 	1
9844 	1
9847 	1
9848 	1
9850 	1
9854 	1
9855 	1
9857 	1
9863 	1
9866 	1
9868 	1
9872 	1
9876 	1
9879 	1
9882 	1
9884 	1
9888 	1
9892 	1
9893 	1
9895 	1
9897 	1
9899 	1
9901 	1
9905 	1
9907 	1
9908 	1
9909 	1
9911 	1
9912 	1
9914 	1
9916 	1
9919 	1
9920 	1
9922 	1
9923 	1
9926 	1
9928 	1
9932 	1
9934 	1
9936 	1
9938 	1
9940 	1
9941 	1
9943 	1
9945 	1
9947 	1
9948 	1
9951 	1
9957 	1
9959 	1
9964 	1
9967 	1
9969 	1
9970 	1
9971 	1
9973 	1
9976 	1
9977 	1
9978 	1
9979 	1
9980 	1
9981 	1
9982 	1
9983 	1
9988 	1
9994 	1
9995 	1
9996 	1
9999 	1
10000 	1
10001 	1
10003 	1
10006 	1
10008 	1
10010 	1
10011 	1
10013 	1
10016 	1
10017 	1
10019 	1
10020 	1
10021 	1
10025 	1
10026 	1
10029 	1
10031 	1
10034 	1
10035 	1
10036 	1
10039 	1
10040 	1
10041 	1
10043 	1
10046 	1
10051 	1
10052 	1
10054 	1
10055 	1
10056 	1
10067 	1
10068 	1
10070 	1
10072 	1
10073 	1
10074 	1
10077 	1
10078 	1
10079 	1
10081 	1
10082 	1
10085 	1
10086 	1
10087 	1
10094 	1
10095 	1
10098 	1
10101 	1
10102 	1
10104 	1
10107 	1
10108 	1
10109 	1
10110 	1
10111 	1
10113 	1
10114 	1
10116 	1
10117 	1
10119 	1
10121 	1
10122 	1
10123 	1
10126 	1
10127 	1
10128 	1
10129 	1
10131 	1
10132 	1
10133 	1
10135 	1
10137 	1
10138 	1
10142 	1
10144 	1
10145 	1
10146 	1
10147 	1
10150 	1
10156 	1
10157 	1
10158 	1
10161 	1
10162 	1
10163 	1
10164 	1
10167 	1
10170 	1
10173 	1
10175 	1
10176 	1
10177 	1
10179 	1
10181 	1
10184 	1
10188 	1
10191 	1
10193 	1
10195 	1
10198 	1
10199 	1
10201 	1
10203 	1
10204 	1
10206 	1
10207 	1
10209 	1
10211 	1
10215 	1
10220 	1
10221 	1
10225 	1
10230 	1
10232 	1
10233 	1
10235 	1
10243 	1
10244 	1
10246 	1
10247 	1
10252 	1
10257 	1
10259 	1
10260 	1
10263 	1
10266 	1
10270 	1
10272 	1
10273 	1
10279 	1
10284 	1
10287 	1
10290 	1
10291 	1
10293 	1
10294 	1
10299 	1
10300 	1
10301 	1
10305 	1
10306 	1
10308 	1
10309 	1
10313 	1
10314 	1
10315 	1
10316 	1
10317 	1
10318 	1
10320 	1
10321 	1
10322 	1
10323 	1
10324 	1
10329 	1
10331 	1
10337 	1
10341 	1
10342 	1
10344 	1
10345 	1
10347 	1
10352 	1
10355 	1
10356 	1
10357 	1
10360 	1
10361 	1
10362 	1
10367 	1
10368 	1
10370 	1
10371 	1
10372 	1
10374 	1
10376 	1
10378 	1
10379 	1
10382 	1
10384 	1
10386 	1
10387 	1
10388 	1
10390 	1
10395 	1
10397 	1
10399 	1
10401 	1
10402 	1
10403 	1
10406 	1
10411 	1
10412 	1
10416 	1
10418 	1
10419 	1
10422 	1
10423 	1
10424 	1
10426 	1
10430 	1
10431 	1
10433 	1
10434 	1
10436 	1
10439 	1
10440 	1
10441 	1
10444 	1
10445 	1
10447 	1
10448 	1
10449 	1
10450 	1
10451 	1
10455 	1
10456 	1
10458 	1
10461 	1
10463 	1
10466 	1
10467 	1
10469 	1
10472 	1
10482 	1
10483 	1
10486 	1
10487 	1
10489 	1
10495 	1
10499 	1
10500 	1
10505 	1
10506 	1
10507 	1
10510 	1
10512 	1
10518 	1
10519 	1
10523 	1
10524 	1
10525 	1
10526 	1
10527 	1
10530 	1
10533 	1
10536 	1
10537 	1
10542 	1
10543 	1
10544 	1
10546 	1
10547 	1
10548 	1
10552 	1
10559 	1
10561 	1
10562 	1
10565 	1
10567 	1
10572 	1
10573 	1
10574 	1
10575 	1
10576 	1
10577 	1
10578 	1
10580 	1
10581 	1
10582 	1
10584 	1
10585 	1
10587 	1
10589 	1
10592 	1
10594 	1
10599 	1
10601 	1
10604 	1
10605 	1
10606 	1
10607 	1
10608 	1
10610 	1
10611 	1
10615 	1
10618 	1
10619 	1
10625 	1
10630 	1
10631 	1
10636 	1
10637 	1
10639 	1
10643 	1
10645 	1
10646 	1
10650 	1
10652 	1
10653 	1
10654 	1
10655 	1
10656 	1
10657 	1
10658 	1
10659 	1
10660 	1
10664 	1
10667 	1
10668 	1
10674 	1
10675 	1
10676 	1
10677 	1
10682 	1
10683 	1
10685 	1
10687 	1
10689 	1
10693 	1
10694 	1
10695 	1
10698 	1
10701 	1
10702 	1
10706 	1
10708 	1
10710 	1
10712 	1
10713 	1
10719 	1
10722 	1
10723 	1
10724 	1
10727 	1
10728 	1
10730 	1
10731 	1
10732 	1
10733 	1
10735 	1
10738 	1
10739 	1
10740 	1
10741 	1
10749 	1
10755 	1
10756 	1
10757 	1
10759 	1
10761 	1
10763 	1
10769 	1
10771 	1
10774 	1
10775 	1
10777 	1
10778 	1
10779 	1
10780 	1
10782 	1
10788 	1
10789 	1
10792 	1
10794 	1
10798 	1
10800 	1
10801 	1
10802 	1
10804 	1
10806 	1
10809 	1
10813 	1
10814 	1
10817 	1
10818 	1
10824 	1
10826 	1
10827 	1
10829 	1
10832 	1
10833 	1
10834 	1
10836 	1
10837 	1
10839 	1
10840 	1
10841 	1
10843 	1
10846 	1
10849 	1
10850 	1
10852 	1
10855 	1
10856 	1
10859 	1
10860 	1
10861 	1
10862 	1
10865 	1
10866 	1
10867 	1
10869 	1
10874 	1
10877 	1
10878 	1
10883 	1
10884 	1
10887 	1
10890 	1
10891 	1
10897 	1
10898 	1
10899 	1
10900 	1
10903 	1
10906 	1
10907 	1
10908 	1
10914 	1
10915 	1
10916 	1
10919 	1
10920 	1
10924 	1
10925 	1
10928 	1
10929 	1
10930 	1
10932 	1
10933 	1
10934 	1
10935 	1
10936 	1
10938 	1
10939 	1
10940 	1
10942 	1
10946 	1
10948 	1
10949 	1
10951 	1
10953 	1
10955 	1
10958 	1
10961 	1
10964 	1
10967 	1
10968 	1
10972 	1
10974 	1
10976 	1
10977 	1
10979 	1
10981 	1
10982 	1
10985 	1
10986 	1
10989 	1
10993 	1
10996 	1
10999 	1
11001 	1
11004 	1
11007 	1
11009 	1
11010 	1
11011 	1
11013 	1
11020 	1
11022 	1
11023 	1
11026 	1
11028 	1
11030 	1
11033 	1
11036 	1
11046 	1
11048 	1
11049 	1
11050 	1
11053 	1
11056 	1
11060 	1
11062 	1
11063 	1
11064 	1
11065 	1
11066 	1
11067 	1
11073 	1
11075 	1
11076 	1
11077 	1
11080 	1
11081 	1
11086 	1
11091 	1
11094 	1
11096 	1
11097 	1
11100 	1
11101 	1
11104 	1
11107 	1
11108 	1
11109 	1
11111 	1
11113 	1
11115 	1
11116 	1
11118 	1
11120 	1
11121 	1
11122 	1
11127 	1
11128 	1
11129 	1
11131 	1
11134 	1
11135 	1
11140 	1
11141 	1
11151 	1
11152 	1
11153 	1
11157 	1
11160 	1
11163 	1
11165 	1
11169 	1
11170 	1
11171 	1
11174 	1
11179 	1
11181 	1
11182 	1
11184 	1
11188 	1
11189 	1
11190 	1
11192 	1
11193 	1
11194 	1
11198 	1
11199 	1
11200 	1
11201 	1
11202 	1
11204 	1
11206 	1
11208 	1
11210 	1
11211 	1
11212 	1
11213 	1
11214 	1
11217 	1
11219 	1
11224 	1
11225 	1
11228 	1
11229 	1
11230 	1
11233 	1
11235 	1
11236 	1
11237 	1
11239 	1
11240 	1
11241 	1
11242 	1
11243 	1
11244 	1
11245 	1
11246 	1
11249 	1
11250 	1
11251 	1
11253 	1
11260 	1
11261 	1
11262 	1
11267 	1
11269 	1
11270 	1
11271 	1
11274 	1
11278 	1
11279 	1
11280 	1
11282 	1
11284 	1
11287 	1
11289 	1
11290 	1
11291 	1
11292 	1
11293 	1
11295 	1
11296 	1
11297 	1
11300 	1
11301 	1
11307 	1
11308 	1
11309 	1
11310 	1
11313 	1
11314 	1
11315 	1
11316 	1
11318 	1
11319 	1
11326 	1
11327 	1
11330 	1
11331 	1
11334 	1
11335 	1
11337 	1
11339 	1
11341 	1
11350 	1
11353 	1
11354 	1
11356 	1
11358 	1
11359 	1
11360 	1
11363 	1
11365 	1
11366 	1
11369 	1
11371 	1
11374 	1
11375 	1
11378 	1
11383 	1
11384 	1
11386 	1
11388 	1
11389 	1
11395 	1
11398 	1
11406 	1
11407 	1
11408 	1
11412 	1
11414 	1
11417 	1
11419 	1
11421 	1
11422 	1
11423 	1
11424 	1
11425 	1
11426 	1
11427 	1
11428 	1
11435 	1
11436 	1
11438 	1
11442 	1
11443 	1
11444 	1
11447 	1
11449 	1
11450 	1
11451 	1
11452 	1
11455 	1
11458 	1
11462 	1
11463 	1
11465 	1
11467 	1
11469 	1
11472 	1
11473 	1
11477 	1
11478 	1
11479 	1
11480 	1
11482 	1
11485 	1
11488 	1
11491 	1
11492 	1
11493 	1
11494 	1
11495 	1
11496 	1
11498 	1
11499 	1
11500 	1
11502 	1
11503 	1
11504 	1
11505 	1
11506 	1
11511 	1
11513 	1
11514 	1
11517 	1
11527 	1
11529 	1
11530 	1
11531 	1
11535 	1
11536 	1
11538 	1
11541 	1
11543 	1
11549 	1
11552 	1
11558 	1
11559 	1
11560 	1
11561 	1
11563 	1
11564 	1
11565 	1
11569 	1
11571 	1
11572 	1
11574 	1
11575 	1
11577 	1
11578 	1
11579 	1
11580 	1
11581 	1
11583 	1
11588 	1
11595 	1
11596 	1
11600 	1
11603 	1
11604 	1
11605 	1
11606 	1
11608 	1
11610 	1
11611 	1
11614 	1
11615 	1
11616 	1
11617 	1
11618 	1
11620 	1
11622 	1
11623 	1
11624 	1
11627 	1
11631 	1
11632 	1
11634 	1
11636 	1
11637 	1
11638 	1
11640 	1
11641 	1
11644 	1
11645 	1
11650 	1
11658 	1
11660 	1
11663 	1
11667 	1
11670 	1
11671 	1
11673 	1
11674 	1
11675 	1
11679 	1
11682 	1
11684 	1
11685 	1
11688 	1
11689 	1
11690 	1
11692 	1
11694 	1
11696 	1
11700 	1
11701 	1
11702 	1
11704 	1
11705 	1
11706 	1
11708 	1
11710 	1
11711 	1
11713 	1
11714 	1
11715 	1
11716 	1
11717 	1
11725 	1
11726 	1
11727 	1
11729 	1
11731 	1
11734 	1
11742 	1
11743 	1
11744 	1
11745 	1
11746 	1
11747 	1
11748 	1
11749 	1
11751 	1
11752 	1
11754 	1
11757 	1
11758 	1
11761 	1
11762 	1
11763 	1
11764 	1
11766 	1
11768 	1
11769 	1
11770 	1
11777 	1
11778 	1
11779 	1
11780 	1
11781 	1
11785 	1
11787 	1
11794 	1
11796 	1
11797 	1
11798 	1
11799 	1
11800 	1
11801 	1
11802 	1
11804 	1
11805 	1
11810 	1
11811 	1
11813 	1
11816 	1
11818 	1
11819 	1
11821 	1
11824 	1
11825 	1
11827 	1
11831 	1
11832 	1
11833 	1
11836 	1
11837 	1
11838 	1
11839 	1
11841 	1
11842 	1
11843 	1
11845 	1
11846 	1
11847 	1
11848 	1
11851 	1
11854 	1
11855 	1
11856 	1
11857 	1
11858 	1
11861 	1
11865 	1
11866 	1
11867 	1
11870 	1
11871 	1
11873 	1
11874 	1
11876 	1
11878 	1
11885 	1
11886 	1
11887 	1
11888 	1
11889 	1
11892 	1
11895 	1
11899 	1
11900 	1
11901 	1
11904 	1
11907 	1
11908 	1
11909 	1
11910 	1
11914 	1
11915 	1
11916 	1
11920 	1
11921 	1
11922 	1
11925 	1
11926 	1
11927 	1
11928 	1
11929 	1
11931 	1
11932 	1
11933 	1
11934 	1
11935 	1
11937 	1
11939 	1
11942 	1
11946 	1
11947 	1
11949 	1
11955 	1
11957 	1
11960 	1
11961 	1
11962 	1
11964 	1
11970 	1
11972 	1
11975 	1
11979 	1
11981 	1
11984 	1
11985 	1
11986 	1
11989 	1
11991 	1
11992 	1
11993 	1
11994 	1
11997 	1
12000 	1
12001 	1
12003 	1
12006 	1
12007 	1
12008 	1
12010 	1
12011 	1
12012 	1
12013 	1
12014 	1
12015 	1
12016 	1
12017 	1
12024 	1
12027 	1
12028 	1
12029 	1
12032 	1
12034 	1
12035 	1
12036 	1
12037 	1
12039 	1
12043 	1
12048 	1
12051 	1
12057 	1
12059 	1
12062 	1
12066 	1
12071 	1
12074 	1
12077 	1
12079 	1
12080 	1
12084 	1
12085 	1
12087 	1
12091 	1
12094 	1
12095 	1
12096 	1
12098 	1
12099 	1
12103 	1
12108 	1
12109 	1
12112 	1
12113 	1
12114 	1
12115 	1
12116 	1
12117 	1
12119 	1
12120 	1
12123 	1
12124 	1
12127 	1
12128 	1
12131 	1
12135 	1
12139 	1
12143 	1
12144 	1
12150 	1
12152 	1
12155 	1
12156 	1
12162 	1
12163 	1
12165 	1
12168 	1
12171 	1
12172 	1
12174 	1
12176 	1
12183 	1
12184 	1
12185 	1
12186 	1
12187 	1
12188 	1
12189 	1
12190 	1
12192 	1
12196 	1
12197 	1
12201 	1
12202 	1
12203 	1
12204 	1
12205 	1
12206 	1
12207 	1
12213 	1
12217 	1
12218 	1
12224 	1
12226 	1
12229 	1
12232 	1
12233 	1
12236 	1
12240 	1
12242 	1
12243 	1
12246 	1
12248 	1
12249 	1
12252 	1
12253 	1
12254 	1
12255 	1
12256 	1
12258 	1
12259 	1
12262 	1
12263 	1
12266 	1
12270 	1
12272 	1
12278 	1
12280 	1
12281 	1
12282 	1
12285 	1
12286 	1
12289 	1
12292 	1
12293 	1
12294 	1
12295 	1
12296 	1
12297 	1
12306 	1
12308 	1
12309 	1
12310 	1
12313 	1
12314 	1
12317 	1
12318 	1
12320 	1
12323 	1
12325 	1
12326 	1
12332 	1
12334 	1
12336 	1
12340 	1
12344 	1
12350 	1
12351 	1
12354 	1
12357 	1
12359 	1
12361 	1
12362 	1
12363 	1
12364 	1
12365 	1
12366 	1
12369 	1
12370 	1
12371 	1
12375 	1
12376 	1
12378 	1
12382 	1
12383 	1
12385 	1
12386 	1
12387 	1
12388 	1
12393 	1
12394 	1
12399 	1
12401 	1
12403 	1
12404 	1
12405 	1
12407 	1
12408 	1
12412 	1
12413 	1
12415 	1
12418 	1
12419 	1
12420 	1
12424 	1
12426 	1
12429 	1
12430 	1
12433 	1
12434 	1
12435 	1
12437 	1
12438 	1
12441 	1
12442 	1
12444 	1
12447 	1
12449 	1
12450 	1
12455 	1
12456 	1
12458 	1
12460 	1
12465 	1
12466 	1
12467 	1
12473 	1
12479 	1
12480 	1
12481 	1
12482 	1
12483 	1
12484 	1
12486 	1
12488 	1
12489 	1
12490 	1
12491 	1
12493 	1
12494 	1
12496 	1
12497 	1
12502 	1
12503 	1
12505 	1
12507 	1
12510 	1
12514 	1
12515 	1
12519 	1
12520 	1
12521 	1
12522 	1
12523 	1
12524 	1
12529 	1
12531 	1
12532 	1
12533 	1
12534 	1
12535 	1
12536 	1
12538 	1
12539 	1
12540 	1
12541 	1
12542 	1
12543 	1
12545 	1
12546 	1
12552 	1
12553 	1
12555 	1
12556 	1
12558 	1
12561 	1
12564 	1
12566 	1
12568 	1
12572 	1
12573 	1
12574 	1
12575 	1
12577 	1
12578 	1
12579 	1
12580 	1
12584 	1
12585 	1
12586 	1
12587 	1
12589 	1
12591 	1
12593 	1
12595 	1
12596 	1
12599 	1
12603 	1
12604 	1
12608 	1
12609 	1
12610 	1
12611 	1
12613 	1
12617 	1
12618 	1
12623 	1
12624 	1
12625 	1
12628 	1
12630 	1
12631 	1
12633 	1
12637 	1
12639 	1
12641 	1
12643 	1
12645 	1
12646 	1
12648 	1
12650 	1
12653 	1
12654 	1
12656 	1
12662 	1
12665 	1
12670 	1
12672 	1
12673 	1
12678 	1
12680 	1
12683 	1
12684 	1
12687 	1
12689 	1
12690 	1
12691 	1
12693 	1
12695 	1
12696 	1
12697 	1
12698 	1
12700 	1
12702 	1
12703 	1
12705 	1
12706 	1
12707 	1
12708 	1
12714 	1
12715 	1
12716 	1
12719 	1
12720 	1
12722 	1
12723 	1
12724 	1
12731 	1
12737 	1
12738 	1
12742 	1
12743 	1
12744 	1
12745 	1
12749 	1
12754 	1
12755 	1
12757 	1
12758 	1
12759 	1
12763 	1
12765 	1
12770 	1
12771 	1
12772 	1
12774 	1
12775 	1
12776 	1
12779 	1
12781 	1
12782 	1
12786 	1
12787 	1
12792 	1
12796 	1
12797 	1
12798 	1
12800 	1
12807 	1
12808 	1
12809 	1
12812 	1
12815 	1
12825 	1
12826 	1
12831 	1
12834 	1
12838 	1
12841 	1
12844 	1
12846 	1
12847 	1
12850 	1
12852 	1
12856 	1
12858 	1
12859 	1
12860 	1
12863 	1
12869 	1
12870 	1
12875 	1
12878 	1
12879 	1
12884 	1
12888 	1
12889 	1
12892 	1
12893 	1
12897 	1
12901 	1
12902 	1
12905 	1
12907 	1
12910 	1
12911 	1
12912 	1
12913 	1
12914 	1
12915 	1
12920 	1
12923 	1
12924 	1
12926 	1
12927 	1
12928 	1
12929 	1
12933 	1
12937 	1
12938 	1
12941 	1
12942 	1
12943 	1
12944 	1
12947 	1
12948 	1
12949 	1
12950 	1
12951 	1
12953 	1
12955 	1
12956 	1
12957 	1
12958 	1
12960 	1
12961 	1
12962 	1
12964 	1
12967 	1
12968 	1
12973 	1
12975 	1
12977 	1
12978 	1
12980 	1
12981 	1
12985 	1
12989 	1
12991 	1
12993 	1
12996 	1
12998 	1
13000 	1
13003 	1
13004 	1
13013 	1
13014 	1
13015 	1
13016 	1
13017 	1
13019 	1
13020 	1
13021 	1
13025 	1
13027 	1
13029 	1
13030 	1
13031 	1
13034 	1
13036 	1
13037 	1
13039 	1
13040 	1
13042 	1
13046 	1
13047 	1
13048 	1
13050 	1
13051 	1
13054 	1
13057 	1
13060 	1
13061 	1
13062 	1
13066 	1
13067 	1
13068 	1
13070 	1
13071 	1
13074 	1
13075 	1
13076 	1
13078 	1
13081 	1
13083 	1
13085 	1
13088 	1
13089 	1
13096 	1
13106 	1
13107 	1
13110 	1
13111 	1
13116 	1
13117 	1
13118 	1
13120 	1
13122 	1
13123 	1
13126 	1
13129 	1
13130 	1
13131 	1
13134 	1
13137 	1
13138 	1
13140 	1
13141 	1
13144 	1
13146 	1
13147 	1
13150 	1
13151 	1
13154 	1
13155 	1
13156 	1
13158 	1
13162 	1
13166 	1
13168 	1
13171 	1
13173 	1
13176 	1
13177 	1
13178 	1
13179 	1
13181 	1
13184 	1
13186 	1
13188 	1
13189 	1
13192 	1
13193 	1
13194 	1
13196 	1
13197 	1
13201 	1
13202 	1
13203 	1
13205 	1
13206 	1
13209 	1
13211 	1
13215 	1
13217 	1
13221 	1
13223 	1
13224 	1
13228 	1
13229 	1
13230 	1
13231 	1
13236 	1
13237 	1
13239 	1
13243 	1
13244 	1
13246 	1
13247 	1
13249 	1
13251 	1
13252 	1
13253 	1
13259 	1
13261 	1
13266 	1
13267 	1
13271 	1
13273 	1
13274 	1
13275 	1
13277 	1
13281 	1
13283 	1
13284 	1
13285 	1
13287 	1
13288 	1
13289 	1
13293 	1
13294 	1
13295 	1
13299 	1
13302 	1
13303 	1
13305 	1
13306 	1
13307 	1
13308 	1
13309 	1
13310 	1
13311 	1
13313 	1
13314 	1
13315 	1
13317 	1
13318 	1
13324 	1
13325 	1
13329 	1
13330 	1
13332 	1
13339 	1
13340 	1
13341 	1
13345 	1
13346 	1
13347 	1
13349 	1
13352 	1
13353 	1
13354 	1
13355 	1
13357 	1
13361 	1
13364 	1
13365 	1
13371 	1
13373 	1
13375 	1
13377 	1
13381 	1
13382 	1
13383 	1
13384 	1
13386 	1
13388 	1
13389 	1
13390 	1
13391 	1
13394 	1
13395 	1
13396 	1
13398 	1
13402 	1
13403 	1
13409 	1
13410 	1
13411 	1
13412 	1
13416 	1
13419 	1
13420 	1
13421 	1
13423 	1
13426 	1
13429 	1
13431 	1
13432 	1
13436 	1
13437 	1
13440 	1
13442 	1
13443 	1
13444 	1
13448 	1
13449 	1
13451 	1
13454 	1
13457 	1
13459 	1
13460 	1
13463 	1
13466 	1
13467 	1
13468 	1
13471 	1
13472 	1
13473 	1
13477 	1
13478 	1
13480 	1
13482 	1
13483 	1
13487 	1
13488 	1
13490 	1
13491 	1
13498 	1
13500 	1
13501 	1
13503 	1
13504 	1
13508 	1
13511 	1
13512 	1
13513 	1
13514 	1
13516 	1
13520 	1
13522 	1
13523 	1
13524 	1
13526 	1
13528 	1
13532 	1
13533 	1
13537 	1
13540 	1
13543 	1
13544 	1
13546 	1
13547 	1
13548 	1
13549 	1
13550 	1
13553 	1
13556 	1
13560 	1
13561 	1
13563 	1
13568 	1
13569 	1
13571 	1
13572 	1
13574 	1
13576 	1
13578 	1
13579 	1
13581 	1
13582 	1
13586 	1
13587 	1
13595 	1
13597 	1
13598 	1
13599 	1
13600 	1
13606 	1
13609 	1
13610 	1
13612 	1
13613 	1
13614 	1
13615 	1
13616 	1
13617 	1
13618 	1
13619 	1
13620 	1
13621 	1
13622 	1
13623 	1
13625 	1
13627 	1
13628 	1
13629 	1
13630 	1
13632 	1
13633 	1
13634 	1
13635 	1
13637 	1
13638 	1
13639 	1
13641 	1
13642 	1
13643 	1
13644 	1
13645 	1
13647 	1
13648 	1
13650 	1
13651 	1
13652 	1
13656 	1
13659 	1
13666 	1
13671 	1
13672 	1
13673 	1
13676 	1
13678 	1
13680 	1
13682 	1
13683 	1
13686 	1
13688 	1
13691 	1
13695 	1
13697 	1
13701 	1
13702 	1
13703 	1
13706 	1
13707 	1
13708 	1
13713 	1
13716 	1
13717 	1
13718 	1
13719 	1
13720 	1
13721 	1
13722 	1
13723 	1
13724 	1
13725 	1
13726 	1
13729 	1
13736 	1
13737 	1
13739 	1
13740 	1
13741 	1
13743 	1
13744 	1
13746 	1
13747 	1
13750 	1
13751 	1
13753 	1
13754 	1
13755 	1
13757 	1
13763 	1
13768 	1
13769 	1
13773 	1
13774 	1
13776 	1
13777 	1
13779 	1
13780 	1
13781 	1
13784 	1
13785 	1
13788 	1
13790 	1
13792 	1
13794 	1
13796 	1
13798 	1
13800 	1
13802 	1
13811 	1
13812 	1
13813 	1
13818 	1
13819 	1
13821 	1
13825 	1
13826 	1
13827 	1
13831 	1
13835 	1
13836 	1
13837 	1
13842 	1
13843 	1
13846 	1
13847 	1
13848 	1
13850 	1
13851 	1
13854 	1
13860 	1
13861 	1
13863 	1
13864 	1
13867 	1
13868 	1
13869 	1
13871 	1
13872 	1
13873 	1
13874 	1
13876 	1
13882 	1
13885 	1
13886 	1
13890 	1
13892 	1
13895 	1
13896 	1
13898 	1
13899 	1
13900 	1
13901 	1
13903 	1
13904 	1
13905 	1
13906 	1
13907 	1
13913 	1
13914 	1
13917 	1
13918 	1
13919 	1
13921 	1
13922 	1
13923 	1
13924 	1
13925 	1
13927 	1
13928 	1
13930 	1
13931 	1
13935 	1
13936 	1
13938 	1
13939 	1
13940 	1
13942 	1
13943 	1
13945 	1
13946 	1
13948 	1
13949 	1
13951 	1
13952 	1
13953 	1
13955 	1
13961 	1
13964 	1
13966 	1
13967 	1
13968 	1
13969 	1
13970 	1
13971 	1
13972 	1
13973 	1
13974 	1
13977 	1
13978 	1
13980 	1
13983 	1
13986 	1
13987 	1
13991 	1
13992 	1
13993 	1
13994 	1
13995 	1
13998 	1
13999 	1
14005 	1
14016 	1
14020 	1
14022 	1
14024 	1
14025 	1
14027 	1
14031 	1
14032 	1
14033 	1
14034 	1
14035 	1
14040 	1
14041 	1
14042 	1
14047 	1
14050 	1
14051 	1
14057 	1
14058 	1
14061 	1
14062 	1
14066 	1
14067 	1
14070 	1
14073 	1
14074 	1
14075 	1
14076 	1
14077 	1
14078 	1
14082 	1
14083 	1
14084 	1
14085 	1
14086 	1
14087 	1
14092 	1
14096 	1
14097 	1
14098 	1
14100 	1
14101 	1
14102 	1
14107 	1
14110 	1
14114 	1
14117 	1
14119 	1
14122 	1
14123 	1
14124 	1
14125 	1
14128 	1
14131 	1
14132 	1
14133 	1
14134 	1
14135 	1
14136 	1
14138 	1
14139 	1
14140 	1
14142 	1
14143 	1
14147 	1
14148 	1
14149 	1
14150 	1
14158 	1
14159 	1
14160 	1
14164 	1
14165 	1
14166 	1
14168 	1
14172 	1
14173 	1
14176 	1
14177 	1
14178 	1
14179 	1
14180 	1
14182 	1
14185 	1
14186 	1
14189 	1
14190 	1
14191 	1
14193 	1
14194 	1
14205 	1
14208 	1
14210 	1
14213 	1
14214 	1
14218 	1
14219 	1
14222 	1
14226 	1
14228 	1
14229 	1
14231 	1
14232 	1
14233 	1
14245 	1
14246 	1
14248 	1
14249 	1
14253 	1
14255 	1
14257 	1
14258 	1
14263 	1
14264 	1
14266 	1
14267 	1
14269 	1
14272 	1
14273 	1
14275 	1
14276 	1
14280 	1
14283 	1
14285 	1
14287 	1
14290 	1
14291 	1
14297 	1
14298 	1
14301 	1
14302 	1
14303 	1
14304 	1
14305 	1
14307 	1
14310 	1
14313 	1
14315 	1
14317 	1
14318 	1
14320 	1
14321 	1
14322 	1
14329 	1
14331 	1
14332 	1
14334 	1
14336 	1
14338 	1
14339 	1
14340 	1
14341 	1
14344 	1
14345 	1
14346 	1
14347 	1
14348 	1
14349 	1
14350 	1
14355 	1
14356 	1
14360 	1
14361 	1
14364 	1
14371 	1
14374 	1
14378 	1
14379 	1
14380 	1
14381 	1
14382 	1
14385 	1
14387 	1
14393 	1
14395 	1
14397 	1
14401 	1
14403 	1
14404 	1
14405 	1
14406 	1
14408 	1
14411 	1
14412 	1
14414 	1
14416 	1
14417 	1
14418 	1
14420 	1
14421 	1
14423 	1
14427 	1
14430 	1
14435 	1
14436 	1
14438 	1
14439 	1
14440 	1
14441 	1
14443 	1
14445 	1
14447 	1
14448 	1
14449 	1
14455 	1
14457 	1
14460 	1
14461 	1
14462 	1
14465 	1
14468 	1
14469 	1
14470 	1
14471 	1
14474 	1
14475 	1
14477 	1
14481 	1
14483 	1
14484 	1
14485 	1
14486 	1
14487 	1
14488 	1
14489 	1
14490 	1
14492 	1
14493 	1
14494 	1
14497 	1
14499 	1
14500 	1
14503 	1
14504 	1
14506 	1
14509 	1
14512 	1
14516 	1
14517 	1
14521 	1
14522 	1
14523 	1
14525 	1
14527 	1
14528 	1
14529 	1
14530 	1
14531 	1
14534 	1
14537 	1
14540 	1
14542 	1
14547 	1
14549 	1
14550 	1
14552 	1
14554 	1
14557 	1
14560 	1
14562 	1
14564 	1
14565 	1
14570 	1
14571 	1
14572 	1
14578 	1
14579 	1
14584 	1
14590 	1
14591 	1
14596 	1
14597 	1
14599 	1
14600 	1
14601 	1
14602 	1
14605 	1
14608 	1
14611 	1
14614 	1
14615 	1
14616 	1
14617 	1
14620 	1
14622 	1
14624 	1
14626 	1
14627 	1
14630 	1
14634 	1
14638 	1
14639 	1
14640 	1
14642 	1
14646 	1
14649 	1
14650 	1
14652 	1
14653 	1
14655 	1
14656 	1
14657 	1
14658 	1
14659 	1
14661 	1
14665 	1
14666 	1
14669 	1
14672 	1
14675 	1
14676 	1
14682 	1
14683 	1
14684 	1
14687 	1
14688 	1
14690 	1
14691 	1
14697 	1
14698 	1
14700 	1
14705 	1
14706 	1
14707 	1
14708 	1
14710 	1
14711 	1
14712 	1
14713 	1
14714 	1
14719 	1
14720 	1
14721 	1
14722 	1
14726 	1
14730 	1
14732 	1
14733 	1
14735 	1
14741 	1
14743 	1
14744 	1
14745 	1
14747 	1
14750 	1
14752 	1
14753 	1
14755 	1
14756 	1
14760 	1
14762 	1
14763 	1
14765 	1
14766 	1
14768 	1
14773 	1
14774 	1
14776 	1
14778 	1
14779 	1
14780 	1
14781 	1
14782 	1
14784 	1
14785 	1
14787 	1
14788 	1
14790 	1
14792 	1
14793 	1
14795 	1
14796 	1
14799 	1
14802 	1
14803 	1
14805 	1
14809 	1
14810 	1
14812 	1
14816 	1
14819 	1
14820 	1
14822 	1
14824 	1
14825 	1
14827 	1
14828 	1
14830 	1
14832 	1
14837 	1
14840 	1
14843 	1
14847 	1
14849 	1
14850 	1
14854 	1
14855 	1
14856 	1
14858 	1
14860 	1
14863 	1
14864 	1
14867 	1
14869 	1
14870 	1
14872 	1
14873 	1
14876 	1
14877 	1
14880 	1
14884 	1
14885 	1
14888 	1
14889 	1
14892 	1
14897 	1
14900 	1
14901 	1
14902 	1
14903 	1
14904 	1
14906 	1
14907 	1
14908 	1
14909 	1
14911 	1
14914 	1
14916 	1
14917 	1
14918 	1
14920 	1
14921 	1
14923 	1
14924 	1
14925 	1
14926 	1
14930 	1
14932 	1
14934 	1
14935 	1
14936 	1
14938 	1
14940 	1
14941 	1
14944 	1
14947 	1
14948 	1
14949 	1
14951 	1
14955 	1
14957 	1
14963 	1
14964 	1
14968 	1
14970 	1
14971 	1
14972 	1
14978 	1
14980 	1
14981 	1
14984 	1
14989 	1
14991 	1
14992 	1
14995 	1
14998 	1
15000 	1
15003 	1
15004 	1
15007 	1
15008 	1
15010 	1
15013 	1
15016 	1
15018 	1
15021 	1
15022 	1
15023 	1
15024 	1
15025 	1
15027 	1
15032 	1
15033 	1
15035 	1
15039 	1
15043 	1
15045 	1
15047 	1
15048 	1
15049 	1
15050 	1
15052 	1
15055 	1
15064 	1
15074 	1
15082 	1
15084 	1
15087 	1
15088 	1
15090 	1
15094 	1
15095 	1
15097 	1
15099 	1
15102 	1
15104 	1
15109 	1
15110 	1
15114 	1
15119 	1
15120 	1
15121 	1
15123 	1
15124 	1
15128 	1
15129 	1
15132 	1
15133 	1
15134 	1
15135 	1
15136 	1
15137 	1
15138 	1
15139 	1
15140 	1
15141 	1
15142 	1
15143 	1
15144 	1
15145 	1
15147 	1
15149 	1
15150 	1
15153 	1
15154 	1
15155 	1
15159 	1
15162 	1
15166 	1
15167 	1
15168 	1
15171 	1
15172 	1
15174 	1
15175 	1
15176 	1
15177 	1
15180 	1
15182 	1
15185 	1
15186 	1
15187 	1
15188 	1
15192 	1
15193 	1
15196 	1
15197 	1
15201 	1
15202 	1
15203 	1
15204 	1
15205 	1
15207 	1
15209 	1
15212 	1
15214 	1
15215 	1
15216 	1
15221 	1
15223 	1
15224 	1
15232 	1
15233 	1
15236 	1
15238 	1
15239 	1
15242 	1
15246 	1
15251 	1
15253 	1
15254 	1
15257 	1
15258 	1
15261 	1
15266 	1
15267 	1
15271 	1
15275 	1
15278 	1
15281 	1
15282 	1
15284 	1
15295 	1
15296 	1
15298 	1
15304 	1
15305 	1
15306 	1
15307 	1
15308 	1
15309 	1
15311 	1
15312 	1
15315 	1
15316 	1
15317 	1
15318 	1
15319 	1
15322 	1
15323 	1
15326 	1
15327 	1
15328 	1
15329 	1
15330 	1
15332 	1
15335 	1
15336 	1
15339 	1
15343 	1
15344 	1
15345 	1
15346 	1
15349 	1
15351 	1
15352 	1
15353 	1
15356 	1
15357 	1
15359 	1
15361 	0.265320334262
