Number of items 	Total Weight 	Total Profit 
6120 	1998881.5 	409241.638009 


Total time: 0.102010011673 s
Average time: 0.0255032777786 s
Last call: 3.09944152832e-06 s
Stamp 1 of the total: 0h 0m 0s 102ms 102010\u00B5s
Stamp 2 of the total: 00:00:00.0102
Pattern that ignores zeros:
102ms 102010\u00B5s
0102

Item    Fraction

1 	1
3 	1
4 	1
8 	1
10 	1
12 	1
19 	1
23 	1
24 	1
26 	1
28 	1
30 	1
31 	1
34 	1
37 	1
41 	1
43 	1
44 	1
48 	1
49 	1
50 	1
51 	1
57 	1
61 	1
62 	1
64 	1
65 	1
69 	1
70 	1
72 	1
73 	1
75 	1
77 	1
79 	1
80 	1
81 	1
83 	1
90 	1
92 	1
93 	1
94 	1
96 	1
97 	1
98 	1
99 	1
101 	1
107 	1
112 	1
115 	1
116 	1
118 	1
119 	1
121 	1
122 	1
123 	1
124 	1
126 	1
128 	1
131 	1
132 	1
133 	1
136 	1
139 	1
141 	1
142 	1
144 	1
146 	1
147 	1
149 	1
150 	1
154 	1
157 	1
160 	1
161 	1
163 	1
165 	1
167 	1
173 	1
174 	1
177 	1
180 	1
181 	1
182 	1
183 	1
184 	1
186 	1
187 	1
189 	1
190 	1
191 	1
192 	1
195 	1
196 	1
197 	1
198 	1
200 	1
201 	1
202 	1
203 	1
204 	1
205 	1
207 	1
214 	1
216 	1
218 	1
220 	1
221 	1
223 	1
224 	1
226 	1
227 	1
229 	1
230 	1
233 	1
234 	1
238 	1
239 	1
242 	1
243 	1
245 	1
246 	1
247 	1
248 	1
249 	1
250 	1
251 	1
252 	1
253 	1
258 	1
259 	1
260 	1
261 	1
266 	1
267 	1
268 	1
271 	1
273 	1
275 	1
278 	1
279 	1
280 	1
282 	1
284 	1
287 	1
289 	1
291 	1
292 	1
293 	1
295 	1
298 	1
300 	1
301 	1
302 	1
303 	1
304 	1
305 	1
306 	1
308 	1
310 	1
311 	1
312 	1
313 	1
315 	1
319 	1
320 	1
322 	1
323 	1
324 	1
326 	1
328 	1
329 	1
335 	1
336 	1
337 	1
338 	1
342 	1
345 	1
346 	1
347 	1
348 	1
350 	1
351 	1
352 	1
354 	1
355 	1
357 	1
359 	1
363 	1
364 	1
368 	1
370 	1
379 	1
380 	1
384 	1
385 	1
386 	1
388 	1
389 	1
391 	1
393 	1
400 	1
401 	1
402 	1
408 	1
409 	1
410 	1
413 	1
414 	1
415 	1
416 	1
417 	1
418 	1
420 	1
424 	1
425 	1
426 	1
428 	1
429 	1
431 	1
432 	1
436 	1
437 	1
438 	1
439 	1
440 	1
442 	1
444 	1
446 	1
447 	1
448 	1
449 	1
450 	1
451 	1
452 	1
453 	1
456 	1
458 	1
459 	1
462 	1
469 	1
470 	1
472 	1
478 	1
479 	1
481 	1
483 	1
485 	1
487 	1
490 	1
491 	1
493 	1
495 	1
499 	1
500 	1
503 	1
504 	1
505 	1
506 	1
507 	1
509 	1
511 	1
513 	1
515 	1
516 	1
517 	1
519 	1
521 	1
522 	1
523 	1
524 	1
525 	1
528 	1
529 	1
531 	1
533 	1
536 	1
537 	1
541 	1
547 	1
549 	1
551 	1
552 	1
554 	1
555 	1
558 	1
560 	1
561 	1
562 	1
563 	1
564 	1
566 	1
567 	1
568 	1
571 	1
572 	1
573 	1
580 	1
584 	1
585 	1
587 	1
589 	1
590 	1
592 	1
594 	1
596 	1
598 	1
599 	1
600 	1
601 	1
602 	1
603 	1
606 	1
608 	1
610 	1
611 	1
612 	1
615 	1
618 	1
621 	1
622 	1
624 	1
627 	1
628 	1
629 	1
630 	1
632 	1
636 	1
637 	1
639 	1
641 	1
644 	1
650 	1
655 	1
659 	1
660 	1
662 	1
664 	1
666 	1
667 	1
669 	1
672 	1
675 	1
676 	1
677 	1
678 	1
680 	1
681 	1
682 	1
683 	1
684 	1
685 	1
687 	1
689 	1
690 	1
691 	1
696 	1
697 	1
699 	1
705 	1
708 	1
709 	1
712 	1
714 	1
715 	1
717 	1
721 	1
722 	1
725 	1
727 	1
734 	1
735 	1
739 	1
740 	1
741 	1
743 	1
744 	1
745 	1
748 	1
750 	1
751 	1
757 	1
758 	1
760 	1
761 	1
762 	1
763 	1
765 	1
767 	1
768 	1
769 	1
770 	1
771 	1
772 	1
773 	1
774 	1
776 	1
777 	1
780 	1
782 	1
784 	1
786 	1
788 	1
791 	1
793 	1
794 	1
795 	1
796 	1
799 	1
805 	1
806 	1
807 	1
809 	1
810 	1
811 	1
812 	1
815 	1
816 	1
818 	1
820 	1
822 	1
823 	1
828 	1
829 	1
830 	1
831 	1
834 	1
835 	1
837 	1
840 	1
843 	1
844 	1
845 	1
847 	1
848 	1
851 	1
852 	1
853 	1
855 	1
856 	1
857 	1
858 	1
859 	1
862 	1
867 	1
869 	1
870 	1
874 	1
875 	1
876 	1
878 	1
879 	1
880 	1
885 	1
886 	1
887 	1
889 	1
892 	1
893 	1
894 	1
895 	1
896 	1
897 	1
898 	1
900 	1
901 	1
902 	1
903 	1
907 	1
909 	1
910 	1
912 	1
913 	1
915 	1
918 	1
919 	1
920 	1
924 	1
933 	1
934 	1
940 	1
941 	1
943 	1
945 	1
947 	1
948 	1
953 	1
958 	1
959 	1
960 	1
965 	1
966 	1
967 	1
968 	1
970 	1
971 	1
972 	1
974 	1
976 	1
977 	1
981 	1
984 	1
985 	1
986 	1
987 	1
989 	1
994 	1
996 	1
997 	1
998 	1
1000 	1
1001 	1
1002 	1
1003 	1
1004 	1
1006 	1
1009 	1
1010 	1
1011 	1
1012 	1
1013 	1
1014 	1
1016 	1
1017 	1
1019 	1
1023 	1
1024 	1
1025 	1
1027 	1
1028 	1
1030 	1
1031 	1
1032 	1
1034 	1
1037 	1
1039 	1
1040 	1
1042 	1
1045 	1
1047 	1
1051 	1
1058 	1
1059 	1
1063 	1
1065 	1
1068 	1
1071 	1
1072 	1
1073 	1
1075 	1
1081 	1
1082 	1
1083 	1
1085 	1
1087 	1
1088 	1
1093 	1
1095 	1
1096 	1
1097 	1
1102 	1
1103 	1
1104 	1
1106 	1
1107 	1
1109 	1
1110 	1
1111 	1
1112 	1
1117 	1
1118 	1
1119 	1
1121 	1
1124 	1
1128 	1
1130 	1
1131 	1
1136 	1
1140 	1
1141 	1
1142 	1
1144 	1
1145 	1
1146 	1
1150 	1
1152 	1
1155 	1
1156 	1
1159 	1
1162 	1
1163 	1
1164 	1
1167 	1
1170 	1
1173 	1
1174 	1
1175 	1
1176 	1
1178 	1
1186 	1
1188 	1
1189 	1
1196 	1
1198 	1
1199 	1
1200 	1
1202 	1
1203 	1
1205 	1
1208 	1
1215 	1
1218 	1
1221 	1
1225 	1
1227 	1
1230 	1
1231 	1
1233 	1
1235 	1
1236 	1
1238 	1
1240 	1
1242 	1
1244 	1
1245 	1
1247 	1
1251 	1
1253 	1
1254 	1
1255 	1
1256 	1
1257 	1
1258 	1
1259 	1
1264 	1
1265 	1
1266 	1
1268 	1
1270 	1
1271 	1
1278 	1
1279 	1
1280 	1
1281 	1
1282 	1
1289 	1
1290 	1
1293 	1
1294 	1
1299 	1
1300 	1
1304 	1
1305 	1
1312 	1
1314 	1
1315 	1
1317 	1
1318 	1
1321 	1
1324 	1
1326 	1
1327 	1
1329 	1
1330 	1
1332 	1
1335 	1
1337 	1
1338 	1
1339 	1
1341 	1
1345 	1
1346 	1
1349 	1
1351 	1
1352 	1
1353 	1
1356 	1
1357 	1
1358 	1
1359 	1
1360 	1
1361 	1
1363 	1
1364 	1
1365 	1
1368 	1
1370 	1
1374 	1
1376 	1
1378 	1
1379 	1
1384 	1
1386 	1
1388 	1
1389 	1
1390 	1
1391 	1
1393 	1
1398 	1
1403 	1
1404 	1
1407 	1
1410 	1
1411 	1
1413 	1
1416 	1
1417 	1
1425 	1
1427 	1
1430 	1
1433 	1
1434 	1
1436 	1
1437 	1
1440 	1
1441 	1
1442 	1
1445 	1
1446 	1
1447 	1
1449 	1
1450 	1
1453 	1
1454 	1
1457 	1
1458 	1
1459 	1
1462 	1
1464 	1
1465 	1
1466 	1
1467 	1
1468 	1
1470 	1
1471 	1
1474 	1
1475 	1
1476 	1
1478 	1
1482 	1
1483 	1
1485 	1
1486 	1
1490 	1
1492 	1
1493 	1
1495 	1
1496 	1
1500 	1
1501 	1
1503 	1
1504 	1
1505 	1
1506 	1
1507 	1
1511 	1
1513 	1
1514 	1
1516 	1
1518 	1
1519 	1
1520 	1
1521 	1
1522 	1
1525 	1
1528 	1
1530 	1
1532 	1
1534 	1
1539 	1
1540 	1
1541 	1
1542 	1
1543 	1
1545 	1
1546 	1
1547 	1
1549 	1
1550 	1
1552 	1
1553 	1
1554 	1
1556 	1
1557 	1
1558 	1
1560 	1
1564 	1
1565 	1
1566 	1
1568 	1
1569 	1
1570 	1
1574 	1
1575 	1
1576 	1
1577 	1
1580 	1
1582 	1
1584 	1
1585 	1
1588 	1
1591 	1
1592 	1
1593 	1
1596 	1
1597 	1
1598 	1
1599 	1
1600 	1
1602 	1
1603 	1
1612 	1
1613 	1
1615 	1
1617 	1
1618 	1
1620 	1
1623 	1
1624 	1
1625 	1
1628 	1
1632 	1
1637 	1
1638 	1
1640 	1
1641 	1
1642 	1
1643 	1
1644 	1
1645 	1
1647 	1
1650 	1
1651 	1
1654 	1
1655 	1
1657 	1
1660 	1
1661 	1
1662 	1
1663 	1
1665 	1
1666 	1
1667 	1
1668 	1
1670 	1
1672 	1
1676 	1
1677 	1
1678 	1
1679 	1
1682 	1
1685 	1
1686 	1
1691 	1
1693 	1
1694 	1
1695 	1
1696 	1
1698 	1
1699 	1
1700 	1
1701 	1
1702 	1
1703 	1
1704 	1
1705 	1
1708 	1
1709 	1
1712 	1
1713 	1
1714 	1
1716 	1
1718 	1
1720 	1
1721 	1
1723 	1
1724 	1
1725 	1
1728 	1
1731 	1
1732 	1
1733 	1
1734 	1
1735 	1
1738 	1
1741 	1
1745 	1
1747 	1
1749 	1
1751 	1
1754 	1
1761 	1
1765 	1
1766 	1
1768 	1
1769 	1
1773 	1
1774 	1
1777 	1
1778 	1
1779 	1
1781 	1
1784 	1
1785 	1
1789 	1
1794 	1
1798 	1
1799 	1
1800 	1
1801 	1
1802 	1
1804 	1
1805 	1
1806 	1
1807 	1
1808 	1
1809 	1
1812 	1
1813 	1
1818 	1
1819 	1
1823 	1
1826 	1
1827 	1
1828 	1
1831 	1
1832 	1
1833 	1
1834 	1
1839 	1
1840 	1
1841 	1
1843 	1
1844 	1
1845 	1
1846 	1
1847 	1
1848 	1
1849 	1
1850 	1
1852 	1
1853 	1
1855 	1
1856 	1
1857 	1
1862 	1
1865 	1
1866 	1
1867 	1
1869 	1
1872 	1
1873 	1
1874 	1
1875 	1
1876 	1
1877 	1
1879 	1
1881 	1
1882 	1
1883 	1
1887 	1
1890 	1
1891 	1
1897 	1
1900 	1
1903 	1
1904 	1
1905 	1
1907 	1
1908 	1
1911 	1
1914 	1
1920 	1
1921 	1
1922 	1
1923 	1
1932 	1
1935 	1
1940 	1
1949 	1
1952 	1
1956 	1
1957 	1
1960 	1
1961 	1
1962 	1
1964 	1
1965 	1
1967 	1
1971 	1
1974 	1
1977 	1
1981 	1
1983 	1
1984 	1
1989 	1
1996 	1
1998 	1
2000 	1
2001 	1
2002 	1
2003 	1
2004 	1
2005 	1
2008 	1
2010 	1
2012 	1
2016 	1
2019 	1
2022 	1
2023 	1
2025 	1
2031 	1
2035 	1
2036 	1
2039 	1
2042 	1
2043 	1
2047 	1
2050 	1
2051 	1
2052 	1
2054 	1
2056 	1
2057 	1
2059 	1
2060 	1
2061 	1
2062 	1
2063 	1
2065 	1
2066 	1
2072 	1
2073 	1
2074 	1
2076 	1
2078 	1
2079 	1
2080 	1
2085 	1
2088 	1
2089 	1
2090 	1
2092 	1
2093 	1
2095 	1
2099 	1
2102 	1
2103 	1
2105 	1
2107 	1
2108 	1
2110 	1
2112 	1
2115 	1
2116 	1
2119 	1
2120 	1
2122 	1
2124 	1
2126 	1
2127 	1
2128 	1
2132 	1
2133 	1
2135 	1
2137 	1
2138 	1
2141 	1
2146 	1
2147 	1
2150 	1
2151 	1
2156 	1
2159 	1
2169 	1
2170 	1
2171 	1
2173 	1
2174 	1
2175 	1
2177 	1
2180 	1
2182 	1
2184 	1
2186 	1
2191 	1
2192 	1
2193 	1
2194 	1
2196 	1
2198 	1
2199 	1
2200 	1
2201 	1
2202 	1
2204 	1
2209 	1
2211 	1
2212 	1
2215 	1
2221 	1
2222 	1
2223 	1
2225 	1
2226 	1
2228 	1
2229 	1
2232 	1
2233 	1
2235 	1
2236 	1
2240 	1
2241 	1
2242 	1
2243 	1
2244 	1
2245 	1
2248 	1
2249 	1
2250 	1
2254 	1
2255 	1
2257 	1
2259 	1
2260 	1
2261 	1
2262 	1
2263 	1
2265 	1
2267 	1
2268 	1
2269 	1
2271 	1
2272 	1
2273 	1
2275 	1
2277 	1
2280 	1
2281 	1
2283 	1
2285 	1
2290 	1
2292 	1
2295 	1
2296 	1
2297 	1
2298 	1
2301 	1
2302 	1
2304 	1
2306 	1
2307 	1
2308 	1
2309 	1
2310 	1
2311 	1
2312 	1
2313 	1
2317 	1
2321 	1
2322 	1
2323 	1
2324 	1
2326 	1
2330 	1
2335 	1
2337 	1
2338 	1
2340 	1
2344 	1
2346 	1
2347 	1
2348 	1
2350 	1
2351 	1
2352 	1
2355 	1
2356 	1
2357 	1
2358 	1
2359 	1
2363 	1
2365 	1
2367 	1
2370 	1
2372 	1
2373 	1
2375 	1
2378 	1
2383 	1
2388 	1
2389 	1
2391 	1
2392 	1
2393 	1
2394 	1
2401 	1
2402 	1
2404 	1
2405 	1
2407 	1
2408 	1
2410 	1
2411 	1
2412 	1
2415 	1
2417 	1
2418 	1
2419 	1
2420 	1
2421 	1
2424 	1
2427 	1
2428 	1
2429 	1
2430 	1
2431 	1
2432 	1
2437 	1
2440 	1
2441 	1
2444 	1
2445 	1
2447 	1
2450 	1
2452 	1
2456 	1
2457 	1
2458 	1
2460 	1
2462 	1
2463 	1
2465 	1
2467 	1
2469 	1
2470 	1
2474 	1
2477 	1
2480 	1
2481 	1
2482 	1
2483 	1
2485 	1
2486 	1
2487 	1
2488 	1
2492 	1
2499 	1
2500 	1
2501 	1
2503 	1
2504 	1
2505 	1
2509 	1
2510 	1
2511 	1
2512 	1
2513 	1
2514 	1
2515 	1
2516 	1
2519 	1
2521 	1
2522 	1
2524 	1
2525 	1
2527 	1
2529 	1
2531 	1
2534 	1
2535 	1
2536 	1
2537 	1
2539 	1
2542 	1
2543 	1
2544 	1
2545 	1
2548 	1
2550 	1
2551 	1
2554 	1
2555 	1
2557 	1
2559 	1
2560 	1
2561 	1
2564 	1
2565 	1
2567 	1
2571 	1
2572 	1
2573 	1
2574 	1
2580 	1
2581 	1
2585 	1
2586 	1
2587 	1
2589 	1
2591 	1
2592 	1
2593 	1
2595 	1
2596 	1
2599 	1
2600 	1
2602 	1
2604 	1
2605 	1
2607 	1
2608 	1
2609 	1
2611 	1
2612 	1
2613 	1
2615 	1
2616 	1
2617 	1
2618 	1
2621 	1
2623 	1
2624 	1
2626 	1
2627 	1
2631 	1
2632 	1
2633 	1
2637 	1
2640 	1
2643 	1
2649 	1
2650 	1
2651 	1
2652 	1
2653 	1
2655 	1
2659 	1
2660 	1
2663 	1
2664 	1
2665 	1
2667 	1
2668 	1
2672 	1
2673 	1
2675 	1
2677 	1
2678 	1
2679 	1
2681 	1
2688 	1
2690 	1
2692 	1
2694 	1
2697 	1
2698 	1
2699 	1
2701 	1
2706 	1
2708 	1
2709 	1
2711 	1
2713 	1
2717 	1
2720 	1
2721 	1
2723 	1
2727 	1
2730 	1
2731 	1
2733 	1
2736 	1
2737 	1
2738 	1
2739 	1
2746 	1
2747 	1
2748 	1
2752 	1
2755 	1
2756 	1
2757 	1
2758 	1
2759 	1
2760 	1
2762 	1
2763 	1
2768 	1
2771 	1
2779 	1
2780 	1
2781 	1
2782 	1
2783 	1
2786 	1
2788 	1
2789 	1
2791 	1
2793 	1
2794 	1
2795 	1
2798 	1
2800 	1
2803 	1
2804 	1
2805 	1
2807 	1
2808 	1
2809 	1
2811 	1
2814 	1
2815 	1
2816 	1
2817 	1
2820 	1
2821 	1
2823 	1
2824 	1
2826 	1
2827 	1
2828 	1
2829 	1
2830 	1
2832 	1
2833 	1
2835 	1
2839 	1
2841 	1
2842 	1
2844 	1
2845 	1
2846 	1
2847 	1
2848 	1
2849 	1
2851 	1
2857 	1
2861 	1
2866 	1
2868 	1
2880 	1
2881 	1
2884 	1
2886 	1
2887 	1
2888 	1
2893 	1
2895 	1
2896 	1
2900 	1
2905 	1
2906 	1
2907 	1
2909 	1
2912 	1
2914 	1
2915 	1
2916 	1
2917 	1
2918 	1
2922 	1
2924 	1
2929 	1
2930 	1
2932 	1
2933 	1
2937 	1
2939 	1
2940 	1
2941 	1
2942 	1
2943 	1
2944 	1
2949 	1
2952 	1
2953 	1
2957 	1
2959 	1
2960 	1
2961 	1
2962 	1
2963 	1
2964 	1
2966 	1
2970 	1
2972 	1
2975 	1
2976 	1
2980 	1
2985 	1
2987 	1
2995 	1
2998 	1
3003 	1
3004 	1
3005 	1
3008 	1
3010 	1
3013 	1
3014 	1
3019 	1
3020 	1
3023 	1
3024 	1
3027 	1
3031 	1
3032 	1
3034 	1
3039 	1
3040 	1
3043 	1
3046 	1
3047 	1
3048 	1
3050 	1
3051 	1
3054 	1
3056 	1
3057 	1
3060 	1
3064 	1
3065 	1
3066 	1
3068 	1
3069 	1
3071 	1
3072 	1
3073 	1
3076 	1
3079 	1
3080 	1
3081 	1
3082 	1
3084 	1
3085 	1
3088 	1
3090 	1
3091 	1
3092 	1
3093 	1
3094 	1
3100 	1
3101 	1
3103 	1
3107 	1
3108 	1
3110 	1
3111 	1
3113 	1
3117 	1
3118 	1
3119 	1
3120 	1
3122 	1
3126 	1
3127 	1
3128 	1
3130 	1
3131 	1
3133 	1
3135 	1
3136 	1
3137 	1
3138 	1
3139 	1
3143 	1
3144 	1
3145 	1
3147 	1
3148 	1
3153 	1
3155 	1
3156 	1
3157 	1
3158 	1
3161 	1
3163 	1
3166 	1
3168 	1
3169 	1
3170 	1
3173 	1
3174 	1
3177 	1
3178 	1
3179 	1
3183 	1
3185 	1
3191 	1
3192 	1
3193 	1
3194 	1
3198 	1
3199 	1
3200 	1
3201 	1
3203 	1
3204 	1
3208 	1
3211 	1
3212 	1
3215 	1
3217 	1
3218 	1
3223 	1
3224 	1
3225 	1
3227 	1
3232 	1
3233 	1
3235 	1
3237 	1
3238 	1
3241 	1
3242 	1
3244 	1
3247 	1
3249 	1
3255 	1
3259 	1
3261 	1
3263 	1
3264 	1
3267 	1
3268 	1
3271 	1
3272 	1
3275 	1
3277 	1
3280 	1
3281 	1
3282 	1
3283 	1
3284 	1
3293 	1
3296 	1
3298 	1
3302 	1
3304 	1
3305 	1
3306 	1
3309 	1
3311 	1
3313 	1
3316 	1
3317 	1
3319 	1
3320 	1
3322 	1
3323 	1
3325 	1
3328 	1
3329 	1
3331 	1
3332 	1
3333 	1
3336 	1
3337 	1
3338 	1
3342 	1
3345 	1
3350 	1
3351 	1
3353 	1
3354 	1
3355 	1
3358 	1
3359 	1
3360 	1
3361 	1
3363 	1
3364 	1
3366 	1
3367 	1
3368 	1
3369 	1
3371 	1
3374 	1
3376 	1
3383 	1
3384 	1
3385 	1
3386 	1
3387 	1
3389 	1
3393 	1
3394 	1
3395 	1
3396 	1
3398 	1
3403 	1
3404 	1
3406 	1
3407 	1
3410 	1
3411 	1
3412 	1
3413 	1
3414 	1
3415 	1
3420 	1
3421 	1
3423 	1
3425 	1
3426 	1
3427 	1
3429 	1
3430 	1
3432 	1
3436 	1
3437 	1
3438 	1
3439 	1
3443 	1
3445 	1
3448 	1
3450 	1
3451 	1
3452 	1
3457 	1
3461 	1
3462 	1
3464 	1
3465 	1
3467 	1
3470 	1
3473 	1
3475 	1
3476 	1
3478 	1
3479 	1
3481 	1
3488 	1
3490 	1
3492 	1
3495 	1
3496 	1
3497 	1
3499 	1
3502 	1
3508 	1
3509 	1
3511 	1
3512 	1
3514 	1
3516 	1
3518 	1
3520 	1
3521 	1
3523 	1
3526 	1
3528 	1
3531 	1
3534 	1
3543 	1
3547 	1
3549 	1
3550 	1
3551 	1
3552 	1
3553 	1
3557 	1
3558 	1
3559 	1
3564 	1
3565 	1
3568 	1
3570 	1
3571 	1
3572 	1
3573 	1
3576 	1
3577 	1
3579 	1
3580 	1
3581 	1
3582 	1
3584 	1
3586 	1
3588 	1
3590 	1
3591 	1
3596 	1
3597 	1
3598 	1
3600 	1
3602 	1
3603 	1
3605 	1
3606 	1
3607 	1
3610 	1
3611 	1
3612 	1
3615 	1
3617 	1
3621 	1
3622 	1
3623 	1
3626 	1
3628 	1
3629 	1
3630 	1
3633 	1
3634 	1
3635 	1
3636 	1
3638 	1
3639 	1
3640 	1
3646 	1
3647 	1
3652 	1
3654 	1
3655 	1
3656 	1
3658 	1
3659 	1
3662 	1
3663 	1
3667 	1
3668 	1
3671 	1
3676 	1
3677 	1
3681 	1
3682 	1
3686 	1
3687 	1
3688 	1
3689 	1
3693 	1
3694 	1
3696 	1
3698 	1
3701 	1
3702 	1
3703 	1
3704 	1
3709 	1
3713 	1
3715 	1
3716 	1
3718 	1
3719 	1
3720 	1
3723 	1
3727 	1
3728 	1
3729 	1
3731 	1
3732 	1
3733 	1
3734 	1
3738 	1
3740 	1
3741 	1
3743 	1
3744 	1
3746 	1
3748 	1
3750 	1
3753 	1
3755 	1
3756 	1
3758 	1
3760 	1
3762 	1
3767 	1
3768 	1
3770 	1
3775 	1
3776 	1
3777 	1
3779 	1
3780 	1
3782 	1
3788 	1
3789 	1
3790 	1
3793 	1
3794 	1
3796 	1
3797 	1
3799 	1
3802 	1
3804 	1
3806 	1
3807 	1
3808 	1
3810 	1
3812 	1
3813 	1
3815 	1
3816 	1
3818 	1
3819 	1
3821 	1
3825 	1
3827 	1
3828 	1
3829 	1
3832 	1
3833 	1
3834 	1
3835 	1
3836 	1
3844 	1
3846 	1
3849 	1
3851 	1
3854 	1
3857 	1
3858 	1
3860 	1
3863 	1
3866 	1
3867 	1
3869 	1
3871 	1
3873 	1
3876 	1
3877 	1
3878 	1
3880 	1
3881 	1
3882 	1
3884 	1
3889 	1
3892 	1
3893 	1
3895 	1
3900 	1
3902 	1
3904 	1
3905 	1
3906 	1
3912 	1
3914 	1
3916 	1
3919 	1
3921 	1
3922 	1
3926 	1
3927 	1
3928 	1
3929 	1
3930 	1
3931 	1
3932 	1
3933 	1
3934 	1
3938 	1
3940 	1
3942 	1
3943 	1
3944 	1
3946 	1
3947 	1
3948 	1
3949 	1
3951 	1
3952 	1
3958 	1
3959 	1
3963 	1
3964 	1
3965 	1
3967 	1
3968 	1
3971 	1
3973 	1
3974 	1
3975 	1
3980 	1
3982 	1
3989 	1
3992 	1
3993 	1
3997 	1
3998 	1
3999 	1
4004 	1
4006 	1
4011 	1
4012 	1
4015 	1
4017 	1
4018 	1
4019 	1
4020 	1
4021 	1
4027 	1
4029 	1
4030 	1
4032 	1
4033 	1
4035 	1
4036 	1
4039 	1
4040 	1
4041 	1
4042 	1
4044 	1
4047 	1
4048 	1
4049 	1
4051 	1
4052 	1
4054 	1
4055 	1
4056 	1
4057 	1
4058 	1
4059 	1
4061 	1
4062 	1
4063 	1
4064 	1
4065 	1
4067 	1
4072 	1
4076 	1
4079 	1
4082 	1
4084 	1
4086 	1
4087 	1
4090 	1
4094 	1
4097 	1
4101 	1
4103 	1
4104 	1
4105 	1
4106 	1
4108 	1
4109 	1
4110 	1
4111 	1
4113 	1
4114 	1
4116 	1
4117 	1
4119 	1
4121 	1
4124 	1
4125 	1
4126 	1
4127 	1
4128 	1
4129 	1
4130 	1
4133 	1
4137 	1
4139 	1
4140 	1
4141 	1
4142 	1
4146 	1
4148 	1
4150 	1
4152 	1
4153 	1
4156 	1
4157 	1
4158 	1
4159 	1
4163 	1
4164 	1
4166 	1
4167 	1
4170 	1
4171 	1
4172 	1
4173 	1
4174 	1
4175 	1
4176 	1
4180 	1
4184 	1
4187 	1
4191 	1
4193 	1
4199 	1
4203 	1
4205 	1
4207 	1
4208 	1
4212 	1
4216 	1
4217 	1
4219 	1
4220 	1
4221 	1
4222 	1
4224 	1
4225 	1
4227 	1
4229 	1
4232 	1
4233 	1
4235 	1
4236 	1
4237 	1
4238 	1
4240 	1
4241 	1
4243 	1
4245 	1
4247 	1
4249 	1
4251 	1
4253 	1
4255 	1
4257 	1
4259 	1
4264 	1
4265 	1
4266 	1
4268 	1
4269 	1
4270 	1
4271 	1
4274 	1
4278 	1
4280 	1
4281 	1
4282 	1
4283 	1
4286 	1
4287 	1
4288 	1
4291 	1
4292 	1
4293 	1
4294 	1
4302 	1
4305 	1
4306 	1
4307 	1
4309 	1
4310 	1
4311 	1
4312 	1
4313 	1
4315 	1
4316 	1
4317 	1
4321 	1
4322 	1
4323 	1
4325 	1
4329 	1
4330 	1
4333 	1
4335 	1
4337 	1
4339 	1
4340 	1
4345 	1
4346 	1
4347 	1
4348 	1
4350 	1
4356 	1
4359 	1
4360 	1
4362 	1
4364 	1
4365 	1
4366 	1
4367 	1
4368 	1
4371 	1
4372 	1
4373 	1
4374 	1
4377 	1
4378 	1
4379 	1
4381 	1
4382 	1
4385 	1
4387 	1
4388 	1
4389 	1
4392 	1
4393 	1
4394 	1
4395 	1
4399 	1
4402 	1
4403 	1
4404 	1
4406 	1
4407 	1
4408 	1
4409 	1
4410 	1
4413 	1
4414 	1
4415 	1
4416 	1
4419 	1
4423 	1
4427 	1
4428 	1
4433 	1
4436 	1
4438 	1
4440 	1
4443 	1
4444 	1
4445 	1
4450 	1
4451 	1
4452 	1
4453 	1
4456 	1
4458 	1
4462 	1
4463 	1
4464 	1
4466 	1
4473 	1
4474 	1
4477 	1
4481 	1
4482 	1
4485 	1
4487 	1
4489 	1
4492 	1
4493 	1
4494 	1
4495 	1
4496 	1
4498 	1
4499 	1
4501 	1
4503 	1
4504 	1
4505 	1
4508 	1
4513 	1
4516 	1
4517 	1
4522 	1
4523 	1
4524 	1
4525 	1
4527 	1
4528 	1
4529 	1
4532 	1
4534 	1
4535 	1
4540 	1
4545 	1
4553 	1
4556 	1
4557 	1
4559 	1
4561 	1
4562 	1
4565 	1
4566 	1
4569 	1
4570 	1
4571 	1
4572 	1
4573 	1
4578 	1
4579 	1
4583 	1
4584 	1
4585 	1
4586 	1
4588 	1
4594 	1
4595 	1
4600 	1
4601 	1
4604 	1
4605 	1
4606 	1
4607 	1
4608 	1
4609 	1
4610 	1
4611 	1
4613 	1
4616 	1
4617 	1
4619 	1
4620 	1
4623 	1
4627 	1
4628 	1
4629 	1
4633 	1
4635 	1
4640 	1
4642 	1
4644 	1
4646 	1
4648 	1
4649 	1
4650 	1
4651 	1
4656 	1
4659 	1
4661 	1
4662 	1
4664 	1
4665 	1
4672 	1
4675 	1
4678 	1
4679 	1
4681 	1
4682 	1
4684 	1
4685 	1
4690 	1
4691 	1
4692 	1
4698 	1
4700 	1
4702 	1
4705 	1
4708 	1
4710 	1
4712 	1
4714 	1
4715 	1
4716 	1
4718 	1
4720 	1
4721 	1
4722 	1
4723 	1
4724 	1
4725 	1
4729 	1
4732 	1
4734 	1
4740 	1
4743 	1
4744 	1
4746 	1
4747 	1
4749 	1
4751 	1
4756 	1
4758 	1
4760 	1
4761 	1
4764 	1
4769 	1
4770 	1
4772 	1
4773 	1
4776 	1
4777 	1
4778 	1
4779 	1
4780 	1
4782 	1
4785 	1
4789 	1
4792 	1
4793 	1
4794 	1
4795 	1
4800 	1
4801 	1
4802 	1
4807 	1
4808 	1
4811 	1
4812 	1
4814 	1
4815 	1
4821 	1
4823 	1
4824 	1
4828 	1
4831 	1
4832 	1
4837 	1
4838 	1
4840 	1
4844 	1
4845 	1
4846 	1
4847 	1
4848 	1
4850 	1
4851 	1
4854 	1
4855 	1
4856 	1
4857 	1
4859 	1
4864 	1
4868 	1
4869 	1
4872 	1
4874 	1
4875 	1
4882 	1
4883 	1
4884 	1
4885 	1
4886 	1
4887 	1
4889 	1
4891 	1
4892 	1
4893 	1
4895 	1
4898 	1
4899 	1
4904 	1
4906 	1
4908 	1
4909 	1
4910 	1
4913 	1
4915 	1
4917 	1
4918 	1
4919 	1
4920 	1
4921 	1
4924 	1
4925 	1
4926 	1
4928 	1
4929 	1
4930 	1
4934 	1
4935 	1
4936 	1
4939 	1
4940 	1
4945 	1
4946 	1
4947 	1
4948 	1
4949 	1
4950 	1
4951 	1
4957 	1
4960 	1
4964 	1
4965 	1
4966 	1
4969 	1
4970 	1
4971 	1
4973 	1
4977 	1
4978 	1
4979 	1
4980 	1
4981 	1
4982 	1
4984 	1
4987 	1
4994 	1
4995 	1
4996 	1
4998 	1
4999 	1
5000 	1
5001 	1
5004 	1
5006 	1
5010 	1
5011 	1
5012 	1
5015 	1
5016 	1
5019 	1
5022 	1
5023 	1
5026 	1
5032 	1
5033 	1
5037 	1
5039 	1
5042 	1
5044 	1
5046 	1
5047 	1
5048 	1
5049 	1
5051 	1
5052 	1
5053 	1
5054 	1
5056 	1
5058 	1
5059 	1
5060 	1
5061 	1
5062 	1
5063 	1
5067 	1
5068 	1
5070 	1
5071 	1
5072 	1
5078 	1
5080 	1
5082 	1
5087 	1
5088 	1
5089 	1
5090 	1
5091 	1
5092 	1
5097 	1
5098 	1
5099 	1
5100 	1
5101 	1
5102 	1
5104 	1
5107 	1
5109 	1
5110 	1
5111 	1
5113 	1
5115 	1
5116 	1
5118 	1
5119 	1
5122 	1
5123 	1
5124 	1
5127 	1
5128 	1
5129 	1
5147 	1
5156 	1
5157 	1
5158 	1
5159 	1
5164 	1
5167 	1
5169 	1
5171 	1
5173 	1
5175 	1
5176 	1
5177 	1
5180 	1
5183 	1
5184 	1
5186 	1
5187 	1
5193 	1
5194 	1
5195 	1
5197 	1
5200 	1
5201 	1
5202 	1
5207 	1
5208 	1
5209 	1
5212 	1
5213 	1
5214 	1
5215 	1
5220 	1
5222 	1
5223 	1
5228 	1
5232 	1
5238 	1
5239 	1
5240 	1
5241 	1
5242 	1
5243 	1
5245 	1
5247 	1
5251 	1
5252 	1
5257 	1
5258 	1
5260 	1
5261 	1
5263 	1
5265 	1
5269 	1
5272 	1
5273 	1
5274 	1
5276 	1
5278 	1
5279 	1
5282 	1
5283 	1
5284 	1
5285 	1
5288 	1
5292 	1
5296 	1
5298 	1
5303 	1
5304 	1
5307 	1
5311 	1
5312 	1
5314 	1
5315 	1
5318 	1
5319 	1
5321 	1
5322 	1
5323 	1
5327 	1
5328 	1
5331 	1
5332 	1
5335 	1
5336 	1
5337 	1
5338 	1
5341 	1
5342 	1
5344 	1
5345 	1
5346 	1
5349 	1
5352 	1
5356 	1
5358 	1
5359 	1
5360 	1
5370 	1
5371 	1
5373 	1
5375 	1
5377 	1
5379 	1
5380 	1
5381 	1
5382 	1
5383 	1
5384 	1
5385 	1
5388 	1
5389 	1
5391 	1
5392 	1
5393 	1
5399 	1
5401 	1
5403 	1
5404 	1
5407 	1
5408 	1
5409 	1
5411 	1
5412 	1
5413 	1
5414 	1
5418 	1
5419 	1
5420 	1
5421 	1
5427 	1
5431 	1
5432 	1
5436 	1
5437 	1
5439 	1
5440 	1
5441 	1
5445 	1
5446 	1
5448 	1
5449 	1
5451 	1
5455 	1
5456 	1
5460 	1
5464 	1
5465 	1
5466 	1
5468 	1
5474 	1
5475 	1
5478 	1
5479 	1
5480 	1
5481 	1
5485 	1
5488 	1
5490 	1
5491 	1
5493 	1
5499 	1
5500 	1
5504 	1
5506 	1
5508 	1
5509 	1
5511 	1
5512 	1
5515 	1
5516 	1
5518 	1
5520 	1
5521 	1
5525 	1
5526 	1
5527 	1
5528 	1
5529 	1
5530 	1
5533 	1
5537 	1
5538 	1
5542 	1
5543 	1
5544 	1
5545 	1
5547 	1
5549 	1
5550 	1
5551 	1
5552 	1
5553 	1
5556 	1
5558 	1
5559 	1
5566 	1
5567 	1
5568 	1
5571 	1
5572 	1
5574 	1
5576 	1
5579 	1
5582 	1
5583 	1
5584 	1
5586 	1
5587 	1
5591 	1
5595 	1
5596 	1
5598 	1
5600 	1
5601 	1
5603 	1
5607 	1
5608 	1
5610 	1
5612 	1
5613 	1
5614 	1
5615 	1
5617 	1
5618 	1
5621 	1
5626 	1
5627 	1
5635 	1
5639 	1
5642 	1
5648 	1
5649 	1
5650 	1
5651 	1
5652 	1
5654 	1
5658 	1
5659 	1
5660 	1
5662 	1
5664 	1
5665 	1
5669 	1
5671 	1
5672 	1
5673 	1
5674 	1
5678 	1
5679 	1
5682 	1
5685 	1
5686 	1
5687 	1
5688 	1
5689 	1
5690 	1
5692 	1
5693 	1
5694 	1
5696 	1
5697 	1
5699 	1
5700 	1
5701 	1
5705 	1
5709 	1
5710 	1
5712 	1
5713 	1
5715 	1
5716 	1
5719 	1
5722 	1
5723 	1
5725 	1
5726 	1
5728 	1
5729 	1
5730 	1
5733 	1
5735 	1
5736 	1
5738 	1
5740 	1
5741 	1
5742 	1
5752 	1
5754 	1
5755 	1
5757 	1
5759 	1
5760 	1
5761 	1
5764 	1
5766 	1
5772 	1
5773 	1
5775 	1
5777 	1
5782 	1
5785 	1
5788 	1
5789 	1
5793 	1
5796 	1
5799 	1
5802 	1
5803 	1
5807 	1
5808 	1
5811 	1
5816 	1
5817 	1
5818 	1
5819 	1
5820 	1
5821 	1
5828 	1
5832 	1
5833 	1
5835 	1
5836 	1
5837 	1
5838 	1
5840 	1
5841 	1
5844 	1
5845 	1
5849 	1
5854 	1
5856 	1
5860 	1
5863 	1
5866 	1
5870 	1
5873 	1
5875 	1
5878 	1
5879 	1
5881 	1
5884 	1
5885 	1
5886 	1
5887 	1
5888 	1
5889 	1
5890 	1
5891 	1
5893 	1
5894 	1
5897 	1
5898 	1
5903 	1
5912 	1
5914 	1
5917 	1
5919 	1
5920 	1
5921 	1
5922 	1
5925 	1
5926 	1
5927 	1
5929 	1
5930 	1
5931 	1
5933 	1
5935 	1
5936 	1
5939 	1
5944 	1
5945 	1
5946 	1
5948 	1
5949 	1
5950 	1
5951 	1
5953 	1
5956 	1
5958 	1
5964 	1
5965 	1
5966 	1
5967 	1
5968 	1
5970 	1
5974 	1
5976 	1
5977 	1
5978 	1
5982 	1
5984 	1
5986 	1
5988 	1
5990 	1
5991 	1
5992 	1
5997 	1
5998 	1
5999 	1
6002 	1
6006 	1
6008 	1
6009 	1
6013 	1
6016 	1
6017 	1
6022 	1
6023 	1
6025 	1
6027 	1
6030 	1
6032 	1
6035 	1
6039 	1
6043 	1
6044 	1
6045 	1
6047 	1
6048 	1
6055 	1
6056 	1
6057 	1
6063 	1
6064 	1
6066 	1
6068 	1
6071 	1
6074 	1
6076 	1
6079 	1
6080 	1
6082 	1
6083 	1
6087 	1
6088 	1
6089 	1
6090 	1
6091 	1
6093 	1
6095 	1
6098 	1
6104 	1
6109 	1
6110 	1
6115 	1
6116 	1
6117 	1
6119 	1
6120 	1
6121 	1
6123 	1
6124 	1
6127 	1
6129 	1
6131 	1
6132 	1
6133 	1
6136 	1
6139 	1
6140 	1
6141 	1
6145 	1
6146 	1
6149 	1
6150 	1
6152 	1
6156 	1
6158 	1
6164 	1
6167 	1
6169 	1
6170 	1
6172 	1
6174 	1
6175 	1
6176 	1
6180 	1
6183 	1
6184 	1
6185 	1
6186 	1
6187 	1
6189 	1
6191 	1
6192 	1
6194 	1
6195 	1
6196 	1
6197 	1
6199 	1
6200 	1
6201 	1
6202 	1
6204 	1
6205 	1
6207 	1
6211 	1
6212 	1
6215 	1
6218 	1
6219 	1
6220 	1
6221 	1
6223 	1
6225 	1
6227 	1
6229 	1
6231 	1
6234 	1
6235 	1
6236 	1
6237 	1
6239 	1
6242 	1
6243 	1
6244 	1
6246 	1
6247 	1
6248 	1
6250 	1
6252 	1
6253 	1
6261 	1
6264 	1
6267 	1
6268 	1
6269 	1
6270 	1
6274 	1
6276 	1
6278 	1
6280 	1
6281 	1
6283 	1
6284 	1
6285 	1
6290 	1
6291 	1
6292 	1
6293 	1
6294 	1
6299 	1
6300 	1
6302 	1
6303 	1
6305 	1
6306 	1
6307 	1
6309 	1
6310 	1
6312 	1
6313 	1
6314 	1
6316 	1
6317 	1
6318 	1
6319 	1
6320 	1
6322 	1
6323 	1
6325 	1
6326 	1
6328 	1
6330 	1
6334 	1
6336 	1
6337 	1
6339 	1
6340 	1
6342 	1
6343 	1
6344 	1
6346 	1
6347 	1
6350 	1
6352 	1
6354 	1
6355 	1
6357 	1
6358 	1
6359 	1
6363 	1
6364 	1
6365 	1
6366 	1
6368 	1
6370 	1
6374 	1
6382 	1
6383 	1
6384 	1
6388 	1
6390 	1
6392 	1
6399 	1
6401 	1
6403 	1
6404 	1
6405 	1
6406 	1
6412 	1
6416 	1
6417 	1
6420 	1
6422 	1
6423 	1
6426 	1
6427 	1
6429 	1
6432 	1
6433 	1
6435 	1
6438 	1
6439 	1
6440 	1
6441 	1
6442 	1
6443 	1
6444 	1
6447 	1
6448 	1
6450 	1
6452 	1
6457 	1
6462 	1
6465 	1
6468 	1
6469 	1
6470 	1
6471 	1
6472 	1
6478 	1
6480 	1
6484 	1
6488 	1
6490 	1
6492 	1
6495 	1
6497 	1
6499 	1
6502 	1
6503 	1
6506 	1
6508 	1
6509 	1
6511 	1
6513 	1
6516 	1
6521 	1
6528 	1
6529 	1
6532 	1
6534 	1
6535 	1
6536 	1
6538 	1
6541 	1
6543 	1
6544 	1
6545 	1
6547 	1
6549 	1
6550 	1
6551 	1
6552 	1
6553 	1
6554 	1
6556 	1
6558 	1
6559 	1
6560 	1
6561 	1
6562 	1
6564 	1
6566 	1
6567 	1
6571 	1
6579 	1
6585 	1
6586 	1
6591 	1
6592 	1
6598 	1
6600 	1
6606 	1
6607 	1
6608 	1
6610 	1
6611 	1
6612 	1
6618 	1
6619 	1
6620 	1
6622 	1
6623 	1
6624 	1
6626 	1
6627 	1
6628 	1
6631 	1
6632 	1
6635 	1
6638 	1
6639 	1
6642 	1
6643 	1
6644 	1
6645 	1
6646 	1
6647 	1
6651 	1
6656 	1
6657 	1
6658 	1
6659 	1
6660 	1
6667 	1
6671 	1
6677 	1
6681 	1
6682 	1
6683 	1
6684 	1
6689 	1
6691 	1
6693 	1
6694 	1
6696 	1
6697 	1
6698 	1
6699 	1
6703 	1
6704 	1
6709 	1
6710 	1
6711 	1
6714 	1
6715 	1
6716 	1
6721 	1
6722 	1
6724 	1
6725 	1
6727 	1
6728 	1
6730 	1
6732 	1
6737 	1
6739 	1
6743 	1
6745 	1
6747 	1
6749 	1
6750 	1
6751 	1
6752 	1
6753 	1
6754 	1
6755 	1
6756 	1
6757 	1
6760 	1
6763 	1
6764 	1
6766 	1
6767 	1
6768 	1
6770 	1
6771 	1
6772 	1
6776 	1
6778 	1
6780 	1
6782 	1
6786 	1
6787 	1
6788 	1
6789 	1
6790 	1
6791 	1
6797 	1
6798 	1
6799 	1
6801 	1
6802 	1
6803 	1
6805 	1
6810 	1
6812 	1
6813 	1
6815 	1
6816 	1
6817 	1
6818 	1
6819 	1
6825 	1
6826 	1
6830 	1
6831 	1
6833 	1
6835 	1
6837 	1
6838 	1
6839 	1
6841 	1
6843 	1
6848 	1
6849 	1
6851 	1
6853 	1
6856 	1
6857 	1
6858 	1
6860 	1
6861 	1
6862 	1
6863 	1
6864 	1
6865 	1
6866 	1
6868 	1
6869 	1
6871 	1
6872 	1
6875 	1
6876 	1
6877 	1
6878 	1
6884 	1
6885 	1
6887 	1
6888 	1
6890 	1
6894 	1
6905 	1
6908 	1
6912 	1
6913 	1
6920 	1
6924 	1
6925 	1
6926 	1
6927 	1
6929 	1
6930 	1
6931 	1
6932 	1
6935 	1
6938 	1
6940 	1
6941 	1
6942 	1
6945 	1
6947 	1
6950 	1
6952 	1
6953 	1
6957 	1
6959 	1
6960 	1
6962 	1
6963 	1
6965 	1
6966 	1
6967 	1
6968 	1
6969 	1
6971 	1
6973 	1
6974 	1
6976 	1
6979 	1
6981 	1
6983 	1
6985 	1
6989 	1
6990 	1
6993 	1
6997 	1
6998 	1
7000 	1
7001 	1
7002 	1
7004 	1
7006 	1
7011 	1
7012 	1
7013 	1
7015 	1
7017 	1
7019 	1
7020 	1
7022 	1
7024 	1
7025 	1
7027 	1
7028 	1
7030 	1
7032 	1
7034 	1
7037 	1
7039 	1
7044 	1
7046 	1
7047 	1
7048 	1
7049 	1
7050 	1
7051 	1
7052 	1
7053 	1
7054 	1
7055 	1
7058 	1
7061 	1
7067 	1
7068 	1
7070 	1
7073 	1
7074 	1
7075 	1
7076 	1
7077 	1
7078 	1
7080 	1
7081 	1
7083 	1
7086 	1
7087 	1
7088 	1
7091 	1
7092 	1
7093 	1
7094 	1
7096 	1
7098 	1
7100 	1
7101 	1
7102 	1
7103 	1
7107 	1
7108 	1
7110 	1
7111 	1
7114 	1
7116 	1
7117 	1
7118 	1
7119 	1
7123 	1
7127 	1
7128 	1
7129 	1
7130 	1
7132 	1
7133 	1
7135 	1
7136 	1
7139 	1
7141 	1
7142 	1
7143 	1
7145 	1
7147 	1
7151 	1
7152 	1
7153 	1
7154 	1
7155 	1
7156 	1
7157 	1
7159 	1
7160 	1
7162 	1
7163 	1
7165 	1
7168 	1
7169 	1
7171 	1
7172 	1
7174 	1
7175 	1
7176 	1
7178 	1
7179 	1
7182 	1
7183 	1
7185 	1
7186 	1
7187 	1
7190 	1
7191 	1
7192 	1
7193 	1
7195 	1
7196 	1
7199 	1
7201 	1
7202 	1
7205 	1
7206 	1
7207 	1
7210 	1
7211 	1
7216 	1
7217 	1
7219 	1
7220 	1
7222 	1
7223 	1
7226 	1
7228 	1
7229 	1
7230 	1
7231 	1
7232 	1
7236 	1
7239 	1
7240 	1
7242 	1
7243 	1
7245 	1
7246 	1
7247 	1
7248 	1
7250 	1
7254 	1
7255 	1
7256 	1
7257 	1
7259 	1
7262 	1
7265 	1
7266 	1
7269 	1
7270 	1
7273 	1
7278 	1
7281 	1
7282 	1
7283 	1
7284 	1
7285 	1
7297 	1
7298 	1
7303 	1
7304 	1
7305 	1
7306 	1
7308 	1
7313 	1
7315 	1
7317 	1
7318 	1
7319 	1
7326 	1
7327 	1
7328 	1
7331 	1
7332 	1
7334 	1
7336 	1
7339 	1
7341 	1
7342 	1
7343 	1
7345 	1
7348 	1
7349 	1
7350 	1
7352 	1
7358 	1
7361 	1
7362 	1
7364 	1
7365 	1
7369 	1
7370 	1
7372 	1
7375 	1
7377 	1
7378 	1
7380 	1
7381 	1
7382 	1
7387 	1
7390 	1
7393 	1
7396 	1
7397 	1
7399 	1
7400 	1
7404 	1
7406 	1
7407 	1
7408 	1
7411 	1
7414 	1
7416 	1
7417 	1
7418 	1
7419 	1
7421 	1
7425 	1
7426 	1
7428 	1
7432 	1
7435 	1
7440 	1
7441 	1
7444 	1
7445 	1
7446 	1
7448 	1
7449 	1
7451 	1
7452 	1
7453 	1
7456 	1
7458 	1
7460 	1
7465 	1
7470 	1
7472 	1
7475 	1
7476 	1
7478 	1
7482 	1
7485 	1
7487 	1
7488 	1
7491 	1
7493 	1
7495 	1
7501 	1
7503 	1
7504 	1
7505 	1
7506 	1
7509 	1
7510 	1
7512 	1
7513 	1
7514 	1
7515 	1
7520 	1
7523 	1
7526 	1
7527 	1
7529 	1
7530 	1
7531 	1
7532 	1
7534 	1
7535 	1
7539 	1
7540 	1
7542 	1
7543 	1
7545 	1
7546 	1
7550 	1
7552 	1
7555 	1
7557 	1
7558 	1
7559 	1
7560 	1
7561 	1
7563 	1
7567 	1
7568 	1
7575 	1
7580 	1
7582 	1
7587 	1
7588 	1
7589 	1
7590 	1
7592 	1
7593 	1
7594 	1
7595 	1
7596 	1
7600 	1
7604 	1
7605 	1
7606 	1
7609 	1
7610 	1
7612 	1
7613 	1
7617 	1
7618 	1
7619 	1
7620 	1
7625 	1
7626 	1
7632 	1
7633 	1
7634 	1
7635 	1
7636 	1
7638 	1
7639 	1
7641 	1
7642 	1
7643 	1
7644 	1
7645 	1
7648 	1
7652 	1
7653 	1
7655 	1
7659 	1
7662 	1
7663 	1
7665 	1
7666 	1
7668 	1
7669 	1
7670 	1
7671 	1
7673 	1
7674 	1
7677 	1
7680 	1
7682 	1
7684 	1
7686 	1
7692 	1
7694 	1
7696 	1
7699 	1
7701 	1
7704 	1
7705 	1
7706 	1
7707 	1
7708 	1
7715 	1
7716 	1
7717 	1
7718 	1
7719 	1
7720 	1
7721 	1
7722 	1
7725 	1
7728 	1
7729 	1
7730 	1
7731 	1
7732 	1
7734 	1
7735 	1
7737 	1
7738 	1
7739 	1
7745 	1
7746 	1
7749 	1
7750 	1
7751 	1
7753 	1
7755 	1
7757 	1
7758 	1
7759 	1
7760 	1
7761 	1
7765 	1
7773 	1
7774 	1
7775 	1
7777 	1
7778 	1
7780 	1
7783 	1
7784 	1
7786 	1
7789 	1
7790 	1
7792 	1
7793 	1
7795 	1
7797 	1
7800 	1
7802 	1
7803 	1
7805 	1
7806 	1
7807 	1
7809 	1
7810 	1
7811 	1
7812 	1
7813 	1
7815 	1
7816 	1
7817 	1
7818 	1
7821 	1
7826 	1
7828 	1
7832 	1
7834 	1
7835 	1
7836 	1
7837 	1
7838 	1
7839 	1
7840 	1
7843 	1
7844 	1
7845 	1
7849 	1
7850 	1
7854 	1
7856 	1
7857 	1
7859 	1
7860 	1
7862 	1
7863 	1
7864 	1
7866 	1
7867 	1
7869 	1
7870 	1
7872 	1
7877 	1
7878 	1
7882 	1
7887 	1
7888 	1
7891 	1
7895 	1
7896 	1
7898 	1
7899 	1
7900 	1
7902 	1
7903 	1
7906 	1
7908 	1
7909 	1
7912 	1
7915 	1
7916 	1
7917 	1
7918 	1
7919 	1
7920 	1
7921 	1
7922 	1
7923 	1
7926 	1
7927 	1
7928 	1
7931 	1
7933 	1
7934 	1
7937 	1
7938 	1
7941 	1
7942 	1
7943 	1
7944 	1
7945 	1
7946 	1
7947 	1
7949 	1
7950 	1
7951 	1
7954 	1
7955 	1
7957 	1
7960 	1
7962 	1
7963 	1
7969 	1
7975 	1
7979 	1
7984 	1
7985 	1
7988 	1
7989 	1
7990 	1
7991 	1
7993 	1
7996 	1
7997 	1
7999 	1
8000 	1
8003 	1
8005 	1
8006 	1
8007 	1
8010 	1
8012 	1
8014 	1
8015 	1
8016 	1
8024 	1
8026 	1
8028 	1
8034 	1
8035 	1
8036 	1
8038 	1
8039 	1
8040 	1
8047 	1
8051 	1
8052 	1
8057 	1
8060 	1
8064 	1
8065 	1
8066 	1
8067 	1
8070 	1
8071 	1
8073 	1
8074 	1
8075 	1
8077 	1
8078 	1
8079 	1
8081 	1
8083 	1
8085 	1
8086 	1
8087 	1
8088 	1
8089 	1
8092 	1
8094 	1
8095 	1
8099 	1
8101 	1
8103 	1
8105 	1
8106 	1
8108 	1
8110 	1
8113 	1
8115 	1
8116 	1
8117 	1
8119 	1
8120 	1
8123 	1
8124 	1
8125 	1
8126 	1
8127 	1
8128 	1
8130 	1
8132 	1
8134 	1
8137 	1
8139 	1
8140 	1
8143 	1
8144 	1
8146 	1
8147 	1
8149 	1
8151 	1
8152 	1
8154 	1
8156 	1
8157 	1
8158 	1
8159 	1
8160 	1
8162 	1
8163 	1
8164 	1
8165 	1
8166 	1
8167 	1
8169 	1
8170 	1
8171 	1
8176 	1
8179 	1
8181 	1
8184 	1
8186 	1
8188 	1
8189 	1
8190 	1
8195 	1
8196 	1
8200 	1
8202 	1
8206 	1
8209 	1
8213 	1
8214 	1
8216 	1
8219 	1
8224 	1
8226 	1
8228 	1
8229 	1
8230 	1
8231 	1
8233 	1
8234 	1
8235 	1
8236 	1
8237 	1
8238 	1
8240 	1
8241 	1
8244 	1
8245 	1
8246 	1
8247 	1
8248 	1
8250 	1
8252 	1
8255 	1
8256 	1
8263 	1
8268 	1
8269 	1
8278 	1
8284 	1
8285 	1
8287 	1
8289 	1
8290 	1
8292 	1
8296 	1
8297 	1
8300 	1
8303 	1
8304 	1
8305 	1
8306 	1
8309 	1
8312 	1
8313 	1
8315 	1
8316 	1
8320 	1
8323 	1
8324 	1
8326 	1
8327 	1
8330 	1
8332 	1
8333 	1
8336 	1
8338 	1
8341 	1
8342 	1
8345 	1
8347 	1
8348 	1
8351 	1
8354 	1
8356 	1
8359 	1
8361 	1
8362 	1
8365 	1
8366 	1
8367 	1
8368 	1
8369 	1
8370 	1
8371 	1
8376 	1
8378 	1
8380 	1
8385 	1
8387 	1
8389 	1
8390 	1
8394 	1
8395 	1
8396 	1
8403 	1
8405 	1
8406 	1
8410 	1
8412 	1
8413 	1
8417 	1
8419 	1
8422 	1
8423 	1
8426 	1
8429 	1
8430 	1
8442 	1
8443 	1
8444 	1
8445 	1
8447 	1
8448 	1
8451 	1
8455 	1
8456 	1
8457 	1
8460 	1
8464 	1
8467 	1
8468 	1
8470 	1
8474 	1
8475 	1
8477 	1
8482 	1
8485 	1
8486 	1
8487 	1
8489 	1
8490 	1
8494 	1
8495 	1
8496 	1
8500 	1
8502 	1
8503 	1
8505 	1
8507 	1
8509 	1
8514 	1
8515 	1
8517 	1
8518 	1
8519 	1
8520 	1
8521 	1
8526 	1
8527 	1
8528 	1
8531 	1
8532 	1
8534 	1
8538 	1
8539 	1
8541 	1
8543 	1
8545 	1
8547 	1
8550 	1
8552 	1
8553 	1
8554 	1
8555 	1
8556 	1
8557 	1
8561 	1
8562 	1
8566 	1
8567 	1
8571 	1
8575 	1
8576 	1
8577 	1
8580 	1
8583 	1
8585 	1
8587 	1
8588 	1
8589 	1
8592 	1
8593 	1
8594 	1
8595 	1
8601 	1
8602 	1
8613 	1
8614 	1
8615 	1
8618 	1
8619 	1
8620 	1
8621 	1
8622 	1
8627 	1
8629 	1
8631 	1
8632 	1
8633 	1
8634 	1
8636 	1
8641 	1
8643 	1
8645 	1
8647 	1
8648 	1
8650 	1
8651 	1
8654 	1
8655 	1
8659 	1
8660 	1
8661 	1
8663 	1
8664 	1
8665 	1
8667 	1
8668 	1
8670 	1
8672 	1
8673 	1
8674 	1
8676 	1
8677 	1
8681 	1
8682 	1
8685 	1
8688 	1
8689 	1
8690 	1
8692 	1
8693 	1
8695 	1
8696 	1
8697 	1
8698 	1
8699 	1
8700 	1
8702 	1
8709 	1
8710 	1
8712 	1
8715 	1
8717 	1
8718 	1
8720 	1
8722 	1
8724 	1
8726 	1
8727 	1
8730 	1
8731 	1
8733 	1
8734 	1
8736 	1
8738 	1
8739 	1
8743 	1
8744 	1
8746 	1
8749 	1
8751 	1
8754 	1
8760 	1
8762 	1
8765 	1
8767 	1
8770 	1
8771 	1
8774 	1
8776 	1
8779 	1
8780 	1
8781 	1
8782 	1
8783 	1
8785 	1
8788 	1
8793 	1
8795 	1
8796 	1
8798 	1
8800 	1
8801 	1
8802 	1
8804 	1
8805 	1
8806 	1
8809 	1
8810 	1
8812 	1
8814 	1
8815 	1
8816 	1
8819 	1
8821 	1
8825 	1
8826 	1
8833 	1
8835 	1
8836 	1
8837 	1
8839 	1
8840 	1
8843 	1
8844 	1
8847 	1
8849 	1
8850 	1
8851 	1
8856 	1
8860 	1
8861 	1
8862 	1
8868 	1
8873 	1
8874 	1
8877 	1
8878 	1
8879 	1
8881 	1
8884 	1
8885 	1
8887 	1
8888 	1
8889 	1
8891 	1
8898 	1
8905 	1
8906 	1
8908 	1
8909 	1
8913 	1
8915 	1
8917 	1
8918 	1
8928 	1
8931 	1
8932 	1
8934 	1
8935 	1
8936 	1
8938 	1
8939 	1
8941 	1
8942 	1
8943 	1
8944 	1
8945 	1
8946 	1
8949 	1
8950 	1
8952 	1
8956 	1
8958 	1
8959 	1
8962 	1
8963 	1
8966 	1
8969 	1
8971 	1
8972 	1
8979 	1
8980 	1
8981 	1
8982 	1
8983 	1
8985 	1
8986 	1
8987 	1
8988 	1
8990 	1
8991 	1
8992 	1
8993 	1
8996 	1
8998 	1
9005 	1
9009 	1
9010 	1
9011 	1
9012 	1
9014 	1
9015 	1
9019 	1
9021 	1
9023 	1
9024 	1
9025 	1
9026 	1
9027 	1
9030 	1
9031 	1
9032 	1
9033 	1
9034 	1
9035 	1
9042 	1
9045 	1
9046 	1
9047 	1
9051 	1
9053 	1
9054 	1
9055 	1
9059 	1
9060 	1
9066 	1
9067 	1
9072 	1
9073 	1
9075 	1
9076 	1
9078 	1
9082 	1
9083 	1
9084 	1
9085 	1
9086 	1
9088 	1
9089 	1
9090 	1
9091 	1
9092 	1
9093 	1
9094 	1
9095 	1
9096 	1
9098 	1
9101 	1
9106 	1
9107 	1
9108 	1
9109 	1
9110 	1
9111 	1
9112 	1
9114 	1
9115 	1
9116 	1
9117 	1
9118 	1
9119 	1
9120 	1
9125 	1
9126 	1
9128 	1
9130 	1
9131 	1
9132 	1
9133 	1
9134 	1
9135 	1
9137 	1
9138 	1
9140 	1
9145 	1
9148 	1
9154 	1
9155 	1
9157 	1
9159 	1
9161 	1
9168 	1
9170 	1
9173 	1
9174 	1
9175 	1
9178 	1
9179 	1
9180 	1
9181 	1
9183 	1
9186 	1
9187 	1
9190 	1
9192 	1
9194 	1
9196 	1
9198 	1
9203 	1
9204 	1
9205 	1
9208 	1
9210 	1
9212 	1
9215 	1
9216 	1
9217 	1
9220 	1
9223 	1
9224 	1
9226 	1
9227 	1
9230 	1
9233 	1
9235 	1
9238 	1
9239 	1
9248 	1
9250 	1
9253 	1
9259 	1
9260 	1
9263 	1
9264 	1
9265 	1
9270 	1
9273 	1
9276 	1
9278 	1
9279 	1
9280 	1
9281 	1
9283 	1
9284 	1
9288 	1
9293 	1
9297 	1
9299 	1
9300 	1
9304 	1
9309 	1
9310 	1
9312 	1
9315 	1
9316 	1
9317 	1
9319 	1
9320 	1
9325 	1
9328 	1
9332 	1
9336 	1
9338 	1
9340 	1
9342 	1
9343 	1
9344 	1
9346 	1
9348 	1
9349 	1
9350 	1
9351 	1
9352 	1
9353 	1
9355 	1
9359 	1
9363 	1
9366 	1
9367 	1
9371 	1
9374 	1
9377 	1
9379 	1
9380 	1
9381 	1
9382 	1
9385 	1
9387 	1
9389 	1
9390 	1
9391 	1
9392 	1
9393 	1
9394 	1
9396 	1
9398 	1
9399 	1
9403 	1
9405 	1
9406 	1
9407 	1
9409 	1
9410 	1
9412 	1
9413 	1
9421 	1
9423 	1
9424 	1
9432 	1
9433 	1
9435 	1
9438 	1
9439 	1
9440 	1
9442 	1
9443 	1
9446 	1
9447 	1
9449 	1
9450 	1
9451 	1
9452 	1
9453 	1
9456 	1
9460 	1
9463 	1
9464 	1
9466 	1
9467 	1
9468 	1
9469 	1
9470 	1
9475 	1
9476 	1
9477 	1
9478 	1
9480 	1
9481 	1
9482 	1
9483 	1
9485 	1
9487 	1
9488 	1
9489 	1
9493 	1
9494 	1
9495 	1
9498 	1
9500 	1
9505 	1
9508 	1
9509 	1
9512 	1
9517 	1
9518 	1
9519 	1
9521 	1
9522 	1
9523 	1
9525 	1
9526 	1
9527 	1
9528 	1
9531 	1
9533 	1
9534 	1
9535 	1
9536 	1
9539 	1
9541 	1
9542 	1
9551 	1
9553 	1
9554 	1
9555 	1
9556 	1
9560 	1
9561 	1
9562 	1
9564 	1
9570 	1
9571 	1
9573 	1
9574 	1
9575 	1
9576 	1
9577 	1
9578 	1
9580 	1
9581 	1
9586 	1
9587 	1
9589 	1
9596 	1
9598 	1
9604 	1
9605 	1
9608 	1
9609 	1
9611 	1
9612 	1
9613 	1
9615 	1
9617 	1
9619 	1
9620 	1
9622 	1
9627 	1
9630 	1
9632 	1
9633 	1
9634 	1
9637 	1
9638 	1
9641 	1
9644 	1
9645 	1
9646 	1
9647 	1
9648 	1
9649 	1
9651 	1
9653 	1
9654 	1
9657 	1
9660 	1
9665 	1
9668 	1
9669 	1
9671 	1
9672 	1
9678 	1
9679 	1
9682 	1
9683 	1
9684 	1
9685 	1
9686 	1
9689 	1
9691 	1
9692 	1
9693 	1
9694 	1
9695 	1
9696 	1
9697 	1
9698 	1
9700 	1
9702 	1
9703 	1
9704 	1
9705 	1
9708 	1
9710 	1
9711 	1
9713 	1
9714 	1
9715 	1
9718 	1
9719 	1
9720 	1
9724 	1
9725 	1
9726 	1
9728 	1
9729 	1
9733 	1
9734 	1
9736 	1
9737 	1
9738 	1
9740 	1
9744 	1
9745 	1
9746 	1
9753 	1
9754 	1
9756 	1
9761 	1
9762 	1
9767 	1
9770 	1
9771 	1
9772 	1
9773 	1
9774 	1
9775 	1
9777 	1
9778 	1
9782 	1
9783 	1
9786 	1
9787 	1
9791 	1
9795 	1
9798 	1
9799 	1
9802 	1
9803 	1
9804 	1
9806 	1
9807 	1
9809 	1
9810 	1
9811 	1
9812 	1
9815 	1
9818 	1
9821 	1
9822 	1
9823 	1
9825 	1
9830 	1
9834 	1
9835 	1
9836 	1
9838 	1
9841 	1
9844 	1
9846 	1
9847 	1
9850 	1
9851 	1
9853 	1
9854 	1
9855 	1
9857 	1
9858 	1
9860 	1
9861 	1
9865 	1
9866 	1
9868 	1
9869 	1
9872 	1
9873 	1
9874 	1
9877 	1
9878 	1
9879 	1
9880 	1
9882 	1
9883 	1
9884 	1
9885 	1
9887 	1
9888 	1
9890 	1
9894 	1
9896 	1
9897 	1
9899 	1
9900 	1
9901 	1
9907 	1
9910 	1
9911 	1
9912 	1
9913 	1
9914 	1
9916 	1
9918 	1
9925 	1
9927 	1
9928 	1
9929 	1
9930 	1
9931 	1
9933 	1
9934 	1
9935 	1
9938 	1
9940 	1
9942 	1
9944 	1
9945 	1
9948 	1
9951 	1
9953 	1
9958 	1
9960 	1
9965 	1
9966 	1
9967 	1
9968 	1
9969 	1
9970 	1
9971 	1
9973 	1
9974 	1
9976 	1
9977 	1
9979 	1
9981 	1
9982 	1
9983 	1
9984 	1
9985 	1
9986 	1
9987 	1
9988 	1
9989 	1
9990 	1
9996 	1
10000 	1
10002 	1
10004 	1
10008 	1
10009 	1
10012 	1
10014 	1
10017 	1
10018 	1
10020 	1
10021 	1
10023 	1
10025 	1
10028 	1
10032 	1
10033 	1
10036 	1
10038 	1
10041 	1
10044 	1
10046 	1
10048 	1
10049 	1
10050 	1
10057 	1
10061 	1
10062 	1
10063 	1
10065 	1
10066 	1
10067 	1
10068 	1
10069 	1
10071 	1
10073 	1
10074 	1
10080 	1
10083 	1
10084 	1
10086 	1
10087 	1
10088 	1
10089 	1
10090 	1
10091 	1
10092 	1
10096 	1
10099 	1
10102 	1
10105 	1
10107 	1
10109 	1
10110 	1
10112 	1
10114 	1
10117 	1
10118 	1
10119 	1
10120 	1
10122 	1
10123 	1
10125 	1
10128 	1
10129 	1
10131 	1
10133 	1
10135 	1
10136 	1
10139 	1
10140 	1
10142 	1
10147 	1
10148 	1
10149 	1
10150 	1
10152 	1
10153 	1
10154 	1
10160 	1
10166 	1
10167 	1
10171 	1
10173 	1
10174 	1
10176 	1
10178 	1
10182 	1
10183 	1
10184 	1
10188 	1
10189 	1
10190 	1
10193 	1
10194 	1
10195 	1
10196 	1
10197 	1
10200 	1
10202 	1
10203 	1
10204 	1
10205 	1
10207 	1
10212 	1
10214 	1
10220 	1
10221 	1
10222 	1
10223 	1
10225 	1
10226 	1
10227 	1
10230 	1
10233 	1
10235 	1
10237 	1
10238 	1
10239 	1
10240 	1
10241 	1
10244 	1
10249 	1
10252 	1
10253 	1
10257 	1
10258 	1
10261 	1
10265 	1
10266 	1
10267 	1
10268 	1
10269 	1
10272 	1
10275 	1
10277 	1
10278 	1
10281 	1
10282 	1
10285 	1
10286 	1
10287 	1
10288 	1
10290 	1
10293 	1
10294 	1
10295 	1
10296 	1
10298 	1
10304 	1
10306 	1
10307 	1
10308 	1
10309 	1
10310 	1
10311 	1
10316 	1
10317 	1
10320 	1
10321 	1
10324 	1
10326 	1
10327 	1
10329 	1
10331 	1
10332 	1
10333 	1
10334 	1
10335 	1
10336 	1
10337 	1
10338 	1
10340 	1
10344 	1
10346 	1
10347 	1
10348 	1
10350 	1
10351 	1
10352 	1
10353 	1
10355 	1
10357 	1
10359 	1
10360 	1
10361 	1
10362 	1
10367 	1
10372 	1
10373 	1
10374 	1
10376 	1
10378 	1
10381 	1
10383 	1
10385 	1
10387 	1
10388 	1
10391 	1
10392 	1
10394 	1
10397 	1
10398 	1
10399 	1
10400 	1
10401 	1
10402 	1
10403 	1
10404 	1
10407 	1
10408 	1
10409 	1
10411 	1
10412 	1
10413 	1
10419 	1
10420 	1
10421 	1
10424 	1
10426 	1
10428 	1
10430 	1
10431 	1
10432 	1
10438 	1
10440 	1
10441 	1
10442 	1
10443 	1
10446 	1
10447 	1
10448 	1
10449 	1
10450 	1
10451 	1
10453 	1
10454 	1
10455 	1
10456 	1
10458 	1
10459 	1
10461 	1
10463 	1
10469 	1
10471 	1
10472 	1
10473 	1
10474 	1
10475 	1
10477 	1
10478 	1
10479 	1
10481 	1
10485 	1
10486 	1
10490 	1
10491 	1
10492 	1
10494 	1
10496 	1
10497 	1
10501 	1
10505 	1
10506 	1
10507 	1
10508 	1
10509 	1
10510 	1
10514 	1
10515 	1
10521 	1
10523 	1
10524 	1
10530 	1
10532 	1
10534 	1
10535 	1
10536 	1
10538 	1
10539 	1
10541 	1
10542 	1
10544 	1
10548 	1
10551 	1
10553 	1
10554 	1
10556 	1
10557 	1
10559 	1
10563 	1
10564 	1
10566 	1
10567 	1
10568 	1
10569 	1
10570 	1
10571 	1
10572 	1
10573 	1
10581 	1
10585 	1
10586 	1
10594 	1
10595 	1
10596 	1
10597 	1
10598 	1
10599 	1
10602 	1
10605 	1
10606 	1
10607 	1
10613 	1
10615 	1
10616 	1
10618 	1
10621 	1
10622 	1
10623 	1
10627 	1
10631 	1
10632 	1
10634 	1
10635 	1
10636 	1
10638 	1
10639 	1
10645 	1
10646 	1
10647 	1
10655 	1
10657 	1
10658 	1
10661 	1
10662 	1
10663 	1
10668 	1
10669 	1
10670 	1
10671 	1
10672 	1
10673 	1
10675 	1
10676 	1
10677 	1
10682 	1
10685 	1
10686 	1
10688 	1
10689 	1
10691 	1
10692 	1
10694 	1
10695 	1
10701 	1
10703 	1
10704 	1
10710 	1
10718 	1
10723 	1
10727 	1
10728 	1
10730 	1
10731 	1
10732 	1
10734 	1
10735 	1
10736 	1
10738 	1
10741 	1
10742 	1
10743 	1
10744 	1
10745 	1
10748 	1
10750 	1
10754 	1
10755 	1
10758 	1
10760 	1
10762 	1
10765 	1
10766 	1
10768 	1
10769 	1
10770 	1
10772 	1
10773 	1
10774 	1
10776 	1
10777 	1
10778 	1
10779 	1
10781 	1
10782 	1
10783 	1
10784 	1
10785 	1
10786 	1
10787 	1
10790 	1
10791 	1
10793 	1
10794 	1
10799 	1
10801 	1
10803 	1
10804 	1
10807 	1
10809 	1
10810 	1
10811 	1
10814 	1
10815 	1
10818 	1
10819 	1
10820 	1
10821 	1
10822 	1
10823 	1
10826 	1
10827 	1
10829 	1
10830 	1
10831 	1
10834 	1
10835 	1
10839 	1
10840 	1
10842 	1
10848 	1
10851 	1
10852 	1
10854 	1
10855 	1
10857 	1
10862 	1
10864 	1
10871 	1
10872 	1
10877 	1
10878 	1
10879 	1
10880 	1
10881 	1
10882 	1
10883 	1
10884 	1
10885 	1
10887 	1
10888 	1
10889 	1
10890 	1
10893 	1
10896 	1
10900 	1
10902 	1
10904 	1
10906 	1
10908 	1
10913 	1
10916 	1
10917 	1
10919 	1
10920 	1
10923 	1
10924 	1
10925 	1
10929 	1
10930 	1
10933 	1
10934 	1
10935 	1
10937 	1
10938 	1
10939 	1
10941 	1
10944 	1
10945 	1
10946 	1
10948 	1
10949 	1
10950 	1
10951 	1
10954 	1
10959 	1
10961 	1
10965 	1
10966 	1
10967 	1
10968 	1
10969 	1
10970 	1
10972 	1
10975 	1
10976 	1
10980 	1
10983 	1
10984 	1
10985 	1
10989 	1
10991 	1
10993 	1
10994 	1
10995 	1
10997 	1
10998 	1
10999 	1
11000 	1
11002 	1
11003 	1
11006 	1
11008 	1
11009 	1
11010 	1
11011 	1
11012 	1
11014 	1
11017 	1
11018 	1
11024 	1
11025 	1
11026 	1
11027 	1
11028 	1
11029 	1
11033 	1
11034 	1
11035 	1
11036 	1
11037 	1
11040 	1
11041 	1
11044 	1
11045 	1
11047 	1
11048 	1
11052 	1
11054 	1
11055 	1
11063 	1
11064 	1
11065 	1
11066 	1
11068 	1
11069 	1
11071 	1
11072 	1
11074 	1
11075 	1
11077 	1
11082 	1
11083 	1
11084 	1
11085 	1
11089 	1
11090 	1
11093 	1
11094 	1
11095 	1
11096 	1
11100 	1
11101 	1
11102 	1
11106 	1
11108 	1
11110 	1
11111 	1
11113 	1
11114 	1
11117 	1
11118 	1
11119 	1
11120 	1
11122 	1
11124 	1
11125 	1
11126 	1
11128 	1
11132 	1
11133 	1
11134 	1
11135 	1
11136 	1
11138 	1
11139 	1
11140 	1
11141 	1
11143 	1
11144 	1
11146 	1
11149 	1
11150 	1
11153 	1
11164 	1
11170 	1
11171 	1
11172 	1
11173 	1
11175 	1
11176 	1
11179 	1
11183 	1
11188 	1
11189 	1
11190 	1
11194 	1
11195 	1
11196 	1
11197 	1
11198 	1
11199 	1
11209 	1
11210 	1
11213 	1
11214 	1
11215 	1
11216 	1
11219 	1
11222 	1
11225 	1
11227 	1
11231 	1
11237 	1
11240 	1
11243 	1
11244 	1
11245 	1
11250 	1
11251 	1
11253 	1
11254 	1
11256 	1
11258 	1
11259 	1
11260 	1
11262 	1
11263 	1
11264 	1
11266 	1
11267 	1
11269 	1
11270 	1
11274 	1
11278 	1
11282 	1
11283 	1
11288 	1
11289 	1
11290 	1
11295 	1
11297 	1
11299 	1
11300 	1
11301 	1
11307 	1
11308 	1
11309 	1
11310 	1
11311 	1
11315 	1
11317 	1
11319 	1
11320 	1
11324 	1
11327 	1
11329 	1
11330 	1
11331 	1
11332 	1
11333 	1
11334 	1
11335 	1
11336 	1
11338 	1
11340 	1
11341 	1
11342 	1
11343 	1
11346 	1
11348 	1
11349 	1
11350 	1
11352 	1
11354 	1
11355 	1
11358 	1
11360 	1
11363 	1
11364 	1
11365 	1
11366 	1
11367 	1
11369 	1
11370 	1
11373 	1
11374 	1
11375 	1
11378 	1
11384 	1
11385 	1
11386 	1
11388 	1
11390 	1
11401 	1
11403 	1
11405 	1
11406 	1
11407 	1
11409 	1
11411 	1
11412 	1
11414 	1
11416 	1
11423 	1
11425 	1
11426 	1
11428 	1
11430 	1
11432 	1
11433 	1
11436 	1
11437 	1
11438 	1
11439 	1
11440 	1
11441 	1
11442 	1
11444 	1
11449 	1
11453 	1
11454 	1
11456 	1
11457 	1
11460 	1
11463 	1
11464 	1
11469 	1
11471 	1
11473 	1
11475 	1
11476 	1
11477 	1
11479 	1
11483 	1
11484 	1
11485 	1
11487 	1
11489 	1
11490 	1
11492 	1
11494 	1
11495 	1
11499 	1
11501 	1
11504 	1
11505 	1
11506 	1
11514 	1
11515 	1
11517 	1
11520 	1
11521 	1
11522 	1
11526 	1
11530 	1
11531 	1
11532 	1
11534 	1
11535 	1
11538 	1
11539 	1
11542 	1
11546 	1
11547 	1
11548 	1
11550 	1
11552 	1
11555 	1
11556 	1
11560 	1
11561 	1
11564 	1
11569 	1
11570 	1
11571 	1
11574 	1
11575 	1
11578 	1
11580 	1
11582 	1
11585 	1
11588 	1
11591 	1
11592 	1
11595 	1
11601 	1
11603 	1
11604 	1
11607 	1
11608 	1
11609 	1
11614 	1
11615 	1
11619 	1
11622 	1
11624 	1
11628 	1
11632 	1
11633 	1
11635 	1
11636 	1
11638 	1
11640 	1
11642 	1
11643 	1
11644 	1
11645 	1
11646 	1
11650 	1
11653 	1
11654 	1
11656 	1
11657 	1
11659 	1
11667 	1
11668 	1
11670 	1
11671 	1
11674 	1
11678 	1
11679 	1
11683 	1
11684 	1
11686 	1
11687 	1
11693 	1
11694 	1
11697 	1
11699 	1
11700 	1
11703 	1
11704 	1
11706 	1
11707 	1
11708 	1
11710 	1
11712 	1
11713 	1
11714 	1
11717 	1
11718 	1
11723 	1
11728 	1
11729 	1
11733 	1
11736 	1
11738 	1
11740 	1
11742 	1
11743 	1
11744 	1
11745 	1
11746 	1
11749 	1
11751 	1
11754 	1
11759 	1
11760 	1
11761 	1
11763 	1
11764 	1
11765 	1
11766 	1
11767 	1
11768 	1
11771 	1
11773 	1
11775 	1
11776 	1
11778 	1
11782 	1
11785 	1
11786 	1
11787 	1
11789 	1
11796 	1
11797 	1
11798 	1
11799 	1
11800 	1
11801 	1
11803 	1
11805 	1
11807 	1
11808 	1
11812 	1
11813 	1
11817 	1
11818 	1
11820 	1
11825 	1
11827 	1
11828 	1
11829 	1
11831 	1
11833 	1
11834 	1
11836 	1
11842 	1
11844 	1
11845 	1
11846 	1
11847 	1
11850 	1
11851 	1
11853 	1
11854 	1
11858 	1
11859 	1
11861 	1
11862 	1
11864 	1
11868 	1
11871 	1
11874 	1
11875 	1
11876 	1
11877 	1
11879 	1
11880 	1
11882 	1
11895 	1
11896 	1
11897 	1
11900 	1
11903 	1
11907 	1
11908 	1
11910 	1
11911 	1
11912 	1
11914 	1
11915 	1
11916 	1
11919 	1
11921 	1
11922 	1
11924 	1
11925 	1
11927 	1
11928 	1
11929 	1
11930 	1
11932 	1
11936 	1
11938 	1
11940 	1
11941 	1
11942 	1
11945 	1
11948 	1
11953 	1
11955 	1
11957 	1
11959 	1
11962 	1
11968 	1
11969 	1
11971 	1
11972 	1
11976 	1
11977 	1
11979 	1
11982 	1
11984 	1
11985 	1
11986 	1
11988 	1
11990 	1
11992 	1
11993 	1
11994 	1
12005 	1
12007 	1
12008 	1
12009 	1
12010 	1
12012 	1
12013 	1
12016 	1
12019 	1
12021 	1
12022 	1
12023 	1
12026 	1
12027 	1
12028 	1
12030 	1
12031 	1
12032 	1
12036 	1
12038 	1
12039 	1
12041 	1
12043 	1
12044 	1
12046 	1
12047 	1
12048 	1
12049 	1
12050 	1
12051 	1
12053 	1
12055 	1
12056 	1
12057 	1
12059 	1
12060 	1
12062 	1
12064 	1
12065 	1
12066 	1
12067 	1
12069 	1
12072 	1
12077 	1
12078 	1
12080 	1
12081 	1
12085 	1
12086 	1
12089 	1
12090 	1
12093 	1
12098 	1
12101 	1
12103 	1
12108 	1
12110 	1
12115 	1
12118 	1
12119 	1
12120 	1
12121 	1
12125 	1
12126 	1
12131 	1
12132 	1
12133 	1
12138 	1
12139 	1
12140 	1
12141 	1
12142 	1
12144 	1
12146 	1
12148 	1
12149 	1
12151 	1
12152 	1
12155 	1
12157 	1
12158 	1
12159 	1
12162 	1
12163 	1
12167 	1
12168 	1
12169 	1
12172 	1
12175 	1
12179 	1
12183 	1
12184 	1
12186 	1
12188 	1
12189 	1
12190 	1
12192 	1
12196 	1
12197 	1
12198 	1
12200 	1
12202 	1
12204 	1
12205 	1
12207 	1
12208 	1
12209 	1
12210 	1
12213 	1
12216 	1
12218 	1
12219 	1
12220 	1
12222 	1
12224 	1
12225 	1
12228 	1
12229 	1
12230 	1
12234 	1
12236 	1
12237 	1
12238 	1
12240 	1
12242 	1
12246 	1
12250 	1
12252 	1
12255 	1
12256 	1
12258 	1
12261 	1
12264 	1
12266 	1
12267 	1
12273 	1
12274 	1
12277 	1
12278 	1
12280 	1
12283 	1
12284 	1
12288 	1
12293 	1
12294 	1
12295 	1
12297 	1
12299 	1
12305 	1
12306 	1
12309 	1
12311 	1
12315 	1
12316 	1
12317 	1
12319 	1
12320 	1
12321 	1
12322 	1
12323 	1
12324 	1
12325 	1
12330 	1
12332 	1
12333 	1
12334 	1
12335 	1
12337 	1
12338 	1
12339 	1
12340 	1
12342 	1
12350 	1
12351 	1
12353 	1
12357 	1
12359 	1
12360 	1
12361 	1
12362 	1
12364 	1
12365 	1
12366 	1
12368 	1
12370 	1
12375 	1
12380 	1
12384 	1
12385 	1
12393 	1
12394 	1
12401 	1
12402 	1
12403 	1
12405 	1
12406 	1
12408 	1
12409 	1
12411 	1
12412 	1
12419 	1
12420 	1
12423 	1
12427 	1
12430 	1
12432 	1
12434 	1
12435 	1
12436 	1
12442 	1
12444 	1
12446 	1
12447 	1
12451 	1
12452 	1
12454 	0.154977375566
