Number of items 	Total Weight 	Total Profit 
8029 	2391130.5 	538147.328607 


Total time: 0.128046035767 s
Average time: 0.0320125222206 s
Last call: 4.05311584473e-06 s
Stamp 1 of the total: 0h 0m 0s 128ms 128046\u00B5s
Stamp 2 of the total: 00:00:00.0128
Pattern that ignores zeros:
128ms 128046\u00B5s
0128

Item    Fraction

1 	1
2 	1
3 	1
5 	1
9 	1
10 	1
11 	1
13 	1
14 	1
15 	1
17 	1
19 	1
21 	1
22 	1
24 	1
26 	1
29 	1
31 	1
32 	1
34 	1
38 	1
42 	1
44 	1
45 	1
46 	1
48 	1
50 	1
56 	1
60 	1
61 	1
64 	1
66 	1
67 	1
69 	1
70 	1
80 	1
82 	1
84 	1
91 	1
92 	1
93 	1
94 	1
96 	1
99 	1
100 	1
101 	1
108 	1
110 	1
111 	1
112 	1
120 	1
124 	1
127 	1
130 	1
131 	1
132 	1
134 	1
135 	1
139 	1
144 	1
152 	1
153 	1
156 	1
157 	1
159 	1
160 	1
166 	1
167 	1
168 	1
174 	1
178 	1
179 	1
181 	1
183 	1
185 	1
186 	1
187 	1
188 	1
189 	1
195 	1
198 	1
200 	1
201 	1
203 	1
204 	1
206 	1
210 	1
212 	1
213 	1
217 	1
218 	1
219 	1
222 	1
224 	1
231 	1
237 	1
240 	1
241 	1
243 	1
244 	1
245 	1
246 	1
247 	1
249 	1
250 	1
251 	1
252 	1
255 	1
256 	1
258 	1
261 	1
262 	1
264 	1
267 	1
269 	1
270 	1
272 	1
275 	1
277 	1
281 	1
284 	1
285 	1
287 	1
288 	1
289 	1
291 	1
294 	1
300 	1
301 	1
303 	1
307 	1
312 	1
322 	1
323 	1
324 	1
332 	1
333 	1
334 	1
336 	1
338 	1
339 	1
340 	1
342 	1
344 	1
347 	1
349 	1
353 	1
354 	1
355 	1
357 	1
359 	1
364 	1
368 	1
373 	1
376 	1
377 	1
378 	1
379 	1
381 	1
384 	1
387 	1
389 	1
390 	1
394 	1
398 	1
399 	1
400 	1
401 	1
402 	1
403 	1
404 	1
407 	1
409 	1
411 	1
415 	1
417 	1
418 	1
419 	1
420 	1
428 	1
429 	1
439 	1
441 	1
442 	1
446 	1
447 	1
449 	1
450 	1
452 	1
453 	1
455 	1
456 	1
458 	1
459 	1
463 	1
466 	1
467 	1
468 	1
471 	1
473 	1
478 	1
481 	1
482 	1
483 	1
485 	1
486 	1
488 	1
494 	1
495 	1
501 	1
502 	1
503 	1
504 	1
505 	1
506 	1
508 	1
511 	1
512 	1
514 	1
517 	1
518 	1
523 	1
524 	1
526 	1
528 	1
531 	1
535 	1
538 	1
539 	1
541 	1
544 	1
546 	1
550 	1
552 	1
556 	1
566 	1
569 	1
572 	1
574 	1
579 	1
582 	1
584 	1
585 	1
586 	1
589 	1
590 	1
595 	1
596 	1
601 	1
609 	1
610 	1
614 	1
616 	1
618 	1
620 	1
623 	1
625 	1
626 	1
627 	1
628 	1
630 	1
633 	1
636 	1
637 	1
641 	1
642 	1
643 	1
644 	1
645 	1
647 	1
650 	1
651 	1
655 	1
656 	1
657 	1
658 	1
660 	1
662 	1
663 	1
665 	1
666 	1
674 	1
678 	1
680 	1
681 	1
682 	1
684 	1
685 	1
691 	1
693 	1
694 	1
695 	1
696 	1
697 	1
698 	1
700 	1
702 	1
704 	1
705 	1
706 	1
707 	1
709 	1
713 	1
714 	1
717 	1
718 	1
721 	1
724 	1
725 	1
727 	1
728 	1
729 	1
731 	1
732 	1
734 	1
737 	1
738 	1
744 	1
745 	1
748 	1
749 	1
754 	1
757 	1
760 	1
762 	1
767 	1
771 	1
772 	1
773 	1
780 	1
781 	1
782 	1
784 	1
785 	1
787 	1
799 	1
800 	1
801 	1
803 	1
804 	1
807 	1
809 	1
810 	1
813 	1
814 	1
818 	1
819 	1
820 	1
821 	1
822 	1
823 	1
825 	1
828 	1
832 	1
833 	1
834 	1
835 	1
840 	1
841 	1
842 	1
843 	1
844 	1
846 	1
847 	1
848 	1
849 	1
851 	1
856 	1
857 	1
859 	1
860 	1
863 	1
864 	1
865 	1
866 	1
868 	1
870 	1
871 	1
874 	1
877 	1
881 	1
886 	1
890 	1
892 	1
895 	1
896 	1
900 	1
903 	1
904 	1
906 	1
907 	1
908 	1
911 	1
913 	1
915 	1
916 	1
918 	1
921 	1
924 	1
925 	1
926 	1
927 	1
931 	1
937 	1
939 	1
946 	1
947 	1
951 	1
954 	1
955 	1
956 	1
958 	1
959 	1
961 	1
962 	1
967 	1
968 	1
969 	1
971 	1
973 	1
976 	1
977 	1
978 	1
981 	1
982 	1
983 	1
984 	1
985 	1
987 	1
990 	1
991 	1
992 	1
996 	1
998 	1
999 	1
1002 	1
1004 	1
1005 	1
1006 	1
1011 	1
1014 	1
1018 	1
1023 	1
1024 	1
1028 	1
1030 	1
1031 	1
1032 	1
1038 	1
1039 	1
1042 	1
1046 	1
1053 	1
1054 	1
1055 	1
1056 	1
1058 	1
1059 	1
1060 	1
1062 	1
1064 	1
1067 	1
1068 	1
1070 	1
1073 	1
1075 	1
1076 	1
1079 	1
1080 	1
1082 	1
1086 	1
1091 	1
1092 	1
1093 	1
1094 	1
1095 	1
1096 	1
1097 	1
1098 	1
1099 	1
1105 	1
1106 	1
1107 	1
1108 	1
1109 	1
1111 	1
1112 	1
1119 	1
1120 	1
1122 	1
1123 	1
1124 	1
1128 	1
1131 	1
1133 	1
1134 	1
1136 	1
1139 	1
1142 	1
1143 	1
1144 	1
1148 	1
1151 	1
1156 	1
1163 	1
1164 	1
1170 	1
1171 	1
1172 	1
1174 	1
1175 	1
1176 	1
1181 	1
1183 	1
1184 	1
1185 	1
1186 	1
1189 	1
1190 	1
1193 	1
1194 	1
1196 	1
1197 	1
1203 	1
1204 	1
1207 	1
1209 	1
1211 	1
1212 	1
1213 	1
1214 	1
1215 	1
1216 	1
1221 	1
1222 	1
1223 	1
1225 	1
1226 	1
1230 	1
1231 	1
1235 	1
1236 	1
1237 	1
1238 	1
1241 	1
1245 	1
1250 	1
1252 	1
1253 	1
1254 	1
1255 	1
1260 	1
1261 	1
1262 	1
1263 	1
1264 	1
1265 	1
1269 	1
1270 	1
1272 	1
1273 	1
1274 	1
1275 	1
1276 	1
1278 	1
1279 	1
1280 	1
1281 	1
1282 	1
1293 	1
1294 	1
1295 	1
1297 	1
1300 	1
1301 	1
1305 	1
1307 	1
1309 	1
1313 	1
1315 	1
1316 	1
1317 	1
1318 	1
1319 	1
1320 	1
1323 	1
1324 	1
1327 	1
1328 	1
1329 	1
1330 	1
1331 	1
1333 	1
1337 	1
1344 	1
1353 	1
1356 	1
1359 	1
1362 	1
1363 	1
1370 	1
1371 	1
1372 	1
1375 	1
1378 	1
1382 	1
1385 	1
1390 	1
1391 	1
1395 	1
1397 	1
1398 	1
1399 	1
1402 	1
1405 	1
1408 	1
1409 	1
1410 	1
1412 	1
1413 	1
1414 	1
1417 	1
1418 	1
1419 	1
1422 	1
1423 	1
1424 	1
1427 	1
1428 	1
1430 	1
1431 	1
1434 	1
1436 	1
1441 	1
1445 	1
1447 	1
1448 	1
1450 	1
1453 	1
1455 	1
1458 	1
1464 	1
1471 	1
1473 	1
1480 	1
1484 	1
1488 	1
1489 	1
1490 	1
1494 	1
1495 	1
1496 	1
1497 	1
1498 	1
1500 	1
1501 	1
1502 	1
1505 	1
1506 	1
1507 	1
1519 	1
1521 	1
1522 	1
1526 	1
1527 	1
1528 	1
1529 	1
1531 	1
1535 	1
1538 	1
1541 	1
1546 	1
1550 	1
1551 	1
1552 	1
1553 	1
1555 	1
1557 	1
1558 	1
1560 	1
1564 	1
1567 	1
1568 	1
1569 	1
1570 	1
1571 	1
1574 	1
1575 	1
1576 	1
1583 	1
1584 	1
1585 	1
1587 	1
1588 	1
1589 	1
1593 	1
1594 	1
1601 	1
1603 	1
1604 	1
1610 	1
1611 	1
1615 	1
1619 	1
1624 	1
1633 	1
1635 	1
1636 	1
1637 	1
1639 	1
1641 	1
1649 	1
1651 	1
1652 	1
1654 	1
1655 	1
1656 	1
1657 	1
1659 	1
1661 	1
1663 	1
1664 	1
1666 	1
1667 	1
1671 	1
1673 	1
1675 	1
1676 	1
1680 	1
1682 	1
1687 	1
1689 	1
1691 	1
1692 	1
1695 	1
1697 	1
1701 	1
1707 	1
1709 	1
1710 	1
1712 	1
1715 	1
1716 	1
1718 	1
1720 	1
1723 	1
1725 	1
1727 	1
1728 	1
1729 	1
1730 	1
1732 	1
1733 	1
1736 	1
1740 	1
1742 	1
1747 	1
1749 	1
1751 	1
1755 	1
1756 	1
1759 	1
1760 	1
1761 	1
1762 	1
1764 	1
1766 	1
1768 	1
1773 	1
1776 	1
1777 	1
1779 	1
1788 	1
1792 	1
1795 	1
1796 	1
1797 	1
1801 	1
1802 	1
1804 	1
1805 	1
1809 	1
1810 	1
1812 	1
1815 	1
1817 	1
1818 	1
1819 	1
1820 	1
1822 	1
1823 	1
1824 	1
1826 	1
1827 	1
1828 	1
1832 	1
1833 	1
1836 	1
1838 	1
1839 	1
1842 	1
1843 	1
1848 	1
1850 	1
1853 	1
1856 	1
1857 	1
1858 	1
1861 	1
1862 	1
1864 	1
1867 	1
1873 	1
1875 	1
1879 	1
1881 	1
1884 	1
1888 	1
1891 	1
1894 	1
1895 	1
1896 	1
1900 	1
1901 	1
1905 	1
1906 	1
1907 	1
1909 	1
1911 	1
1912 	1
1914 	1
1917 	1
1918 	1
1920 	1
1921 	1
1922 	1
1927 	1
1928 	1
1931 	1
1933 	1
1936 	1
1937 	1
1939 	1
1940 	1
1949 	1
1950 	1
1952 	1
1955 	1
1956 	1
1959 	1
1961 	1
1963 	1
1966 	1
1967 	1
1969 	1
1974 	1
1977 	1
1978 	1
1983 	1
1988 	1
1990 	1
1993 	1
1994 	1
1995 	1
1998 	1
1999 	1
2000 	1
2004 	1
2006 	1
2007 	1
2010 	1
2011 	1
2012 	1
2013 	1
2014 	1
2015 	1
2016 	1
2021 	1
2025 	1
2027 	1
2028 	1
2032 	1
2036 	1
2037 	1
2041 	1
2045 	1
2050 	1
2051 	1
2053 	1
2055 	1
2056 	1
2057 	1
2059 	1
2063 	1
2064 	1
2066 	1
2067 	1
2068 	1
2072 	1
2076 	1
2077 	1
2082 	1
2083 	1
2085 	1
2086 	1
2087 	1
2090 	1
2092 	1
2093 	1
2094 	1
2100 	1
2103 	1
2106 	1
2109 	1
2110 	1
2111 	1
2115 	1
2116 	1
2119 	1
2120 	1
2123 	1
2124 	1
2125 	1
2126 	1
2129 	1
2134 	1
2145 	1
2147 	1
2150 	1
2152 	1
2153 	1
2155 	1
2156 	1
2157 	1
2164 	1
2166 	1
2169 	1
2170 	1
2172 	1
2174 	1
2175 	1
2177 	1
2180 	1
2181 	1
2183 	1
2186 	1
2188 	1
2189 	1
2190 	1
2191 	1
2193 	1
2196 	1
2198 	1
2200 	1
2202 	1
2206 	1
2208 	1
2209 	1
2210 	1
2211 	1
2212 	1
2214 	1
2215 	1
2220 	1
2223 	1
2226 	1
2228 	1
2229 	1
2230 	1
2243 	1
2247 	1
2249 	1
2255 	1
2258 	1
2260 	1
2261 	1
2264 	1
2266 	1
2267 	1
2269 	1
2270 	1
2271 	1
2272 	1
2273 	1
2275 	1
2277 	1
2278 	1
2279 	1
2283 	1
2286 	1
2289 	1
2290 	1
2291 	1
2292 	1
2293 	1
2294 	1
2296 	1
2298 	1
2300 	1
2301 	1
2302 	1
2305 	1
2306 	1
2309 	1
2310 	1
2313 	1
2314 	1
2315 	1
2322 	1
2323 	1
2326 	1
2327 	1
2329 	1
2334 	1
2337 	1
2339 	1
2340 	1
2343 	1
2344 	1
2350 	1
2355 	1
2361 	1
2362 	1
2365 	1
2367 	1
2369 	1
2370 	1
2371 	1
2373 	1
2374 	1
2378 	1
2380 	1
2381 	1
2384 	1
2388 	1
2392 	1
2393 	1
2399 	1
2400 	1
2402 	1
2403 	1
2404 	1
2405 	1
2406 	1
2407 	1
2410 	1
2413 	1
2414 	1
2415 	1
2417 	1
2418 	1
2424 	1
2425 	1
2427 	1
2429 	1
2430 	1
2431 	1
2436 	1
2437 	1
2439 	1
2440 	1
2442 	1
2443 	1
2446 	1
2448 	1
2449 	1
2451 	1
2453 	1
2454 	1
2456 	1
2459 	1
2461 	1
2462 	1
2463 	1
2465 	1
2467 	1
2468 	1
2469 	1
2471 	1
2473 	1
2475 	1
2476 	1
2477 	1
2479 	1
2485 	1
2487 	1
2490 	1
2491 	1
2492 	1
2493 	1
2497 	1
2502 	1
2503 	1
2507 	1
2508 	1
2510 	1
2513 	1
2516 	1
2518 	1
2519 	1
2520 	1
2521 	1
2524 	1
2525 	1
2528 	1
2534 	1
2536 	1
2537 	1
2538 	1
2540 	1
2545 	1
2546 	1
2548 	1
2551 	1
2552 	1
2553 	1
2554 	1
2559 	1
2562 	1
2563 	1
2569 	1
2570 	1
2572 	1
2575 	1
2576 	1
2580 	1
2583 	1
2586 	1
2587 	1
2592 	1
2594 	1
2595 	1
2596 	1
2601 	1
2602 	1
2603 	1
2607 	1
2610 	1
2611 	1
2612 	1
2613 	1
2614 	1
2615 	1
2616 	1
2617 	1
2619 	1
2621 	1
2624 	1
2627 	1
2630 	1
2631 	1
2635 	1
2637 	1
2639 	1
2640 	1
2641 	1
2642 	1
2643 	1
2644 	1
2648 	1
2649 	1
2650 	1
2656 	1
2660 	1
2661 	1
2665 	1
2666 	1
2667 	1
2669 	1
2670 	1
2673 	1
2676 	1
2678 	1
2679 	1
2681 	1
2683 	1
2684 	1
2690 	1
2695 	1
2696 	1
2697 	1
2698 	1
2705 	1
2708 	1
2709 	1
2710 	1
2712 	1
2713 	1
2715 	1
2720 	1
2721 	1
2722 	1
2724 	1
2726 	1
2727 	1
2728 	1
2729 	1
2730 	1
2731 	1
2733 	1
2736 	1
2737 	1
2738 	1
2740 	1
2744 	1
2746 	1
2749 	1
2753 	1
2754 	1
2755 	1
2758 	1
2761 	1
2762 	1
2766 	1
2768 	1
2771 	1
2774 	1
2775 	1
2776 	1
2778 	1
2779 	1
2780 	1
2782 	1
2784 	1
2785 	1
2786 	1
2788 	1
2791 	1
2792 	1
2799 	1
2800 	1
2803 	1
2806 	1
2809 	1
2811 	1
2816 	1
2823 	1
2825 	1
2827 	1
2831 	1
2832 	1
2833 	1
2836 	1
2837 	1
2838 	1
2842 	1
2843 	1
2844 	1
2845 	1
2848 	1
2849 	1
2850 	1
2851 	1
2853 	1
2855 	1
2858 	1
2863 	1
2864 	1
2866 	1
2869 	1
2870 	1
2871 	1
2872 	1
2875 	1
2877 	1
2883 	1
2885 	1
2888 	1
2890 	1
2893 	1
2897 	1
2899 	1
2900 	1
2902 	1
2904 	1
2906 	1
2907 	1
2908 	1
2909 	1
2911 	1
2913 	1
2914 	1
2918 	1
2924 	1
2925 	1
2926 	1
2929 	1
2930 	1
2933 	1
2934 	1
2936 	1
2937 	1
2938 	1
2939 	1
2942 	1
2948 	1
2950 	1
2951 	1
2952 	1
2953 	1
2955 	1
2956 	1
2957 	1
2959 	1
2963 	1
2964 	1
2966 	1
2967 	1
2969 	1
2985 	1
2990 	1
2992 	1
2999 	1
3001 	1
3003 	1
3004 	1
3009 	1
3010 	1
3011 	1
3018 	1
3021 	1
3024 	1
3026 	1
3027 	1
3029 	1
3030 	1
3031 	1
3032 	1
3033 	1
3035 	1
3037 	1
3041 	1
3042 	1
3043 	1
3045 	1
3049 	1
3050 	1
3051 	1
3055 	1
3056 	1
3058 	1
3059 	1
3061 	1
3075 	1
3077 	1
3080 	1
3083 	1
3086 	1
3092 	1
3094 	1
3096 	1
3099 	1
3100 	1
3103 	1
3104 	1
3105 	1
3110 	1
3111 	1
3113 	1
3114 	1
3119 	1
3120 	1
3121 	1
3122 	1
3123 	1
3128 	1
3130 	1
3133 	1
3134 	1
3135 	1
3136 	1
3139 	1
3141 	1
3142 	1
3143 	1
3144 	1
3147 	1
3149 	1
3150 	1
3151 	1
3152 	1
3153 	1
3155 	1
3159 	1
3164 	1
3165 	1
3166 	1
3169 	1
3170 	1
3172 	1
3174 	1
3175 	1
3177 	1
3179 	1
3180 	1
3181 	1
3182 	1
3184 	1
3186 	1
3187 	1
3192 	1
3193 	1
3195 	1
3201 	1
3204 	1
3208 	1
3212 	1
3213 	1
3215 	1
3219 	1
3220 	1
3222 	1
3224 	1
3227 	1
3228 	1
3231 	1
3232 	1
3236 	1
3238 	1
3241 	1
3247 	1
3248 	1
3253 	1
3254 	1
3257 	1
3259 	1
3261 	1
3262 	1
3264 	1
3266 	1
3267 	1
3274 	1
3275 	1
3277 	1
3282 	1
3286 	1
3289 	1
3296 	1
3297 	1
3299 	1
3303 	1
3306 	1
3308 	1
3310 	1
3313 	1
3320 	1
3324 	1
3331 	1
3340 	1
3341 	1
3346 	1
3347 	1
3348 	1
3359 	1
3360 	1
3362 	1
3364 	1
3368 	1
3372 	1
3373 	1
3376 	1
3378 	1
3380 	1
3381 	1
3383 	1
3388 	1
3389 	1
3391 	1
3392 	1
3394 	1
3396 	1
3397 	1
3398 	1
3399 	1
3400 	1
3401 	1
3403 	1
3406 	1
3407 	1
3408 	1
3411 	1
3412 	1
3416 	1
3422 	1
3423 	1
3424 	1
3428 	1
3435 	1
3438 	1
3440 	1
3442 	1
3443 	1
3444 	1
3445 	1
3450 	1
3451 	1
3453 	1
3455 	1
3458 	1
3459 	1
3467 	1
3468 	1
3470 	1
3471 	1
3473 	1
3474 	1
3475 	1
3478 	1
3480 	1
3483 	1
3484 	1
3485 	1
3486 	1
3487 	1
3488 	1
3489 	1
3491 	1
3492 	1
3494 	1
3495 	1
3497 	1
3499 	1
3500 	1
3501 	1
3503 	1
3504 	1
3505 	1
3509 	1
3512 	1
3513 	1
3517 	1
3519 	1
3520 	1
3525 	1
3526 	1
3529 	1
3531 	1
3534 	1
3535 	1
3536 	1
3537 	1
3538 	1
3543 	1
3544 	1
3545 	1
3551 	1
3553 	1
3554 	1
3555 	1
3561 	1
3562 	1
3563 	1
3568 	1
3569 	1
3572 	1
3573 	1
3576 	1
3580 	1
3582 	1
3583 	1
3585 	1
3588 	1
3589 	1
3590 	1
3592 	1
3593 	1
3594 	1
3598 	1
3602 	1
3605 	1
3606 	1
3607 	1
3608 	1
3610 	1
3611 	1
3612 	1
3613 	1
3614 	1
3616 	1
3620 	1
3625 	1
3633 	1
3634 	1
3635 	1
3638 	1
3640 	1
3649 	1
3652 	1
3653 	1
3655 	1
3657 	1
3658 	1
3659 	1
3662 	1
3663 	1
3666 	1
3668 	1
3669 	1
3670 	1
3678 	1
3680 	1
3683 	1
3685 	1
3690 	1
3694 	1
3695 	1
3697 	1
3698 	1
3699 	1
3700 	1
3701 	1
3702 	1
3705 	1
3708 	1
3710 	1
3711 	1
3716 	1
3717 	1
3722 	1
3724 	1
3725 	1
3726 	1
3727 	1
3728 	1
3730 	1
3734 	1
3736 	1
3737 	1
3742 	1
3746 	1
3749 	1
3751 	1
3756 	1
3757 	1
3759 	1
3762 	1
3763 	1
3765 	1
3766 	1
3767 	1
3768 	1
3771 	1
3775 	1
3776 	1
3777 	1
3778 	1
3779 	1
3783 	1
3785 	1
3788 	1
3790 	1
3794 	1
3796 	1
3799 	1
3801 	1
3804 	1
3805 	1
3806 	1
3810 	1
3811 	1
3813 	1
3814 	1
3818 	1
3822 	1
3824 	1
3828 	1
3829 	1
3833 	1
3835 	1
3836 	1
3838 	1
3842 	1
3843 	1
3844 	1
3852 	1
3853 	1
3857 	1
3858 	1
3859 	1
3863 	1
3864 	1
3865 	1
3868 	1
3869 	1
3870 	1
3871 	1
3876 	1
3877 	1
3878 	1
3879 	1
3881 	1
3882 	1
3883 	1
3884 	1
3893 	1
3895 	1
3896 	1
3900 	1
3901 	1
3903 	1
3905 	1
3913 	1
3916 	1
3917 	1
3918 	1
3920 	1
3921 	1
3925 	1
3926 	1
3927 	1
3929 	1
3931 	1
3932 	1
3933 	1
3934 	1
3936 	1
3938 	1
3940 	1
3941 	1
3943 	1
3945 	1
3946 	1
3950 	1
3952 	1
3954 	1
3960 	1
3963 	1
3965 	1
3966 	1
3970 	1
3971 	1
3972 	1
3973 	1
3974 	1
3975 	1
3978 	1
3980 	1
3983 	1
3986 	1
3988 	1
3990 	1
3992 	1
3994 	1
3998 	1
4000 	1
4001 	1
4002 	1
4003 	1
4004 	1
4005 	1
4006 	1
4007 	1
4008 	1
4011 	1
4014 	1
4015 	1
4017 	1
4020 	1
4027 	1
4029 	1
4034 	1
4040 	1
4041 	1
4044 	1
4050 	1
4053 	1
4055 	1
4057 	1
4060 	1
4062 	1
4064 	1
4065 	1
4067 	1
4068 	1
4070 	1
4072 	1
4073 	1
4077 	1
4082 	1
4083 	1
4084 	1
4085 	1
4087 	1
4089 	1
4090 	1
4093 	1
4095 	1
4096 	1
4097 	1
4098 	1
4100 	1
4101 	1
4102 	1
4103 	1
4104 	1
4105 	1
4107 	1
4109 	1
4112 	1
4115 	1
4116 	1
4118 	1
4120 	1
4122 	1
4127 	1
4130 	1
4134 	1
4136 	1
4137 	1
4139 	1
4143 	1
4145 	1
4146 	1
4148 	1
4150 	1
4152 	1
4153 	1
4154 	1
4158 	1
4166 	1
4167 	1
4173 	1
4174 	1
4175 	1
4177 	1
4179 	1
4183 	1
4184 	1
4187 	1
4189 	1
4190 	1
4194 	1
4205 	1
4210 	1
4213 	1
4215 	1
4217 	1
4222 	1
4223 	1
4226 	1
4230 	1
4231 	1
4233 	1
4235 	1
4238 	1
4240 	1
4242 	1
4246 	1
4248 	1
4250 	1
4251 	1
4254 	1
4255 	1
4256 	1
4259 	1
4262 	1
4264 	1
4266 	1
4268 	1
4269 	1
4275 	1
4277 	1
4283 	1
4288 	1
4291 	1
4294 	1
4296 	1
4297 	1
4299 	1
4301 	1
4303 	1
4304 	1
4305 	1
4306 	1
4308 	1
4309 	1
4310 	1
4311 	1
4312 	1
4313 	1
4314 	1
4317 	1
4319 	1
4327 	1
4328 	1
4332 	1
4333 	1
4335 	1
4336 	1
4338 	1
4342 	1
4346 	1
4347 	1
4350 	1
4351 	1
4354 	1
4358 	1
4359 	1
4360 	1
4365 	1
4368 	1
4370 	1
4371 	1
4373 	1
4374 	1
4381 	1
4382 	1
4384 	1
4385 	1
4388 	1
4390 	1
4392 	1
4393 	1
4394 	1
4396 	1
4400 	1
4401 	1
4404 	1
4406 	1
4409 	1
4414 	1
4418 	1
4421 	1
4427 	1
4431 	1
4432 	1
4436 	1
4437 	1
4442 	1
4447 	1
4451 	1
4452 	1
4453 	1
4454 	1
4455 	1
4459 	1
4463 	1
4465 	1
4467 	1
4469 	1
4470 	1
4471 	1
4474 	1
4475 	1
4478 	1
4484 	1
4485 	1
4491 	1
4496 	1
4497 	1
4499 	1
4500 	1
4502 	1
4504 	1
4505 	1
4507 	1
4509 	1
4510 	1
4512 	1
4514 	1
4515 	1
4519 	1
4521 	1
4523 	1
4526 	1
4528 	1
4530 	1
4531 	1
4532 	1
4536 	1
4539 	1
4540 	1
4541 	1
4544 	1
4548 	1
4549 	1
4550 	1
4554 	1
4555 	1
4556 	1
4558 	1
4559 	1
4562 	1
4569 	1
4571 	1
4572 	1
4573 	1
4575 	1
4576 	1
4578 	1
4580 	1
4581 	1
4583 	1
4589 	1
4590 	1
4594 	1
4596 	1
4597 	1
4600 	1
4602 	1
4604 	1
4608 	1
4609 	1
4610 	1
4612 	1
4616 	1
4617 	1
4618 	1
4621 	1
4622 	1
4624 	1
4625 	1
4628 	1
4629 	1
4631 	1
4632 	1
4633 	1
4634 	1
4635 	1
4636 	1
4637 	1
4638 	1
4639 	1
4640 	1
4643 	1
4646 	1
4647 	1
4649 	1
4651 	1
4652 	1
4653 	1
4657 	1
4668 	1
4675 	1
4676 	1
4677 	1
4678 	1
4680 	1
4685 	1
4686 	1
4687 	1
4688 	1
4689 	1
4691 	1
4696 	1
4700 	1
4703 	1
4704 	1
4705 	1
4708 	1
4713 	1
4720 	1
4721 	1
4722 	1
4723 	1
4724 	1
4728 	1
4731 	1
4735 	1
4738 	1
4739 	1
4740 	1
4743 	1
4745 	1
4747 	1
4748 	1
4749 	1
4751 	1
4757 	1
4760 	1
4761 	1
4764 	1
4766 	1
4767 	1
4768 	1
4770 	1
4771 	1
4772 	1
4778 	1
4781 	1
4783 	1
4786 	1
4788 	1
4789 	1
4790 	1
4794 	1
4795 	1
4797 	1
4801 	1
4802 	1
4809 	1
4812 	1
4814 	1
4815 	1
4816 	1
4817 	1
4819 	1
4820 	1
4821 	1
4822 	1
4823 	1
4827 	1
4829 	1
4833 	1
4836 	1
4837 	1
4843 	1
4849 	1
4850 	1
4851 	1
4856 	1
4858 	1
4862 	1
4867 	1
4873 	1
4882 	1
4883 	1
4885 	1
4886 	1
4887 	1
4888 	1
4889 	1
4893 	1
4896 	1
4898 	1
4899 	1
4901 	1
4902 	1
4903 	1
4906 	1
4907 	1
4908 	1
4909 	1
4911 	1
4915 	1
4921 	1
4923 	1
4926 	1
4930 	1
4931 	1
4933 	1
4934 	1
4943 	1
4946 	1
4951 	1
4955 	1
4956 	1
4958 	1
4959 	1
4962 	1
4963 	1
4964 	1
4965 	1
4967 	1
4968 	1
4972 	1
4974 	1
4978 	1
4980 	1
4981 	1
4983 	1
4985 	1
4987 	1
4989 	1
4991 	1
4992 	1
4994 	1
4997 	1
5001 	1
5010 	1
5011 	1
5016 	1
5019 	1
5023 	1
5024 	1
5028 	1
5030 	1
5034 	1
5035 	1
5036 	1
5037 	1
5038 	1
5041 	1
5043 	1
5049 	1
5050 	1
5051 	1
5052 	1
5053 	1
5056 	1
5059 	1
5060 	1
5061 	1
5066 	1
5067 	1
5068 	1
5069 	1
5070 	1
5071 	1
5073 	1
5078 	1
5079 	1
5085 	1
5086 	1
5087 	1
5088 	1
5089 	1
5090 	1
5092 	1
5094 	1
5098 	1
5100 	1
5101 	1
5108 	1
5110 	1
5112 	1
5114 	1
5115 	1
5117 	1
5118 	1
5119 	1
5121 	1
5124 	1
5129 	1
5134 	1
5138 	1
5139 	1
5142 	1
5144 	1
5145 	1
5148 	1
5149 	1
5158 	1
5160 	1
5162 	1
5165 	1
5167 	1
5168 	1
5171 	1
5172 	1
5173 	1
5174 	1
5175 	1
5180 	1
5184 	1
5187 	1
5189 	1
5192 	1
5197 	1
5198 	1
5205 	1
5206 	1
5209 	1
5210 	1
5214 	1
5215 	1
5219 	1
5222 	1
5231 	1
5236 	1
5237 	1
5238 	1
5240 	1
5242 	1
5247 	1
5248 	1
5249 	1
5250 	1
5252 	1
5255 	1
5257 	1
5263 	1
5265 	1
5267 	1
5268 	1
5269 	1
5273 	1
5274 	1
5275 	1
5277 	1
5279 	1
5285 	1
5286 	1
5287 	1
5290 	1
5291 	1
5292 	1
5293 	1
5294 	1
5295 	1
5298 	1
5299 	1
5300 	1
5302 	1
5303 	1
5304 	1
5305 	1
5307 	1
5311 	1
5312 	1
5313 	1
5315 	1
5316 	1
5322 	1
5323 	1
5326 	1
5327 	1
5328 	1
5329 	1
5331 	1
5332 	1
5333 	1
5335 	1
5336 	1
5337 	1
5338 	1
5339 	1
5344 	1
5346 	1
5347 	1
5348 	1
5349 	1
5350 	1
5351 	1
5352 	1
5353 	1
5354 	1
5356 	1
5359 	1
5360 	1
5362 	1
5363 	1
5364 	1
5365 	1
5367 	1
5370 	1
5376 	1
5377 	1
5378 	1
5381 	1
5382 	1
5389 	1
5390 	1
5391 	1
5395 	1
5402 	1
5403 	1
5409 	1
5415 	1
5416 	1
5417 	1
5420 	1
5423 	1
5427 	1
5430 	1
5432 	1
5433 	1
5434 	1
5435 	1
5436 	1
5437 	1
5440 	1
5442 	1
5444 	1
5446 	1
5448 	1
5450 	1
5452 	1
5453 	1
5455 	1
5456 	1
5457 	1
5458 	1
5459 	1
5460 	1
5461 	1
5465 	1
5466 	1
5467 	1
5468 	1
5469 	1
5471 	1
5472 	1
5474 	1
5477 	1
5478 	1
5480 	1
5481 	1
5482 	1
5483 	1
5487 	1
5491 	1
5494 	1
5495 	1
5496 	1
5497 	1
5504 	1
5505 	1
5506 	1
5508 	1
5509 	1
5516 	1
5518 	1
5519 	1
5520 	1
5522 	1
5524 	1
5528 	1
5530 	1
5531 	1
5532 	1
5533 	1
5535 	1
5538 	1
5539 	1
5541 	1
5543 	1
5550 	1
5554 	1
5555 	1
5556 	1
5558 	1
5559 	1
5562 	1
5566 	1
5567 	1
5571 	1
5572 	1
5578 	1
5579 	1
5580 	1
5581 	1
5582 	1
5583 	1
5587 	1
5588 	1
5589 	1
5591 	1
5594 	1
5596 	1
5599 	1
5605 	1
5609 	1
5613 	1
5616 	1
5617 	1
5619 	1
5623 	1
5624 	1
5626 	1
5627 	1
5631 	1
5632 	1
5633 	1
5636 	1
5638 	1
5639 	1
5641 	1
5645 	1
5652 	1
5655 	1
5656 	1
5657 	1
5659 	1
5660 	1
5661 	1
5663 	1
5671 	1
5674 	1
5675 	1
5676 	1
5678 	1
5680 	1
5681 	1
5682 	1
5683 	1
5684 	1
5685 	1
5689 	1
5691 	1
5694 	1
5695 	1
5697 	1
5698 	1
5700 	1
5701 	1
5702 	1
5704 	1
5706 	1
5707 	1
5709 	1
5711 	1
5716 	1
5718 	1
5719 	1
5720 	1
5723 	1
5724 	1
5725 	1
5728 	1
5730 	1
5734 	1
5735 	1
5736 	1
5737 	1
5742 	1
5744 	1
5745 	1
5748 	1
5753 	1
5754 	1
5755 	1
5759 	1
5767 	1
5769 	1
5770 	1
5771 	1
5772 	1
5779 	1
5780 	1
5781 	1
5782 	1
5784 	1
5787 	1
5789 	1
5793 	1
5796 	1
5799 	1
5800 	1
5802 	1
5803 	1
5806 	1
5807 	1
5811 	1
5813 	1
5814 	1
5816 	1
5817 	1
5818 	1
5819 	1
5821 	1
5823 	1
5826 	1
5828 	1
5831 	1
5832 	1
5834 	1
5836 	1
5838 	1
5840 	1
5843 	1
5844 	1
5845 	1
5848 	1
5849 	1
5851 	1
5853 	1
5858 	1
5859 	1
5866 	1
5867 	1
5870 	1
5871 	1
5872 	1
5876 	1
5878 	1
5881 	1
5882 	1
5884 	1
5887 	1
5888 	1
5889 	1
5890 	1
5891 	1
5893 	1
5900 	1
5903 	1
5906 	1
5907 	1
5908 	1
5911 	1
5913 	1
5915 	1
5920 	1
5922 	1
5923 	1
5926 	1
5927 	1
5929 	1
5932 	1
5934 	1
5935 	1
5936 	1
5937 	1
5941 	1
5943 	1
5944 	1
5949 	1
5951 	1
5953 	1
5957 	1
5958 	1
5965 	1
5966 	1
5970 	1
5972 	1
5974 	1
5976 	1
5978 	1
5979 	1
5981 	1
5985 	1
5986 	1
5987 	1
5990 	1
5993 	1
5997 	1
5998 	1
6003 	1
6004 	1
6005 	1
6009 	1
6010 	1
6011 	1
6014 	1
6022 	1
6026 	1
6030 	1
6032 	1
6034 	1
6035 	1
6041 	1
6042 	1
6044 	1
6046 	1
6047 	1
6048 	1
6053 	1
6054 	1
6057 	1
6058 	1
6062 	1
6064 	1
6066 	1
6068 	1
6069 	1
6071 	1
6080 	1
6081 	1
6082 	1
6085 	1
6088 	1
6092 	1
6097 	1
6098 	1
6100 	1
6103 	1
6107 	1
6114 	1
6117 	1
6118 	1
6121 	1
6122 	1
6126 	1
6129 	1
6130 	1
6134 	1
6135 	1
6137 	1
6138 	1
6139 	1
6140 	1
6146 	1
6148 	1
6151 	1
6152 	1
6154 	1
6155 	1
6157 	1
6160 	1
6161 	1
6163 	1
6172 	1
6174 	1
6176 	1
6178 	1
6179 	1
6183 	1
6184 	1
6187 	1
6189 	1
6191 	1
6192 	1
6193 	1
6194 	1
6196 	1
6201 	1
6203 	1
6205 	1
6207 	1
6209 	1
6210 	1
6212 	1
6214 	1
6215 	1
6216 	1
6219 	1
6220 	1
6221 	1
6222 	1
6226 	1
6229 	1
6231 	1
6232 	1
6233 	1
6234 	1
6236 	1
6240 	1
6241 	1
6242 	1
6243 	1
6244 	1
6245 	1
6246 	1
6248 	1
6249 	1
6251 	1
6252 	1
6255 	1
6257 	1
6258 	1
6262 	1
6264 	1
6269 	1
6270 	1
6272 	1
6274 	1
6277 	1
6281 	1
6283 	1
6287 	1
6288 	1
6289 	1
6290 	1
6291 	1
6292 	1
6293 	1
6294 	1
6295 	1
6297 	1
6300 	1
6302 	1
6305 	1
6306 	1
6308 	1
6310 	1
6311 	1
6313 	1
6314 	1
6316 	1
6318 	1
6319 	1
6320 	1
6321 	1
6323 	1
6331 	1
6335 	1
6336 	1
6337 	1
6338 	1
6340 	1
6343 	1
6346 	1
6347 	1
6348 	1
6352 	1
6354 	1
6355 	1
6359 	1
6361 	1
6363 	1
6366 	1
6368 	1
6370 	1
6371 	1
6374 	1
6375 	1
6382 	1
6383 	1
6386 	1
6388 	1
6391 	1
6394 	1
6395 	1
6397 	1
6399 	1
6405 	1
6407 	1
6408 	1
6409 	1
6411 	1
6414 	1
6416 	1
6417 	1
6420 	1
6421 	1
6423 	1
6424 	1
6428 	1
6430 	1
6431 	1
6435 	1
6438 	1
6439 	1
6440 	1
6441 	1
6444 	1
6445 	1
6447 	1
6450 	1
6452 	1
6453 	1
6454 	1
6456 	1
6460 	1
6465 	1
6466 	1
6467 	1
6469 	1
6472 	1
6473 	1
6475 	1
6476 	1
6477 	1
6479 	1
6485 	1
6486 	1
6488 	1
6490 	1
6491 	1
6493 	1
6494 	1
6495 	1
6497 	1
6500 	1
6501 	1
6502 	1
6506 	1
6511 	1
6516 	1
6519 	1
6522 	1
6523 	1
6525 	1
6526 	1
6527 	1
6528 	1
6530 	1
6533 	1
6534 	1
6535 	1
6536 	1
6540 	1
6542 	1
6544 	1
6545 	1
6551 	1
6553 	1
6554 	1
6559 	1
6561 	1
6563 	1
6564 	1
6568 	1
6570 	1
6571 	1
6574 	1
6575 	1
6576 	1
6577 	1
6578 	1
6581 	1
6587 	1
6590 	1
6591 	1
6596 	1
6597 	1
6598 	1
6599 	1
6602 	1
6604 	1
6605 	1
6607 	1
6608 	1
6609 	1
6612 	1
6615 	1
6617 	1
6619 	1
6620 	1
6621 	1
6622 	1
6623 	1
6626 	1
6627 	1
6633 	1
6639 	1
6642 	1
6643 	1
6644 	1
6646 	1
6650 	1
6651 	1
6653 	1
6657 	1
6659 	1
6660 	1
6661 	1
6662 	1
6663 	1
6664 	1
6666 	1
6670 	1
6672 	1
6673 	1
6674 	1
6676 	1
6682 	1
6684 	1
6686 	1
6688 	1
6689 	1
6690 	1
6691 	1
6693 	1
6694 	1
6696 	1
6697 	1
6698 	1
6700 	1
6711 	1
6714 	1
6717 	1
6718 	1
6719 	1
6722 	1
6725 	1
6727 	1
6728 	1
6731 	1
6733 	1
6734 	1
6736 	1
6738 	1
6740 	1
6741 	1
6742 	1
6744 	1
6745 	1
6748 	1
6750 	1
6751 	1
6752 	1
6753 	1
6756 	1
6758 	1
6759 	1
6760 	1
6763 	1
6764 	1
6766 	1
6767 	1
6774 	1
6775 	1
6777 	1
6780 	1
6784 	1
6787 	1
6788 	1
6791 	1
6793 	1
6795 	1
6796 	1
6799 	1
6801 	1
6803 	1
6804 	1
6805 	1
6806 	1
6810 	1
6811 	1
6812 	1
6813 	1
6814 	1
6815 	1
6816 	1
6818 	1
6819 	1
6821 	1
6822 	1
6824 	1
6825 	1
6827 	1
6828 	1
6830 	1
6834 	1
6837 	1
6839 	1
6840 	1
6848 	1
6849 	1
6850 	1
6852 	1
6853 	1
6855 	1
6856 	1
6859 	1
6860 	1
6861 	1
6868 	1
6871 	1
6872 	1
6878 	1
6882 	1
6888 	1
6889 	1
6890 	1
6894 	1
6896 	1
6898 	1
6899 	1
6900 	1
6904 	1
6905 	1
6906 	1
6910 	1
6918 	1
6919 	1
6924 	1
6925 	1
6926 	1
6928 	1
6930 	1
6931 	1
6933 	1
6935 	1
6943 	1
6944 	1
6947 	1
6952 	1
6953 	1
6954 	1
6955 	1
6960 	1
6964 	1
6965 	1
6968 	1
6971 	1
6974 	1
6977 	1
6978 	1
6987 	1
6988 	1
6995 	1
6996 	1
6997 	1
6999 	1
7001 	1
7003 	1
7004 	1
7006 	1
7007 	1
7009 	1
7012 	1
7013 	1
7016 	1
7017 	1
7019 	1
7020 	1
7021 	1
7022 	1
7024 	1
7026 	1
7031 	1
7035 	1
7037 	1
7038 	1
7039 	1
7045 	1
7048 	1
7050 	1
7051 	1
7052 	1
7053 	1
7054 	1
7055 	1
7057 	1
7058 	1
7060 	1
7061 	1
7063 	1
7067 	1
7068 	1
7069 	1
7070 	1
7071 	1
7076 	1
7080 	1
7082 	1
7084 	1
7085 	1
7086 	1
7088 	1
7094 	1
7095 	1
7096 	1
7097 	1
7098 	1
7099 	1
7100 	1
7101 	1
7104 	1
7105 	1
7107 	1
7109 	1
7110 	1
7112 	1
7122 	1
7127 	1
7132 	1
7136 	1
7139 	1
7141 	1
7142 	1
7143 	1
7149 	1
7151 	1
7153 	1
7154 	1
7156 	1
7157 	1
7159 	1
7160 	1
7162 	1
7164 	1
7169 	1
7173 	1
7179 	1
7182 	1
7183 	1
7185 	1
7187 	1
7189 	1
7190 	1
7191 	1
7194 	1
7195 	1
7200 	1
7201 	1
7202 	1
7203 	1
7204 	1
7206 	1
7210 	1
7211 	1
7212 	1
7213 	1
7214 	1
7216 	1
7219 	1
7220 	1
7221 	1
7222 	1
7223 	1
7224 	1
7226 	1
7228 	1
7232 	1
7233 	1
7234 	1
7237 	1
7242 	1
7243 	1
7245 	1
7247 	1
7248 	1
7249 	1
7251 	1
7252 	1
7254 	1
7256 	1
7260 	1
7262 	1
7263 	1
7264 	1
7267 	1
7270 	1
7271 	1
7273 	1
7274 	1
7280 	1
7281 	1
7284 	1
7289 	1
7296 	1
7298 	1
7303 	1
7306 	1
7307 	1
7309 	1
7313 	1
7314 	1
7315 	1
7316 	1
7317 	1
7319 	1
7320 	1
7322 	1
7324 	1
7326 	1
7327 	1
7328 	1
7332 	1
7336 	1
7338 	1
7340 	1
7341 	1
7351 	1
7352 	1
7354 	1
7355 	1
7358 	1
7362 	1
7365 	1
7366 	1
7368 	1
7369 	1
7371 	1
7378 	1
7379 	1
7385 	1
7387 	1
7390 	1
7391 	1
7392 	1
7393 	1
7394 	1
7397 	1
7402 	1
7403 	1
7407 	1
7408 	1
7411 	1
7412 	1
7414 	1
7415 	1
7423 	1
7424 	1
7427 	1
7429 	1
7431 	1
7432 	1
7433 	1
7434 	1
7442 	1
7453 	1
7454 	1
7456 	1
7460 	1
7463 	1
7465 	1
7467 	1
7473 	1
7474 	1
7475 	1
7476 	1
7478 	1
7481 	1
7482 	1
7483 	1
7488 	1
7489 	1
7490 	1
7493 	1
7495 	1
7496 	1
7502 	1
7506 	1
7508 	1
7509 	1
7511 	1
7512 	1
7514 	1
7516 	1
7518 	1
7519 	1
7521 	1
7524 	1
7525 	1
7529 	1
7531 	1
7532 	1
7533 	1
7534 	1
7543 	1
7545 	1
7548 	1
7551 	1
7552 	1
7554 	1
7555 	1
7556 	1
7557 	1
7559 	1
7560 	1
7564 	1
7569 	1
7570 	1
7571 	1
7574 	1
7577 	1
7582 	1
7586 	1
7589 	1
7590 	1
7591 	1
7597 	1
7598 	1
7601 	1
7604 	1
7609 	1
7611 	1
7612 	1
7615 	1
7619 	1
7620 	1
7622 	1
7625 	1
7627 	1
7633 	1
7639 	1
7640 	1
7642 	1
7643 	1
7645 	1
7646 	1
7647 	1
7649 	1
7652 	1
7653 	1
7655 	1
7656 	1
7657 	1
7659 	1
7661 	1
7663 	1
7666 	1
7669 	1
7670 	1
7671 	1
7673 	1
7675 	1
7676 	1
7681 	1
7685 	1
7686 	1
7688 	1
7689 	1
7690 	1
7691 	1
7695 	1
7700 	1
7706 	1
7708 	1
7709 	1
7711 	1
7712 	1
7714 	1
7716 	1
7719 	1
7722 	1
7725 	1
7730 	1
7731 	1
7733 	1
7734 	1
7735 	1
7736 	1
7738 	1
7741 	1
7742 	1
7743 	1
7745 	1
7746 	1
7748 	1
7751 	1
7752 	1
7754 	1
7757 	1
7762 	1
7763 	1
7766 	1
7769 	1
7770 	1
7771 	1
7775 	1
7777 	1
7778 	1
7792 	1
7796 	1
7798 	1
7802 	1
7804 	1
7807 	1
7812 	1
7814 	1
7817 	1
7818 	1
7823 	1
7825 	1
7828 	1
7832 	1
7838 	1
7842 	1
7846 	1
7850 	1
7851 	1
7861 	1
7862 	1
7868 	1
7869 	1
7871 	1
7872 	1
7874 	1
7875 	1
7881 	1
7882 	1
7883 	1
7884 	1
7885 	1
7889 	1
7890 	1
7891 	1
7892 	1
7896 	1
7897 	1
7898 	1
7900 	1
7905 	1
7907 	1
7909 	1
7911 	1
7912 	1
7914 	1
7915 	1
7917 	1
7919 	1
7921 	1
7929 	1
7932 	1
7938 	1
7940 	1
7941 	1
7943 	1
7944 	1
7945 	1
7946 	1
7949 	1
7951 	1
7952 	1
7956 	1
7962 	1
7964 	1
7977 	1
7978 	1
7979 	1
7985 	1
7986 	1
7988 	1
7989 	1
7990 	1
7993 	1
7996 	1
8000 	1
8006 	1
8009 	1
8012 	1
8013 	1
8014 	1
8016 	1
8019 	1
8021 	1
8023 	1
8028 	1
8031 	1
8032 	1
8034 	1
8035 	1
8036 	1
8040 	1
8043 	1
8048 	1
8049 	1
8051 	1
8053 	1
8054 	1
8056 	1
8058 	1
8060 	1
8061 	1
8062 	1
8068 	1
8071 	1
8072 	1
8077 	1
8078 	1
8081 	1
8084 	1
8086 	1
8087 	1
8092 	1
8094 	1
8098 	1
8101 	1
8102 	1
8104 	1
8105 	1
8106 	1
8107 	1
8108 	1
8109 	1
8112 	1
8114 	1
8116 	1
8121 	1
8123 	1
8125 	1
8126 	1
8128 	1
8129 	1
8131 	1
8132 	1
8133 	1
8135 	1
8136 	1
8139 	1
8142 	1
8147 	1
8149 	1
8150 	1
8153 	1
8154 	1
8155 	1
8157 	1
8159 	1
8161 	1
8165 	1
8168 	1
8169 	1
8172 	1
8173 	1
8175 	1
8176 	1
8177 	1
8180 	1
8181 	1
8184 	1
8187 	1
8191 	1
8195 	1
8196 	1
8197 	1
8198 	1
8199 	1
8201 	1
8206 	1
8207 	1
8214 	1
8215 	1
8216 	1
8217 	1
8219 	1
8220 	1
8223 	1
8224 	1
8228 	1
8229 	1
8230 	1
8231 	1
8233 	1
8235 	1
8238 	1
8240 	1
8241 	1
8243 	1
8244 	1
8248 	1
8249 	1
8251 	1
8252 	1
8257 	1
8258 	1
8259 	1
8260 	1
8261 	1
8262 	1
8264 	1
8265 	1
8266 	1
8269 	1
8270 	1
8272 	1
8273 	1
8274 	1
8286 	1
8287 	1
8289 	1
8290 	1
8293 	1
8296 	1
8302 	1
8303 	1
8306 	1
8307 	1
8309 	1
8312 	1
8313 	1
8314 	1
8315 	1
8316 	1
8317 	1
8319 	1
8320 	1
8322 	1
8323 	1
8324 	1
8328 	1
8332 	1
8333 	1
8334 	1
8336 	1
8338 	1
8339 	1
8340 	1
8341 	1
8343 	1
8348 	1
8350 	1
8354 	1
8355 	1
8356 	1
8358 	1
8360 	1
8361 	1
8363 	1
8367 	1
8368 	1
8369 	1
8370 	1
8371 	1
8377 	1
8383 	1
8389 	1
8391 	1
8398 	1
8399 	1
8400 	1
8406 	1
8410 	1
8411 	1
8412 	1
8413 	1
8414 	1
8415 	1
8417 	1
8421 	1
8422 	1
8423 	1
8425 	1
8427 	1
8428 	1
8433 	1
8438 	1
8439 	1
8441 	1
8442 	1
8443 	1
8444 	1
8445 	1
8447 	1
8449 	1
8451 	1
8453 	1
8456 	1
8458 	1
8461 	1
8463 	1
8464 	1
8472 	1
8474 	1
8480 	1
8482 	1
8483 	1
8484 	1
8488 	1
8490 	1
8491 	1
8492 	1
8504 	1
8505 	1
8506 	1
8511 	1
8516 	1
8520 	1
8522 	1
8523 	1
8524 	1
8527 	1
8530 	1
8532 	1
8533 	1
8537 	1
8539 	1
8543 	1
8544 	1
8552 	1
8553 	1
8554 	1
8555 	1
8557 	1
8559 	1
8563 	1
8564 	1
8565 	1
8566 	1
8568 	1
8571 	1
8575 	1
8577 	1
8580 	1
8581 	1
8582 	1
8588 	1
8594 	1
8596 	1
8597 	1
8599 	1
8600 	1
8604 	1
8605 	1
8606 	1
8608 	1
8611 	1
8612 	1
8613 	1
8616 	1
8617 	1
8618 	1
8621 	1
8622 	1
8624 	1
8625 	1
8626 	1
8628 	1
8630 	1
8632 	1
8633 	1
8638 	1
8639 	1
8641 	1
8642 	1
8647 	1
8648 	1
8649 	1
8652 	1
8657 	1
8658 	1
8659 	1
8660 	1
8664 	1
8665 	1
8667 	1
8669 	1
8671 	1
8672 	1
8675 	1
8676 	1
8677 	1
8679 	1
8681 	1
8685 	1
8689 	1
8692 	1
8693 	1
8695 	1
8696 	1
8697 	1
8700 	1
8701 	1
8706 	1
8707 	1
8708 	1
8711 	1
8713 	1
8716 	1
8721 	1
8722 	1
8724 	1
8726 	1
8727 	1
8728 	1
8729 	1
8730 	1
8731 	1
8735 	1
8736 	1
8742 	1
8744 	1
8745 	1
8746 	1
8747 	1
8749 	1
8753 	1
8755 	1
8758 	1
8759 	1
8760 	1
8761 	1
8765 	1
8766 	1
8767 	1
8768 	1
8769 	1
8771 	1
8774 	1
8777 	1
8780 	1
8781 	1
8782 	1
8785 	1
8787 	1
8790 	1
8794 	1
8795 	1
8796 	1
8800 	1
8801 	1
8804 	1
8806 	1
8809 	1
8810 	1
8813 	1
8815 	1
8821 	1
8827 	1
8830 	1
8831 	1
8832 	1
8833 	1
8834 	1
8836 	1
8840 	1
8842 	1
8843 	1
8846 	1
8850 	1
8851 	1
8853 	1
8854 	1
8855 	1
8856 	1
8857 	1
8858 	1
8860 	1
8864 	1
8865 	1
8871 	1
8873 	1
8878 	1
8879 	1
8887 	1
8889 	1
8890 	1
8891 	1
8893 	1
8896 	1
8897 	1
8900 	1
8903 	1
8905 	1
8913 	1
8915 	1
8917 	1
8919 	1
8921 	1
8924 	1
8925 	1
8927 	1
8928 	1
8932 	1
8934 	1
8941 	1
8944 	1
8946 	1
8947 	1
8950 	1
8955 	1
8959 	1
8960 	1
8965 	1
8970 	1
8971 	1
8974 	1
8977 	1
8981 	1
8986 	1
8988 	1
8990 	1
8991 	1
8992 	1
8993 	1
8994 	1
9000 	1
9002 	1
9003 	1
9004 	1
9006 	1
9007 	1
9011 	1
9020 	1
9022 	1
9023 	1
9026 	1
9028 	1
9030 	1
9031 	1
9034 	1
9038 	1
9040 	1
9042 	1
9044 	1
9048 	1
9051 	1
9053 	1
9055 	1
9057 	1
9058 	1
9061 	1
9062 	1
9063 	1
9065 	1
9067 	1
9068 	1
9070 	1
9071 	1
9074 	1
9076 	1
9077 	1
9078 	1
9080 	1
9082 	1
9085 	1
9087 	1
9089 	1
9091 	1
9092 	1
9099 	1
9100 	1
9105 	1
9106 	1
9108 	1
9112 	1
9115 	1
9116 	1
9118 	1
9124 	1
9125 	1
9126 	1
9128 	1
9136 	1
9141 	1
9148 	1
9150 	1
9152 	1
9153 	1
9156 	1
9157 	1
9163 	1
9164 	1
9165 	1
9166 	1
9167 	1
9169 	1
9170 	1
9176 	1
9178 	1
9179 	1
9185 	1
9186 	1
9188 	1
9192 	1
9193 	1
9195 	1
9196 	1
9199 	1
9203 	1
9206 	1
9208 	1
9210 	1
9211 	1
9217 	1
9218 	1
9219 	1
9220 	1
9222 	1
9226 	1
9232 	1
9242 	1
9249 	1
9251 	1
9253 	1
9254 	1
9256 	1
9259 	1
9263 	1
9265 	1
9267 	1
9268 	1
9269 	1
9272 	1
9273 	1
9282 	1
9283 	1
9285 	1
9286 	1
9288 	1
9290 	1
9291 	1
9292 	1
9297 	1
9298 	1
9302 	1
9305 	1
9307 	1
9309 	1
9314 	1
9316 	1
9317 	1
9318 	1
9321 	1
9323 	1
9325 	1
9328 	1
9329 	1
9333 	1
9335 	1
9342 	1
9343 	1
9344 	1
9345 	1
9346 	1
9347 	1
9349 	1
9351 	1
9352 	1
9354 	1
9355 	1
9357 	1
9363 	1
9364 	1
9368 	1
9369 	1
9370 	1
9372 	1
9373 	1
9376 	1
9379 	1
9381 	1
9382 	1
9384 	1
9387 	1
9388 	1
9390 	1
9391 	1
9392 	1
9396 	1
9397 	1
9402 	1
9404 	1
9405 	1
9407 	1
9412 	1
9414 	1
9415 	1
9416 	1
9419 	1
9422 	1
9428 	1
9430 	1
9433 	1
9436 	1
9438 	1
9440 	1
9442 	1
9443 	1
9445 	1
9448 	1
9453 	1
9454 	1
9459 	1
9461 	1
9462 	1
9464 	1
9466 	1
9467 	1
9470 	1
9471 	1
9472 	1
9473 	1
9474 	1
9475 	1
9477 	1
9478 	1
9484 	1
9485 	1
9487 	1
9489 	1
9492 	1
9493 	1
9494 	1
9496 	1
9499 	1
9500 	1
9502 	1
9504 	1
9505 	1
9506 	1
9507 	1
9509 	1
9519 	1
9525 	1
9529 	1
9532 	1
9534 	1
9535 	1
9536 	1
9539 	1
9542 	1
9543 	1
9544 	1
9545 	1
9547 	1
9550 	1
9554 	1
9555 	1
9557 	1
9560 	1
9562 	1
9563 	1
9565 	1
9566 	1
9567 	1
9568 	1
9569 	1
9571 	1
9572 	1
9573 	1
9574 	1
9575 	1
9576 	1
9577 	1
9580 	1
9584 	1
9585 	1
9586 	1
9588 	1
9590 	1
9592 	1
9593 	1
9595 	1
9597 	1
9598 	1
9600 	1
9602 	1
9603 	1
9609 	1
9611 	1
9612 	1
9613 	1
9614 	1
9615 	1
9621 	1
9623 	1
9626 	1
9627 	1
9631 	1
9633 	1
9634 	1
9635 	1
9636 	1
9640 	1
9641 	1
9647 	1
9653 	1
9654 	1
9659 	1
9660 	1
9662 	1
9665 	1
9669 	1
9672 	1
9673 	1
9679 	1
9680 	1
9681 	1
9683 	1
9686 	1
9687 	1
9688 	1
9689 	1
9690 	1
9691 	1
9692 	1
9694 	1
9695 	1
9697 	1
9705 	1
9707 	1
9708 	1
9710 	1
9712 	1
9714 	1
9715 	1
9720 	1
9722 	1
9723 	1
9727 	1
9728 	1
9731 	1
9732 	1
9733 	1
9736 	1
9738 	1
9744 	1
9747 	1
9751 	1
9752 	1
9753 	1
9755 	1
9757 	1
9759 	1
9760 	1
9761 	1
9763 	1
9765 	1
9767 	1
9769 	1
9771 	1
9772 	1
9775 	1
9778 	1
9779 	1
9780 	1
9781 	1
9784 	1
9788 	1
9791 	1
9794 	1
9796 	1
9797 	1
9799 	1
9802 	1
9805 	1
9810 	1
9811 	1
9813 	1
9814 	1
9816 	1
9817 	1
9818 	1
9819 	1
9826 	1
9828 	1
9829 	1
9832 	1
9833 	1
9837 	1
9839 	1
9840 	1
9841 	1
9843 	1
9845 	1
9846 	1
9847 	1
9848 	1
9849 	1
9850 	1
9856 	1
9858 	1
9861 	1
9862 	1
9863 	1
9864 	1
9868 	1
9871 	1
9873 	1
9874 	1
9876 	1
9877 	1
9879 	1
9882 	1
9887 	1
9890 	1
9891 	1
9892 	1
9896 	1
9899 	1
9900 	1
9901 	1
9902 	1
9905 	1
9908 	1
9915 	1
9916 	1
9917 	1
9919 	1
9923 	1
9924 	1
9925 	1
9934 	1
9936 	1
9937 	1
9942 	1
9944 	1
9947 	1
9949 	1
9952 	1
9953 	1
9956 	1
9962 	1
9963 	1
9966 	1
9967 	1
9968 	1
9971 	1
9972 	1
9977 	1
9978 	1
9981 	1
9983 	1
9985 	1
9987 	1
9989 	1
9991 	1
9992 	1
9994 	1
9996 	1
9997 	1
10000 	1
10001 	1
10003 	1
10007 	1
10008 	1
10009 	1
10010 	1
10012 	1
10014 	1
10015 	1
10017 	1
10018 	1
10019 	1
10020 	1
10021 	1
10023 	1
10025 	1
10028 	1
10030 	1
10036 	1
10038 	1
10039 	1
10042 	1
10044 	1
10046 	1
10047 	1
10048 	1
10053 	1
10057 	1
10060 	1
10062 	1
10064 	1
10068 	1
10070 	1
10071 	1
10072 	1
10073 	1
10074 	1
10077 	1
10080 	1
10081 	1
10082 	1
10083 	1
10087 	1
10088 	1
10090 	1
10094 	1
10095 	1
10096 	1
10099 	1
10100 	1
10107 	1
10112 	1
10113 	1
10116 	1
10117 	1
10118 	1
10122 	1
10123 	1
10125 	1
10126 	1
10127 	1
10128 	1
10129 	1
10131 	1
10133 	1
10134 	1
10135 	1
10136 	1
10141 	1
10142 	1
10143 	1
10148 	1
10159 	1
10160 	1
10161 	1
10164 	1
10166 	1
10168 	1
10169 	1
10174 	1
10177 	1
10179 	1
10180 	1
10181 	1
10185 	1
10186 	1
10187 	1
10188 	1
10190 	1
10192 	1
10195 	1
10196 	1
10197 	1
10198 	1
10200 	1
10201 	1
10202 	1
10203 	1
10209 	1
10215 	1
10217 	1
10218 	1
10219 	1
10221 	1
10222 	1
10223 	1
10226 	1
10227 	1
10228 	1
10229 	1
10230 	1
10233 	1
10234 	1
10235 	1
10236 	1
10237 	1
10239 	1
10246 	1
10247 	1
10248 	1
10249 	1
10252 	1
10253 	1
10261 	1
10262 	1
10264 	1
10266 	1
10267 	1
10268 	1
10270 	1
10273 	1
10274 	1
10278 	1
10279 	1
10285 	1
10287 	1
10288 	1
10289 	1
10290 	1
10292 	1
10294 	1
10295 	1
10297 	1
10298 	1
10299 	1
10300 	1
10303 	1
10306 	1
10307 	1
10310 	1
10313 	1
10316 	1
10319 	1
10321 	1
10322 	1
10327 	1
10328 	1
10329 	1
10331 	1
10332 	1
10335 	1
10337 	1
10340 	1
10341 	1
10342 	1
10343 	1
10345 	1
10347 	1
10348 	1
10349 	1
10350 	1
10351 	1
10352 	1
10354 	1
10357 	1
10358 	1
10359 	1
10362 	1
10365 	1
10366 	1
10369 	1
10373 	1
10376 	1
10378 	1
10380 	1
10381 	1
10382 	1
10384 	1
10386 	1
10388 	1
10391 	1
10392 	1
10395 	1
10397 	1
10398 	1
10399 	1
10403 	1
10404 	1
10405 	1
10407 	1
10409 	1
10410 	1
10413 	1
10415 	1
10418 	1
10422 	1
10424 	1
10428 	1
10429 	1
10439 	1
10440 	1
10441 	1
10443 	1
10444 	1
10446 	1
10449 	1
10452 	1
10454 	1
10455 	1
10457 	1
10462 	1
10464 	1
10466 	1
10468 	1
10469 	1
10470 	1
10471 	1
10473 	1
10476 	1
10480 	1
10482 	1
10483 	1
10485 	1
10489 	1
10492 	1
10493 	1
10494 	1
10495 	1
10501 	1
10502 	1
10504 	1
10507 	1
10508 	1
10509 	1
10510 	1
10511 	1
10512 	1
10513 	1
10514 	1
10520 	1
10525 	1
10526 	1
10528 	1
10531 	1
10532 	1
10535 	1
10536 	1
10546 	1
10550 	1
10555 	1
10558 	1
10559 	1
10560 	1
10563 	1
10565 	1
10566 	1
10567 	1
10570 	1
10573 	1
10575 	1
10578 	1
10579 	1
10581 	1
10587 	1
10589 	1
10592 	1
10593 	1
10594 	1
10595 	1
10596 	1
10597 	1
10601 	1
10606 	1
10609 	1
10611 	1
10619 	1
10626 	1
10632 	1
10635 	1
10637 	1
10639 	1
10643 	1
10644 	1
10645 	1
10647 	1
10651 	1
10658 	1
10659 	1
10660 	1
10661 	1
10662 	1
10665 	1
10666 	1
10668 	1
10669 	1
10673 	1
10676 	1
10678 	1
10681 	1
10688 	1
10690 	1
10692 	1
10693 	1
10696 	1
10697 	1
10698 	1
10699 	1
10702 	1
10703 	1
10705 	1
10706 	1
10711 	1
10712 	1
10713 	1
10714 	1
10722 	1
10724 	1
10725 	1
10726 	1
10727 	1
10732 	1
10735 	1
10736 	1
10738 	1
10740 	1
10742 	1
10745 	1
10746 	1
10747 	1
10748 	1
10749 	1
10751 	1
10752 	1
10753 	1
10757 	1
10758 	1
10759 	1
10760 	1
10761 	1
10766 	1
10768 	1
10773 	1
10774 	1
10777 	1
10780 	1
10781 	1
10782 	1
10783 	1
10785 	1
10789 	1
10792 	1
10795 	1
10796 	1
10798 	1
10799 	1
10800 	1
10802 	1
10805 	1
10806 	1
10811 	1
10812 	1
10813 	1
10814 	1
10821 	1
10824 	1
10826 	1
10827 	1
10828 	1
10829 	1
10832 	1
10836 	1
10842 	1
10844 	1
10845 	1
10847 	1
10848 	1
10849 	1
10851 	1
10852 	1
10853 	1
10855 	1
10858 	1
10859 	1
10861 	1
10863 	1
10866 	1
10867 	1
10870 	1
10871 	1
10872 	1
10875 	1
10876 	1
10879 	1
10881 	1
10883 	1
10884 	1
10886 	1
10889 	1
10890 	1
10891 	1
10892 	1
10894 	1
10895 	1
10897 	1
10898 	1
10900 	1
10902 	1
10904 	1
10905 	1
10909 	1
10910 	1
10911 	1
10914 	1
10919 	1
10922 	1
10923 	1
10926 	1
10928 	1
10933 	1
10934 	1
10935 	1
10936 	1
10937 	1
10938 	1
10939 	1
10940 	1
10941 	1
10942 	1
10944 	1
10945 	1
10949 	1
10950 	1
10952 	1
10954 	1
10955 	1
10960 	1
10961 	1
10962 	1
10966 	1
10972 	1
10973 	1
10976 	1
10977 	1
10978 	1
10980 	1
10983 	1
10984 	1
10985 	1
10986 	1
10988 	1
10989 	1
10992 	1
10994 	1
10995 	1
10997 	1
10998 	1
10999 	1
11002 	1
11008 	1
11011 	1
11016 	1
11019 	1
11020 	1
11021 	1
11024 	1
11025 	1
11026 	1
11027 	1
11029 	1
11031 	1
11034 	1
11035 	1
11036 	1
11039 	1
11044 	1
11045 	1
11047 	1
11049 	1
11050 	1
11052 	1
11053 	1
11055 	1
11056 	1
11058 	1
11059 	1
11062 	1
11063 	1
11064 	1
11066 	1
11072 	1
11073 	1
11074 	1
11078 	1
11080 	1
11081 	1
11086 	1
11087 	1
11089 	1
11091 	1
11094 	1
11095 	1
11098 	1
11100 	1
11101 	1
11103 	1
11105 	1
11106 	1
11107 	1
11108 	1
11111 	1
11113 	1
11114 	1
11116 	1
11117 	1
11119 	1
11120 	1
11122 	1
11124 	1
11125 	1
11127 	1
11131 	1
11132 	1
11133 	1
11134 	1
11135 	1
11136 	1
11137 	1
11140 	1
11141 	1
11142 	1
11144 	1
11145 	1
11146 	1
11150 	1
11155 	1
11158 	1
11159 	1
11161 	1
11163 	1
11166 	1
11168 	1
11170 	1
11172 	1
11174 	1
11175 	1
11177 	1
11181 	1
11183 	1
11186 	1
11187 	1
11190 	1
11191 	1
11192 	1
11195 	1
11196 	1
11197 	1
11198 	1
11199 	1
11202 	1
11204 	1
11205 	1
11207 	1
11210 	1
11212 	1
11214 	1
11219 	1
11221 	1
11225 	1
11228 	1
11229 	1
11233 	1
11234 	1
11235 	1
11238 	1
11240 	1
11242 	1
11244 	1
11245 	1
11246 	1
11248 	1
11249 	1
11253 	1
11255 	1
11256 	1
11262 	1
11265 	1
11266 	1
11268 	1
11269 	1
11270 	1
11275 	1
11276 	1
11277 	1
11278 	1
11281 	1
11282 	1
11284 	1
11285 	1
11289 	1
11290 	1
11293 	1
11298 	1
11301 	1
11303 	1
11304 	1
11310 	1
11311 	1
11314 	1
11317 	1
11318 	1
11319 	1
11320 	1
11321 	1
11326 	1
11327 	1
11329 	1
11337 	1
11339 	1
11340 	1
11341 	1
11344 	1
11347 	1
11348 	1
11355 	1
11358 	1
11361 	1
11364 	1
11365 	1
11366 	1
11367 	1
11368 	1
11369 	1
11370 	1
11373 	1
11374 	1
11375 	1
11376 	1
11382 	1
11383 	1
11384 	1
11386 	1
11402 	1
11403 	1
11405 	1
11406 	1
11409 	1
11410 	1
11414 	1
11416 	1
11417 	1
11419 	1
11423 	1
11425 	1
11426 	1
11427 	1
11431 	1
11434 	1
11437 	1
11438 	1
11442 	1
11446 	1
11451 	1
11453 	1
11455 	1
11456 	1
11458 	1
11461 	1
11464 	1
11465 	1
11466 	1
11468 	1
11472 	1
11473 	1
11475 	1
11476 	1
11478 	1
11479 	1
11480 	1
11482 	1
11484 	1
11488 	1
11489 	1
11491 	1
11492 	1
11494 	1
11495 	1
11496 	1
11499 	1
11501 	1
11508 	1
11512 	1
11513 	1
11514 	1
11517 	1
11525 	1
11529 	1
11532 	1
11533 	1
11534 	1
11535 	1
11536 	1
11537 	1
11538 	1
11539 	1
11542 	1
11546 	1
11547 	1
11549 	1
11555 	1
11556 	1
11557 	1
11562 	1
11567 	1
11570 	1
11572 	1
11573 	1
11578 	1
11580 	1
11582 	1
11583 	1
11586 	1
11588 	1
11590 	1
11591 	1
11593 	1
11595 	1
11602 	1
11604 	1
11605 	1
11607 	1
11609 	1
11611 	1
11612 	1
11618 	1
11624 	1
11626 	1
11627 	1
11630 	1
11631 	1
11632 	1
11636 	1
11643 	1
11644 	1
11646 	1
11647 	1
11652 	1
11653 	1
11660 	1
11662 	1
11665 	1
11669 	1
11670 	1
11672 	1
11673 	1
11675 	1
11676 	1
11678 	1
11679 	1
11680 	1
11683 	1
11684 	1
11686 	1
11687 	1
11692 	1
11696 	1
11699 	1
11700 	1
11701 	1
11703 	1
11707 	1
11708 	1
11709 	1
11710 	1
11711 	1
11713 	1
11714 	1
11715 	1
11716 	1
11718 	1
11720 	1
11727 	1
11729 	1
11730 	1
11731 	1
11733 	1
11737 	1
11738 	1
11740 	1
11743 	1
11745 	1
11750 	1
11751 	1
11757 	1
11759 	1
11760 	1
11764 	1
11766 	1
11767 	1
11769 	1
11771 	1
11772 	1
11773 	1
11774 	1
11775 	1
11776 	1
11777 	1
11779 	1
11786 	1
11788 	1
11790 	1
11792 	1
11794 	1
11799 	1
11801 	1
11803 	1
11806 	1
11807 	1
11809 	1
11812 	1
11814 	1
11819 	1
11823 	1
11825 	1
11826 	1
11828 	1
11832 	1
11836 	1
11839 	1
11841 	1
11843 	1
11848 	1
11851 	1
11853 	1
11857 	1
11858 	1
11860 	1
11864 	1
11865 	1
11868 	1
11870 	1
11872 	1
11873 	1
11874 	1
11875 	1
11877 	1
11878 	1
11880 	1
11884 	1
11889 	1
11891 	1
11894 	1
11897 	1
11898 	1
11899 	1
11901 	1
11903 	1
11904 	1
11906 	1
11908 	1
11909 	1
11912 	1
11914 	1
11915 	1
11917 	1
11919 	1
11923 	1
11924 	1
11926 	1
11927 	1
11928 	1
11929 	1
11932 	1
11935 	1
11937 	1
11944 	1
11949 	1
11950 	1
11953 	1
11958 	1
11959 	1
11961 	1
11963 	1
11964 	1
11965 	1
11966 	1
11967 	1
11972 	1
11975 	1
11979 	1
11985 	1
11986 	1
11990 	1
11993 	1
11994 	1
11995 	1
11996 	1
11998 	1
12002 	1
12006 	1
12009 	1
12010 	1
12011 	1
12012 	1
12014 	1
12015 	1
12016 	1
12018 	1
12020 	1
12021 	1
12023 	1
12026 	1
12027 	1
12029 	1
12030 	1
12031 	1
12033 	1
12035 	1
12036 	1
12038 	1
12039 	1
12041 	1
12042 	1
12048 	1
12049 	1
12050 	1
12051 	1
12053 	1
12054 	1
12055 	1
12057 	1
12059 	1
12060 	1
12061 	1
12065 	1
12067 	1
12068 	1
12071 	1
12072 	1
12074 	1
12076 	1
12077 	1
12079 	1
12081 	1
12084 	1
12087 	1
12092 	1
12095 	1
12098 	1
12100 	1
12102 	1
12104 	1
12107 	1
12110 	1
12111 	1
12115 	1
12118 	1
12120 	1
12122 	1
12124 	1
12125 	1
12128 	1
12134 	1
12135 	1
12137 	1
12140 	1
12142 	1
12143 	1
12147 	1
12153 	1
12156 	1
12160 	1
12161 	1
12162 	1
12165 	1
12166 	1
12169 	1
12170 	1
12173 	1
12177 	1
12178 	1
12179 	1
12180 	1
12181 	1
12183 	1
12184 	1
12185 	1
12187 	1
12188 	1
12190 	1
12191 	1
12192 	1
12196 	1
12197 	1
12199 	1
12204 	1
12207 	1
12208 	1
12209 	1
12210 	1
12227 	1
12229 	1
12230 	1
12231 	1
12233 	1
12235 	1
12238 	1
12239 	1
12241 	1
12243 	1
12244 	1
12246 	1
12248 	1
12249 	1
12252 	1
12253 	1
12256 	1
12258 	1
12261 	1
12262 	1
12263 	1
12264 	1
12267 	1
12268 	1
12269 	1
12270 	1
12272 	1
12277 	1
12278 	1
12279 	1
12280 	1
12282 	1
12287 	1
12288 	1
12289 	1
12296 	1
12298 	1
12300 	1
12304 	1
12309 	1
12310 	1
12311 	1
12313 	1
12316 	1
12317 	1
12318 	1
12320 	1
12323 	1
12324 	1
12325 	1
12333 	1
12335 	1
12336 	1
12339 	1
12340 	1
12343 	1
12345 	1
12349 	1
12350 	1
12358 	1
12360 	1
12367 	1
12368 	1
12373 	1
12376 	1
12377 	1
12378 	1
12379 	1
12381 	1
12382 	1
12383 	1
12385 	1
12387 	1
12388 	1
12390 	1
12392 	1
12394 	1
12395 	1
12397 	1
12400 	1
12402 	1
12403 	1
12405 	1
12406 	1
12408 	1
12411 	1
12413 	1
12415 	1
12417 	1
12418 	1
12421 	1
12424 	1
12425 	1
12426 	1
12427 	1
12429 	1
12431 	1
12433 	1
12436 	1
12438 	1
12439 	1
12442 	1
12446 	1
12447 	1
12453 	1
12454 	1
12458 	1
12462 	1
12463 	1
12465 	1
12466 	1
12468 	1
12470 	1
12472 	1
12473 	1
12479 	1
12481 	1
12484 	1
12486 	1
12487 	1
12488 	1
12491 	1
12493 	1
12496 	1
12497 	1
12498 	1
12502 	1
12504 	1
12505 	1
12506 	1
12508 	1
12512 	1
12514 	1
12516 	1
12522 	1
12525 	1
12526 	1
12528 	1
12529 	1
12532 	1
12536 	1
12539 	1
12541 	1
12547 	1
12549 	1
12556 	1
12557 	1
12559 	1
12560 	1
12561 	1
12564 	1
12565 	1
12570 	1
12575 	1
12578 	1
12582 	1
12583 	1
12584 	1
12586 	1
12588 	1
12590 	1
12592 	1
12593 	1
12596 	1
12597 	1
12598 	1
12603 	1
12604 	1
12605 	1
12606 	1
12608 	1
12612 	1
12613 	1
12614 	1
12617 	1
12620 	1
12622 	1
12624 	1
12625 	1
12628 	1
12631 	1
12637 	1
12638 	1
12641 	1
12642 	1
12646 	1
12648 	1
12651 	1
12654 	1
12655 	1
12656 	1
12657 	1
12658 	1
12660 	1
12662 	1
12663 	1
12665 	1
12667 	1
12672 	1
12673 	1
12675 	1
12676 	1
12677 	1
12679 	1
12680 	1
12681 	1
12682 	1
12684 	1
12686 	1
12688 	1
12689 	1
12692 	1
12693 	1
12694 	1
12695 	1
12697 	1
12698 	1
12699 	1
12701 	1
12702 	1
12703 	1
12704 	1
12706 	1
12710 	1
12711 	1
12713 	1
12715 	1
12720 	1
12721 	1
12722 	1
12724 	1
12727 	1
12729 	1
12731 	1
12732 	1
12733 	1
12734 	1
12736 	1
12737 	1
12742 	1
12743 	1
12747 	1
12750 	1
12751 	1
12756 	1
12757 	1
12760 	1
12761 	1
12762 	1
12764 	1
12765 	1
12766 	1
12773 	1
12774 	1
12776 	1
12779 	1
12780 	1
12781 	1
12787 	1
12788 	1
12792 	1
12796 	1
12797 	1
12802 	1
12804 	1
12805 	1
12806 	1
12813 	1
12815 	1
12816 	1
12818 	1
12820 	1
12822 	1
12823 	1
12825 	1
12826 	1
12828 	1
12831 	1
12834 	1
12839 	1
12844 	1
12846 	1
12848 	1
12851 	1
12853 	1
12856 	1
12858 	1
12860 	1
12863 	1
12864 	1
12865 	1
12874 	1
12875 	1
12876 	1
12879 	1
12882 	1
12885 	1
12887 	1
12890 	1
12891 	1
12893 	1
12895 	1
12896 	1
12898 	1
12900 	1
12901 	1
12902 	1
12903 	1
12904 	1
12906 	1
12907 	1
12917 	1
12918 	1
12921 	1
12922 	1
12927 	1
12929 	1
12935 	1
12939 	1
12943 	1
12945 	1
12946 	1
12948 	1
12949 	1
12951 	1
12953 	1
12954 	1
12955 	1
12956 	1
12960 	1
12961 	1
12962 	1
12964 	1
12966 	1
12967 	1
12970 	1
12974 	1
12977 	1
12980 	1
12981 	1
12983 	1
12984 	1
12986 	1
12989 	1
12992 	1
12996 	1
12997 	1
12998 	1
12999 	1
13000 	1
13001 	1
13003 	1
13008 	1
13012 	1
13013 	1
13014 	1
13016 	1
13019 	1
13023 	1
13025 	1
13026 	1
13028 	1
13029 	1
13030 	1
13031 	1
13032 	1
13033 	1
13037 	1
13038 	1
13039 	1
13041 	1
13042 	1
13043 	1
13047 	1
13048 	1
13050 	1
13052 	1
13056 	1
13057 	1
13062 	1
13063 	1
13067 	1
13068 	1
13071 	1
13073 	1
13077 	1
13081 	1
13083 	1
13085 	1
13086 	1
13093 	1
13094 	1
13096 	1
13104 	1
13107 	1
13115 	1
13116 	1
13119 	1
13120 	1
13129 	1
13132 	1
13134 	1
13137 	1
13138 	1
13139 	1
13141 	1
13143 	1
13145 	1
13147 	1
13150 	1
13153 	1
13155 	1
13158 	1
13160 	1
13161 	1
13162 	1
13164 	1
13168 	1
13169 	1
13170 	1
13174 	1
13177 	1
13180 	1
13181 	1
13183 	1
13185 	1
13186 	1
13187 	1
13190 	1
13191 	1
13192 	1
13194 	1
13195 	1
13196 	1
13200 	1
13202 	1
13203 	1
13204 	1
13205 	1
13206 	1
13211 	1
13212 	1
13214 	1
13215 	1
13216 	1
13221 	1
13223 	1
13227 	1
13238 	1
13240 	1
13241 	1
13243 	1
13244 	1
13246 	1
13249 	1
13253 	1
13255 	1
13257 	1
13258 	1
13260 	1
13261 	1
13263 	1
13266 	1
13267 	1
13269 	1
13270 	1
13271 	1
13272 	1
13273 	1
13282 	1
13283 	1
13289 	1
13290 	1
13291 	1
13292 	1
13294 	1
13296 	1
13298 	1
13299 	1
13303 	1
13307 	1
13308 	1
13314 	1
13315 	1
13317 	1
13318 	1
13322 	1
13323 	1
13324 	1
13325 	1
13328 	1
13329 	1
13331 	1
13334 	1
13335 	1
13337 	1
13341 	1
13343 	1
13345 	1
13346 	1
13351 	1
13353 	1
13354 	1
13356 	1
13357 	1
13361 	1
13365 	1
13366 	1
13369 	1
13372 	1
13375 	1
13376 	1
13377 	1
13378 	1
13382 	1
13385 	1
13387 	1
13390 	1
13393 	1
13395 	1
13403 	1
13404 	1
13405 	1
13411 	1
13412 	1
13414 	1
13417 	1
13420 	1
13421 	1
13426 	1
13427 	1
13428 	1
13438 	1
13440 	1
13442 	1
13448 	1
13451 	1
13453 	1
13455 	1
13458 	1
13461 	1
13463 	1
13464 	1
13465 	1
13467 	1
13468 	1
13471 	1
13477 	1
13479 	1
13482 	1
13484 	1
13485 	1
13493 	1
13494 	1
13495 	1
13496 	1
13497 	1
13505 	1
13506 	1
13508 	1
13511 	1
13515 	1
13518 	1
13519 	1
13523 	1
13524 	1
13525 	1
13530 	1
13531 	1
13532 	1
13536 	1
13538 	1
13539 	1
13540 	1
13545 	1
13548 	1
13552 	1
13554 	1
13556 	1
13558 	1
13563 	1
13569 	1
13570 	1
13571 	1
13574 	1
13576 	1
13578 	1
13579 	1
13581 	1
13582 	1
13583 	1
13584 	1
13588 	1
13592 	1
13593 	1
13594 	1
13596 	1
13597 	1
13600 	1
13601 	1
13602 	1
13605 	1
13606 	1
13607 	1
13609 	1
13613 	1
13614 	1
13616 	1
13621 	1
13622 	1
13623 	1
13627 	1
13628 	1
13629 	1
13631 	1
13635 	1
13636 	1
13641 	1
13643 	1
13644 	1
13645 	1
13646 	1
13647 	1
13648 	1
13650 	1
13651 	1
13653 	1
13655 	1
13656 	1
13658 	1
13659 	1
13660 	1
13662 	1
13663 	1
13665 	1
13675 	1
13676 	1
13682 	1
13686 	1
13689 	1
13690 	1
13691 	1
13693 	1
13695 	1
13696 	1
13697 	1
13698 	1
13700 	1
13703 	1
13706 	1
13707 	1
13710 	1
13711 	1
13715 	1
13717 	1
13720 	1
13721 	1
13722 	1
13723 	1
13726 	1
13731 	1
13735 	1
13736 	1
13740 	1
13741 	1
13743 	1
13745 	1
13746 	1
13747 	1
13749 	1
13750 	1
13751 	1
13752 	1
13754 	1
13757 	1
13760 	1
13763 	1
13764 	1
13765 	1
13769 	1
13770 	1
13771 	1
13776 	1
13777 	1
13783 	1
13786 	1
13788 	1
13789 	1
13793 	1
13795 	1
13798 	1
13799 	1
13800 	1
13801 	1
13802 	1
13807 	1
13811 	1
13816 	1
13818 	1
13822 	1
13826 	1
13827 	1
13828 	1
13834 	1
13837 	1
13840 	1
13841 	1
13843 	1
13846 	1
13847 	1
13850 	1
13851 	1
13852 	1
13854 	1
13856 	1
13860 	1
13861 	1
13864 	1
13865 	1
13866 	1
13867 	1
13868 	1
13869 	1
13870 	1
13871 	1
13873 	1
13874 	1
13875 	1
13876 	1
13879 	1
13880 	1
13881 	1
13882 	1
13884 	1
13885 	1
13887 	1
13890 	1
13891 	1
13893 	1
13894 	1
13895 	1
13896 	1
13897 	1
13898 	1
13903 	1
13904 	1
13905 	1
13910 	1
13911 	1
13914 	1
13915 	1
13920 	1
13922 	1
13923 	1
13925 	1
13926 	1
13928 	1
13929 	1
13933 	1
13936 	1
13937 	1
13939 	1
13940 	1
13942 	1
13946 	1
13947 	1
13948 	1
13949 	1
13952 	1
13956 	1
13957 	1
13959 	1
13961 	1
13962 	1
13965 	1
13967 	1
13968 	1
13969 	1
13977 	1
13979 	1
13980 	1
13983 	1
13987 	1
13988 	1
13992 	1
13997 	1
13998 	1
13999 	1
14001 	1
14002 	1
14003 	1
14004 	1
14007 	1
14009 	1
14011 	1
14012 	1
14017 	1
14019 	1
14021 	1
14023 	1
14025 	1
14030 	1
14033 	1
14035 	1
14039 	1
14041 	1
14044 	1
14045 	1
14046 	1
14048 	1
14049 	1
14051 	1
14054 	1
14056 	1
14063 	1
14064 	1
14065 	1
14066 	1
14067 	1
14069 	1
14070 	1
14072 	1
14073 	1
14075 	1
14077 	1
14079 	1
14081 	1
14083 	1
14088 	1
14089 	1
14091 	1
14092 	1
14093 	1
14096 	1
14100 	1
14101 	1
14106 	1
14107 	1
14108 	1
14110 	1
14111 	1
14114 	1
14115 	1
14117 	1
14119 	1
14120 	1
14129 	1
14130 	1
14131 	1
14132 	1
14134 	1
14135 	1
14136 	1
14137 	1
14138 	1
14139 	1
14144 	1
14145 	1
14148 	1
14152 	1
14153 	1
14154 	1
14158 	1
14160 	1
14161 	1
14162 	1
14164 	1
14172 	1
14175 	1
14182 	1
14184 	1
14185 	1
14186 	1
14189 	1
14190 	1
14191 	1
14196 	1
14197 	1
14199 	1
14200 	1
14205 	1
14207 	1
14210 	1
14212 	1
14214 	1
14215 	1
14218 	1
14220 	1
14222 	1
14224 	1
14225 	1
14227 	1
14232 	1
14235 	1
14236 	1
14237 	1
14238 	1
14239 	1
14240 	1
14241 	1
14242 	1
14245 	1
14246 	1
14247 	1
14248 	1
14251 	1
14253 	1
14256 	1
14257 	1
14262 	1
14265 	1
14266 	1
14267 	1
14268 	1
14269 	1
14270 	1
14271 	1
14273 	1
14275 	1
14277 	1
14278 	1
14279 	1
14280 	1
14291 	1
14292 	1
14293 	1
14294 	1
14300 	1
14301 	1
14303 	1
14310 	1
14313 	1
14315 	1
14317 	1
14319 	1
14320 	1
14321 	1
14323 	1
14325 	1
14327 	1
14330 	1
14331 	1
14333 	1
14337 	1
14338 	1
14340 	1
14344 	1
14348 	1
14350 	1
14351 	1
14352 	1
14357 	1
14358 	1
14359 	1
14362 	1
14364 	1
14369 	1
14375 	1
14376 	1
14378 	1
14383 	1
14384 	1
14387 	1
14388 	1
14389 	1
14394 	1
14396 	1
14397 	1
14398 	1
14400 	1
14404 	1
14405 	1
14406 	1
14407 	1
14412 	1
14415 	1
14416 	1
14417 	1
14419 	1
14420 	1
14423 	1
14425 	1
14428 	1
14429 	1
14430 	1
14433 	1
14434 	1
14435 	1
14436 	1
14437 	1
14440 	1
14442 	1
14447 	1
14449 	1
14450 	1
14455 	1
14456 	1
14457 	1
14461 	1
14462 	1
14463 	1
14465 	1
14467 	1
14468 	1
14470 	1
14471 	1
14472 	1
14473 	1
14475 	1
14477 	1
14478 	1
14479 	1
14482 	1
14484 	1
14488 	1
14489 	1
14490 	1
14492 	1
14496 	1
14497 	1
14498 	1
14500 	1
14501 	1
14502 	1
14503 	1
14504 	1
14506 	1
14508 	1
14509 	1
14524 	1
14527 	1
14529 	1
14531 	1
14536 	1
14539 	1
14544 	1
14545 	1
14547 	1
14551 	1
14554 	1
14556 	1
14557 	1
14558 	1
14561 	1
14562 	1
14568 	1
14571 	1
14575 	1
14577 	1
14581 	1
14583 	1
14584 	1
14585 	1
14587 	1
14588 	1
14590 	1
14591 	1
14593 	1
14596 	1
14598 	1
14603 	1
14604 	1
14605 	1
14606 	1
14607 	1
14610 	1
14612 	1
14613 	1
14614 	1
14615 	1
14616 	1
14617 	1
14621 	1
14622 	1
14626 	1
14627 	1
14628 	1
14629 	1
14630 	1
14631 	1
14636 	1
14640 	1
14641 	1
14644 	1
14646 	1
14647 	1
14650 	1
14655 	1
14657 	1
14658 	1
14659 	1
14660 	1
14661 	1
14664 	1
14666 	1
14667 	1
14668 	1
14670 	1
14672 	1
14674 	1
14675 	1
14676 	1
14679 	1
14681 	1
14683 	1
14687 	1
14690 	1
14692 	1
14693 	1
14694 	1
14695 	1
14696 	1
14697 	1
14698 	1
14699 	1
14701 	1
14703 	1
14708 	1
14709 	1
14710 	1
14711 	1
14712 	1
14715 	1
14716 	1
14717 	1
14718 	1
14719 	1
14720 	1
14721 	1
14722 	1
14727 	1
14732 	1
14733 	1
14734 	1
14737 	1
14738 	1
14743 	1
14745 	1
14746 	1
14747 	1
14748 	1
14749 	1
14752 	1
14753 	1
14754 	1
14755 	1
14760 	1
14771 	1
14772 	1
14773 	1
14774 	1
14778 	1
14785 	1
14786 	1
14787 	1
14789 	1
14792 	1
14793 	1
14794 	1
14798 	1
14803 	1
14804 	1
14807 	1
14808 	1
14809 	1
14810 	1
14813 	1
14818 	1
14819 	1
14820 	1
14821 	1
14822 	1
14823 	1
14825 	1
14826 	1
14831 	1
14833 	1
14834 	1
14835 	1
14839 	1
14844 	1
14845 	1
14847 	1
14849 	1
14850 	1
14852 	1
14854 	1
14856 	1
14860 	1
14866 	1
14867 	1
14870 	1
14871 	1
14875 	1
14876 	1
14877 	1
14879 	1
14882 	1
14887 	1
14889 	1
14890 	1
14892 	1
14894 	1
14896 	1
14898 	1
14899 	1
14909 	1
14912 	1
14915 	1
14916 	1
14918 	1
14919 	1
14920 	1
14921 	1
14925 	1
14926 	1
14927 	1
14928 	1
14929 	1
14930 	1
14934 	1
14936 	1
14939 	1
14940 	1
14942 	1
14943 	1
14944 	1
14946 	1
14947 	1
14952 	1
14954 	1
14958 	1
14959 	1
14960 	1
14963 	1
14965 	1
14967 	1
14968 	1
14970 	1
14972 	1
14973 	1
14976 	1
14984 	1
14985 	1
14988 	1
14992 	1
14994 	1
14995 	1
14996 	1
14999 	1
15004 	1
15007 	1
15010 	1
15011 	1
15018 	1
15022 	1
15023 	1
15024 	1
15027 	1
15028 	1
15029 	1
15031 	1
15032 	1
15034 	1
15035 	1
15036 	1
15038 	1
15039 	1
15040 	1
15041 	1
15044 	1
15045 	1
15046 	1
15047 	1
15048 	1
15049 	1
15050 	1
15052 	1
15053 	1
15054 	1
15058 	1
15060 	1
15064 	1
15069 	1
15070 	1
15071 	1
15074 	1
15075 	1
15077 	1
15079 	1
15082 	1
15084 	1
15085 	1
15086 	1
15092 	1
15094 	1
15096 	1
15098 	1
15100 	1
15101 	1
15103 	1
15105 	1
15107 	1
15111 	1
15112 	1
15114 	1
15117 	1
15118 	1
15119 	1
15121 	1
15125 	1
15126 	1
15128 	1
15132 	1
15135 	1
15136 	1
15138 	1
15139 	1
15143 	1
15145 	1
15146 	1
15147 	1
15149 	1
15160 	1
15162 	1
15163 	1
15168 	1
15169 	1
15171 	1
15172 	1
15173 	1
15175 	1
15176 	1
15178 	1
15180 	1
15183 	1
15184 	1
15185 	1
15186 	1
15188 	1
15189 	1
15190 	1
15194 	1
15195 	1
15198 	1
15202 	1
15203 	1
15204 	1
15208 	1
15210 	1
15211 	1
15213 	1
15214 	1
15217 	1
15218 	1
15221 	1
15222 	1
15223 	1
15224 	1
15225 	1
15230 	1
15231 	1
15234 	1
15236 	1
15238 	1
15239 	1
15242 	1
15243 	1
15244 	1
15249 	1
15250 	1
15254 	1
15263 	1
15264 	1
15265 	1
15280 	1
15281 	1
15285 	1
15287 	1
15290 	1
15291 	1
15295 	1
15296 	1
15298 	1
15303 	1
15304 	1
15308 	1
15309 	1
15311 	1
15313 	1
15314 	1
15316 	1
15319 	1
15320 	1
15325 	1
15326 	1
15327 	1
15329 	1
15330 	1
15332 	1
15334 	1
15335 	1
15336 	1
15343 	1
15345 	1
15347 	1
15349 	1
15351 	1
15354 	1
15358 	1
15361 	1
15366 	1
15367 	1
15372 	1
15375 	1
15376 	1
15377 	1
15381 	1
15383 	1
15386 	1
15387 	1
15388 	1
15394 	1
15397 	1
15398 	1
15399 	1
15401 	1
15402 	1
15404 	1
15406 	1
15407 	1
15409 	1
15410 	1
15413 	1
15415 	1
15417 	1
15419 	1
15421 	1
15424 	1
15426 	1
15427 	1
15428 	1
15431 	1
15435 	1
15437 	1
15439 	1
15440 	1
15441 	1
15442 	1
15445 	1
15450 	1
15452 	1
15453 	1
15454 	1
15455 	1
15458 	1
15459 	1
15460 	1
15461 	1
15465 	1
15466 	1
15467 	1
15473 	1
15476 	1
15478 	1
15482 	1
15483 	1
15486 	1
15487 	1
15488 	1
15489 	1
15490 	1
15491 	1
15496 	1
15497 	1
15499 	1
15502 	1
15507 	1
15508 	1
15509 	1
15510 	1
15512 	1
15514 	1
15515 	1
15517 	1
15519 	1
15520 	1
15523 	1
15524 	1
15528 	1
15529 	1
15530 	1
15533 	1
15536 	1
15539 	1
15540 	1
15542 	1
15547 	1
15552 	1
15557 	1
15560 	1
15561 	1
15562 	1
15564 	1
15567 	1
15568 	1
15569 	1
15571 	1
15576 	1
15579 	1
15580 	1
15581 	1
15582 	1
15583 	1
15586 	1
15587 	1
15591 	1
15592 	1
15597 	1
15602 	1
15603 	1
15606 	1
15609 	1
15612 	1
15615 	1
15617 	1
15621 	1
15624 	1
15625 	1
15626 	1
15632 	1
15640 	1
15642 	1
15643 	1
15648 	1
15656 	1
15658 	1
15660 	1
15663 	1
15671 	1
15674 	1
15675 	1
15678 	1
15682 	1
15684 	1
15688 	1
15689 	1
15690 	1
15692 	1
15693 	1
15694 	1
15695 	1
15698 	1
15699 	1
15703 	1
15704 	1
15705 	1
15706 	1
15707 	1
15708 	1
15711 	1
15712 	1
15713 	1
15717 	1
15719 	1
15722 	1
15723 	1
15724 	1
15727 	1
15728 	1
15729 	1
15732 	1
15734 	1
15736 	1
15738 	1
15741 	1
15742 	1
15744 	1
15748 	1
15749 	1
15752 	1
15753 	1
15754 	1
15755 	1
15762 	1
15768 	1
15769 	1
15771 	1
15772 	1
15774 	1
15776 	1
15778 	1
15780 	1
15782 	1
15783 	1
15785 	1
15792 	1
15793 	1
15794 	1
15796 	1
15797 	1
15802 	1
15804 	1
15805 	1
15806 	1
15807 	1
15808 	1
15809 	1
15814 	1
15816 	1
15817 	1
15818 	1
15821 	1
15822 	1
15824 	1
15829 	1
15830 	1
15832 	1
15833 	1
15834 	1
15836 	1
15841 	1
15842 	1
15843 	1
15846 	1
15848 	1
15851 	1
15852 	1
15853 	1
15854 	1
15855 	1
15857 	1
15858 	1
15860 	1
15863 	1
15865 	1
15866 	1
15872 	1
15879 	1
15880 	1
15883 	1
15893 	1
15894 	1
15895 	1
15898 	1
15900 	1
15905 	1
15907 	1
15909 	1
15910 	1
15915 	1
15922 	1
15924 	1
15927 	1
15928 	1
15929 	1
15930 	1
15933 	1
15935 	1
15937 	1
15939 	1
15941 	1
15942 	1
15943 	1
15945 	1
15946 	1
15947 	1
15948 	1
15949 	1
15950 	1
15956 	1
15957 	1
15958 	1
15962 	1
15965 	1
15966 	1
15968 	1
15974 	1
15975 	1
15976 	1
15982 	1
15987 	1
15989 	1
15992 	1
15994 	1
15995 	1
15996 	1
15997 	1
15998 	1
15999 	1
16000 	1
16003 	1
16004 	1
16006 	1
16008 	1
16012 	1
16013 	1
16014 	1
16015 	1
16016 	1
16019 	1
16023 	1
16025 	1
16028 	1
16029 	1
16034 	1
16035 	1
16038 	1
16039 	1
16041 	1
16050 	1
16051 	1
16052 	1
16054 	1
16058 	1
16060 	1
16065 	1
16068 	1
16077 	1
16080 	1
16081 	1
16083 	1
16087 	1
16092 	1
16094 	1
16095 	1
16097 	1
16098 	1
16099 	1
16101 	1
16102 	1
16104 	1
16106 	1
16107 	1
16108 	1
16109 	1
16110 	1
16111 	1
16115 	1
16117 	1
16118 	1
16119 	1
16121 	1
16122 	1
16124 	1
16125 	1
16127 	1
16130 	1
16131 	1
16132 	1
16135 	1
16140 	1
16141 	1
16148 	1
16149 	1
16150 	1
16155 	1
16158 	1
16159 	1
16161 	1
16163 	1
16165 	1
16166 	1
16172 	1
16176 	1
16181 	1
16184 	1
16186 	1
16190 	1
16194 	1
16195 	1
16199 	1
16201 	1
16204 	1
16210 	1
16212 	1
16214 	1
16215 	1
16218 	1
16219 	1
16220 	1
16221 	1
16222 	1
16224 	1
16230 	1
16232 	1
16233 	1
16234 	1
16235 	1
16236 	1
16237 	1
16242 	1
16243 	1
16245 	1
16246 	1
16249 	1
16253 	1
16254 	1
16260 	1
16262 	1
16268 	1
16269 	1
16271 	1
16272 	1
16274 	1
16276 	1
16279 	1
16280 	1
16281 	1
16286 	1
16288 	1
16291 	1
16295 	1
16296 	1
16299 	1
16303 	1
16304 	1
16305 	1
16306 	1
16307 	1
16310 	1
16313 	1
16314 	1
16316 	1
16317 	1
16319 	1
16325 	1
16326 	1
16328 	1
16330 	1
16332 	1
16334 	1
16335 	1
16337 	1
16338 	1
16339 	1
16341 	1
16342 	1
16346 	1
16348 	1
16349 	1
16353 	1
16355 	1
16356 	1
16357 	1
16360 	1
16362 	1
16364 	1
16367 	1
16369 	1
16378 	1
16380 	1
16382 	1
16383 	1
16384 	1
16387 	1
16390 	1
16391 	1
16394 	1
16398 	1
16399 	1
16401 	1
16402 	1
16404 	1
16409 	1
16411 	1
16412 	1
16413 	1
16415 	1
16416 	1
16417 	1
16418 	1
16419 	1
16422 	1
16423 	1
16424 	1
16426 	1
16427 	1
16429 	1
16430 	1
16431 	1
16432 	1
16433 	1
16437 	1
16438 	1
16439 	1
16443 	1
16445 	1
16446 	1
16448 	1
16456 	1
16458 	1
16459 	1
16461 	1
16462 	1
16465 	1
16467 	1
16468 	1
16469 	1
16471 	1
16475 	1
16476 	1
16482 	1
16483 	1
16485 	1
16486 	1
16487 	1
16489 	1
16490 	1
16491 	1
16492 	1
16493 	1
16495 	1
16496 	1
16498 	1
16501 	1
16503 	1
16508 	1
16509 	1
16510 	1
16511 	1
16515 	1
16516 	1
16517 	1
16518 	1
16521 	1
16523 	1
16526 	1
16527 	1
16530 	1
16534 	1
16537 	1
16539 	1
16543 	1
16546 	1
16547 	1
16548 	1
16555 	1
16556 	1
16557 	1
16559 	1
16560 	1
16561 	1
16564 	1
16565 	1
16570 	1
16572 	1
16574 	1
16575 	1
16577 	1
16579 	1
16580 	1
16581 	1
16583 	1
16584 	1
16589 	1
16592 	1
16596 	1
16599 	1
16600 	1
16602 	1
16603 	1
16604 	1
16605 	1
16607 	1
16612 	1
16613 	1
16615 	1
16616 	1
16617 	1
16619 	1
16620 	1
16623 	1
16625 	1
16626 	1
16628 	1
16629 	1
16634 	1
16635 	1
16638 	1
16640 	1
16642 	1
16643 	1
16644 	1
16647 	1
16648 	1
16649 	1
16650 	1
16651 	1
16653 	1
16654 	1
16657 	1
16658 	1
16659 	1
16660 	1
16662 	1
16663 	1
16664 	1
16666 	1
16669 	1
16672 	1
16673 	1
16676 	1
16677 	1
16678 	1
16679 	1
16680 	1
16681 	1
16682 	1
16687 	1
16692 	1
16693 	1
16695 	1
16699 	1
16700 	1
16706 	1
16707 	1
16708 	1
16710 	1
16713 	1
16714 	1
16720 	1
16721 	1
16722 	1
16723 	1
16725 	1
16730 	1
16732 	1
16742 	1
16744 	1
16746 	1
16749 	1
16751 	1
16752 	1
16753 	1
16754 	1
16755 	1
16756 	1
16757 	1
16759 	1
16764 	1
16765 	1
16766 	1
16767 	1
16769 	1
16773 	1
16776 	1
16779 	1
16780 	1
16784 	1
16785 	1
16788 	1
16790 	1
16793 	1
16794 	1
16799 	1
16800 	1
16802 	1
16809 	1
16813 	1
16814 	1
16817 	1
16818 	1
16820 	1
16821 	1
16822 	1
16823 	1
16824 	1
16831 	1
16832 	1
16836 	1
16838 	1
16839 	1
16841 	1
16843 	1
16846 	1
16847 	1
16848 	1
16849 	1
16851 	1
16852 	1
16853 	1
16854 	1
16857 	1
16860 	1
16862 	1
16864 	1
16867 	1
16870 	1
16872 	1
16873 	1
16874 	1
16875 	1
16876 	1
16878 	1
16880 	1
16886 	1
16888 	1
16890 	1
16893 	1
16894 	1
16895 	1
16896 	1
16898 	1
16900 	1
16904 	1
16907 	1
16908 	1
16911 	1
16922 	1
16923 	1
16924 	1
16925 	1
16932 	1
16937 	1
16938 	1
16939 	1
16941 	1
16942 	1
16945 	1
16946 	1
16947 	1
16950 	1
16951 	1
16956 	1
16957 	1
16958 	1
16962 	1
16969 	1
16973 	1
16974 	1
16975 	1
16978 	1
16982 	1
16986 	1
16987 	1
16988 	1
16991 	1
16993 	1
16998 	1
17001 	1
17004 	1
17005 	1
17006 	1
17008 	1
17014 	1
17015 	1
17016 	1
17018 	1
17021 	1
17022 	1
17024 	1
17026 	1
17032 	1
17033 	1
17036 	1
17037 	1
17038 	1
17040 	1
17044 	1
17046 	1
17047 	1
17048 	1
17051 	1
17053 	1
17055 	1
17057 	1
17058 	1
17060 	1
17061 	1
17062 	1
17065 	1
17068 	1
17070 	1
17072 	1
17076 	1
17077 	1
17078 	1
17080 	1
17081 	1
17082 	1
17084 	1
17086 	1
17088 	1
17091 	1
17095 	1
17097 	1
17098 	1
17101 	1
17107 	1
17110 	1
17111 	1
17112 	1
17113 	1
17114 	1
17117 	1
17118 	1
17119 	1
17120 	1
17123 	1
17127 	1
17129 	1
17132 	1
17138 	1
17139 	1
17141 	1
17147 	1
17151 	1
17152 	1
17156 	1
17164 	1
17167 	1
17169 	1
17170 	1
17174 	1
17178 	1
17180 	1
17182 	1
17185 	1
17186 	1
17187 	1
17188 	1
17189 	1
17190 	1
17191 	1
17193 	1
17198 	1
17201 	1
17204 	1
17206 	1
17210 	1
17211 	1
17217 	1
17218 	1
17220 	1
17227 	1
17231 	1
17232 	1
17236 	1
17237 	1
17238 	1
17240 	1
17242 	1
17251 	1
17254 	1
17255 	1
17257 	1
17261 	1
17262 	1
17268 	1
17271 	1
17272 	1
17273 	1
17274 	1
17275 	1
17276 	1
17278 	1
17280 	1
17281 	1
17282 	1
17283 	1
17284 	1
17285 	1
17286 	1
17288 	1
17289 	1
17291 	1
17293 	1
17294 	1
17295 	1
17296 	1
17297 	1
17298 	1
17299 	1
17300 	1
17301 	1
17302 	1
17309 	1
17310 	1
17311 	1
17315 	1
17316 	1
17326 	1
17327 	1
17328 	1
17329 	1
17331 	1
17333 	1
17334 	1
17336 	1
17337 	1
17338 	1
17339 	1
17340 	1
17341 	1
17346 	1
17347 	1
17354 	1
17356 	1
17357 	1
17359 	1
17361 	1
17363 	1
17366 	1
17367 	1
17369 	1
17370 	1
17372 	1
17375 	1
17376 	1
17377 	1
17378 	1
17381 	1
17391 	1
17394 	1
17395 	1
17401 	1
17409 	1
17412 	1
17413 	1
17415 	1
17418 	1
17419 	1
17422 	1
17423 	1
17424 	1
17430 	1
17432 	1
17434 	1
17438 	1
17439 	1
17442 	1
17444 	1
17445 	1
17446 	1
17447 	1
17449 	1
17453 	1
17459 	1
17460 	1
17464 	1
17465 	1
17467 	1
17469 	1
17471 	1
17472 	1
17474 	1
17475 	1
17476 	1
17477 	1
17478 	1
17488 	1
17489 	1
17491 	1
17495 	1
17498 	1
17501 	1
17503 	1
17504 	1
17505 	1
17507 	1
17509 	1
17512 	1
17516 	1
17517 	1
17523 	1
17525 	1
17528 	1
17530 	1
17531 	1
17532 	1
17533 	1
17535 	1
17537 	1
17540 	1
17541 	1
17542 	1
17544 	1
17545 	1
17547 	1
17549 	1
17551 	1
17555 	1
17557 	1
17560 	1
17561 	1
17563 	1
17564 	1
17565 	1
17566 	1
17567 	1
17570 	1
17571 	1
17572 	1
17574 	1
17575 	1
17576 	1
17578 	1
17581 	1
17584 	1
17585 	1
17587 	1
17589 	1
17590 	1
17591 	1
17592 	1
17594 	1
17595 	1
17597 	1
17598 	1
17599 	1
17605 	1
17607 	1
17608 	1
17609 	1
17610 	1
17611 	1
17613 	1
17614 	1
17615 	1
17619 	1
17620 	1
17623 	1
17625 	1
17626 	1
17627 	1
17631 	1
17633 	1
17635 	1
17636 	1
17642 	1
17649 	1
17650 	1
17652 	1
17654 	1
17656 	1
17657 	1
17659 	1
17660 	1
17661 	1
17662 	1
17663 	1
17664 	1
17665 	1
17666 	1
17667 	1
17672 	1
17674 	1
17675 	1
17679 	1
17680 	1
17681 	1
17684 	1
17686 	1
17693 	1
17695 	1
17696 	1
17697 	1
17699 	1
17701 	1
17702 	1
17703 	1
17704 	1
17706 	1
17707 	1
17709 	1
17711 	1
17713 	1
17714 	1
17717 	1
17722 	1
17723 	1
17724 	1
17725 	1
17729 	1
17732 	1
17733 	1
17735 	1
17737 	1
17738 	1
17742 	1
17743 	1
17744 	1
17746 	1
17747 	1
17749 	1
17750 	1
17751 	1
17754 	1
17755 	1
17757 	1
17758 	1
17759 	1
17761 	1
17762 	1
17766 	1
17767 	1
17769 	1
17770 	1
17774 	1
17775 	1
17776 	1
17780 	1
17784 	1
17785 	1
17786 	1
17788 	1
17791 	1
17793 	1
17794 	1
17795 	1
17797 	1
17799 	1
17801 	1
17810 	1
17812 	1
17813 	1
17814 	1
17815 	1
17820 	1
17822 	1
17825 	1
17826 	1
17829 	1
17838 	1
17841 	1
17842 	1
17843 	1
17846 	1
17849 	1
17851 	1
17852 	1
17853 	1
17854 	1
17857 	1
17859 	1
17860 	1
17863 	1
17864 	1
17869 	1
17872 	1
17878 	1
17879 	1
17882 	1
17883 	1
17884 	1
17886 	1
17888 	1
17889 	1
17891 	1
17892 	1
17893 	1
17895 	1
17896 	1
17897 	1
17898 	1
17899 	1
17901 	1
17908 	1
17910 	1
17912 	1
17913 	1
17917 	1
17918 	1
17921 	1
17923 	1
17924 	1
17925 	1
17927 	1
17928 	1
17932 	1
17934 	1
17936 	1
17939 	1
17941 	1
17943 	1
17944 	1
17947 	1
17948 	1
17949 	1
17950 	1
17951 	1
17954 	1
17955 	1
17958 	1
17962 	1
17964 	1
17973 	1
17974 	1
17975 	1
17977 	1
17978 	1
17980 	1
17982 	1
17983 	1
17987 	1
17990 	1
17991 	1
17992 	1
17993 	1
17999 	1
18001 	1
18002 	1
18006 	1
18013 	1
18015 	1
18021 	1
18027 	1
18028 	1
18030 	1
18036 	1
18037 	1
18042 	1
18044 	1
18047 	1
18048 	1
18052 	1
18053 	1
18058 	1
18059 	1
18060 	1
18063 	1
18064 	1
18071 	1
18074 	1
18075 	1
18077 	1
18078 	1
18079 	1
18080 	1
18081 	1
18082 	1
18083 	1
18089 	1
18090 	1
18091 	1
18092 	1
18093 	1
18094 	1
18097 	1
18098 	1
18100 	1
18102 	1
18103 	1
18104 	1
18105 	1
18106 	1
18109 	1
18112 	1
18114 	1
18115 	1
18116 	1
18123 	1
18125 	1
18126 	1
18128 	1
18129 	1
18130 	1
18136 	1
18139 	1
18142 	0.863748458693
