Number of items 	Total Weight 	Total Profit 
5549 	1877632.0 	373000.091703 


Total time: 0.101832151413 s
Average time: 0.0254590511322 s
Last call: 4.05311584473e-06 s
Stamp 1 of the total: 0h 0m 0s 101ms 101832\u00B5s
Stamp 2 of the total: 00:00:00.0101
Pattern that ignores zeros:
101ms 101832\u00B5s
0101

Item    Fraction

1 	1
3 	1
5 	1
7 	1
11 	1
12 	1
14 	1
18 	1
19 	1
21 	1
22 	1
23 	1
26 	1
27 	1
29 	1
31 	1
32 	1
35 	1
37 	1
38 	1
39 	1
40 	1
42 	1
45 	1
46 	1
49 	1
50 	1
51 	1
53 	1
59 	1
60 	1
62 	1
64 	1
66 	1
69 	1
70 	1
71 	1
72 	1
74 	1
75 	1
76 	1
80 	1
81 	1
82 	1
85 	1
87 	1
90 	1
91 	1
93 	1
94 	1
96 	1
98 	1
100 	1
102 	1
105 	1
107 	1
108 	1
109 	1
111 	1
112 	1
114 	1
121 	1
122 	1
123 	1
124 	1
125 	1
127 	1
128 	1
129 	1
130 	1
131 	1
135 	1
137 	1
139 	1
143 	1
145 	1
147 	1
152 	1
153 	1
154 	1
155 	1
156 	1
157 	1
159 	1
167 	1
168 	1
172 	1
174 	1
176 	1
177 	1
178 	1
179 	1
180 	1
186 	1
188 	1
189 	1
190 	1
191 	1
192 	1
195 	1
196 	1
198 	1
201 	1
203 	1
210 	1
211 	1
212 	1
213 	1
215 	1
216 	1
219 	1
223 	1
224 	1
225 	1
226 	1
227 	1
228 	1
229 	1
231 	1
232 	1
235 	1
236 	1
237 	1
239 	1
240 	1
241 	1
242 	1
244 	1
245 	1
247 	1
248 	1
249 	1
250 	1
252 	1
254 	1
255 	1
257 	1
260 	1
261 	1
262 	1
263 	1
264 	1
266 	1
267 	1
270 	1
272 	1
273 	1
274 	1
275 	1
283 	1
284 	1
285 	1
287 	1
288 	1
290 	1
292 	1
305 	1
308 	1
310 	1
311 	1
312 	1
313 	1
315 	1
318 	1
319 	1
320 	1
323 	1
327 	1
328 	1
333 	1
338 	1
339 	1
342 	1
343 	1
345 	1
347 	1
348 	1
349 	1
353 	1
356 	1
358 	1
359 	1
364 	1
366 	1
369 	1
372 	1
374 	1
376 	1
377 	1
380 	1
381 	1
382 	1
384 	1
386 	1
391 	1
392 	1
393 	1
394 	1
400 	1
401 	1
406 	1
407 	1
409 	1
411 	1
413 	1
414 	1
415 	1
416 	1
417 	1
420 	1
423 	1
424 	1
425 	1
427 	1
428 	1
430 	1
431 	1
432 	1
434 	1
436 	1
438 	1
439 	1
443 	1
445 	1
447 	1
449 	1
450 	1
451 	1
453 	1
454 	1
455 	1
458 	1
461 	1
463 	1
465 	1
469 	1
470 	1
472 	1
477 	1
481 	1
483 	1
485 	1
489 	1
490 	1
492 	1
493 	1
494 	1
496 	1
497 	1
498 	1
500 	1
502 	1
503 	1
506 	1
511 	1
512 	1
513 	1
514 	1
515 	1
516 	1
517 	1
520 	1
521 	1
523 	1
525 	1
527 	1
528 	1
533 	1
535 	1
537 	1
542 	1
544 	1
549 	1
550 	1
551 	1
552 	1
553 	1
554 	1
556 	1
557 	1
558 	1
559 	1
560 	1
562 	1
565 	1
567 	1
569 	1
570 	1
572 	1
574 	1
576 	1
577 	1
579 	1
582 	1
584 	1
585 	1
586 	1
587 	1
588 	1
589 	1
590 	1
592 	1
593 	1
596 	1
597 	1
598 	1
599 	1
600 	1
601 	1
607 	1
608 	1
609 	1
610 	1
611 	1
615 	1
616 	1
620 	1
622 	1
623 	1
624 	1
626 	1
627 	1
628 	1
629 	1
636 	1
637 	1
640 	1
642 	1
644 	1
650 	1
651 	1
652 	1
655 	1
657 	1
663 	1
665 	1
666 	1
675 	1
677 	1
678 	1
685 	1
687 	1
691 	1
692 	1
693 	1
696 	1
698 	1
702 	1
703 	1
704 	1
705 	1
706 	1
709 	1
710 	1
713 	1
716 	1
717 	1
718 	1
719 	1
721 	1
722 	1
723 	1
725 	1
726 	1
728 	1
731 	1
732 	1
733 	1
738 	1
741 	1
742 	1
743 	1
744 	1
745 	1
747 	1
748 	1
749 	1
751 	1
752 	1
754 	1
755 	1
756 	1
758 	1
761 	1
762 	1
763 	1
766 	1
767 	1
769 	1
771 	1
772 	1
773 	1
776 	1
778 	1
779 	1
781 	1
782 	1
783 	1
784 	1
786 	1
787 	1
788 	1
792 	1
795 	1
797 	1
798 	1
800 	1
801 	1
803 	1
805 	1
807 	1
808 	1
810 	1
812 	1
813 	1
818 	1
820 	1
821 	1
822 	1
824 	1
825 	1
827 	1
828 	1
832 	1
834 	1
836 	1
837 	1
841 	1
843 	1
846 	1
847 	1
849 	1
852 	1
853 	1
855 	1
856 	1
858 	1
860 	1
861 	1
863 	1
866 	1
868 	1
871 	1
872 	1
873 	1
874 	1
875 	1
876 	1
878 	1
881 	1
882 	1
884 	1
885 	1
887 	1
888 	1
889 	1
891 	1
894 	1
897 	1
902 	1
905 	1
906 	1
909 	1
912 	1
913 	1
916 	1
917 	1
918 	1
919 	1
921 	1
923 	1
926 	1
927 	1
930 	1
938 	1
939 	1
942 	1
943 	1
945 	1
946 	1
949 	1
953 	1
955 	1
956 	1
957 	1
959 	1
960 	1
961 	1
962 	1
964 	1
965 	1
968 	1
969 	1
971 	1
975 	1
976 	1
978 	1
979 	1
980 	1
981 	1
983 	1
984 	1
989 	1
991 	1
992 	1
996 	1
997 	1
1002 	1
1005 	1
1009 	1
1010 	1
1011 	1
1015 	1
1018 	1
1019 	1
1020 	1
1021 	1
1022 	1
1025 	1
1026 	1
1030 	1
1031 	1
1032 	1
1033 	1
1035 	1
1036 	1
1037 	1
1042 	1
1044 	1
1047 	1
1048 	1
1053 	1
1054 	1
1055 	1
1059 	1
1062 	1
1068 	1
1069 	1
1071 	1
1072 	1
1075 	1
1077 	1
1079 	1
1082 	1
1083 	1
1084 	1
1085 	1
1086 	1
1088 	1
1089 	1
1090 	1
1091 	1
1094 	1
1095 	1
1098 	1
1100 	1
1102 	1
1107 	1
1109 	1
1110 	1
1113 	1
1114 	1
1115 	1
1117 	1
1118 	1
1121 	1
1125 	1
1130 	1
1135 	1
1136 	1
1138 	1
1142 	1
1144 	1
1145 	1
1147 	1
1148 	1
1149 	1
1150 	1
1151 	1
1152 	1
1155 	1
1157 	1
1158 	1
1160 	1
1161 	1
1167 	1
1169 	1
1170 	1
1171 	1
1174 	1
1175 	1
1176 	1
1179 	1
1183 	1
1184 	1
1186 	1
1189 	1
1190 	1
1193 	1
1194 	1
1195 	1
1196 	1
1197 	1
1198 	1
1199 	1
1204 	1
1209 	1
1212 	1
1218 	1
1220 	1
1221 	1
1224 	1
1225 	1
1228 	1
1230 	1
1232 	1
1234 	1
1236 	1
1240 	1
1242 	1
1243 	1
1244 	1
1245 	1
1248 	1
1249 	1
1250 	1
1251 	1
1252 	1
1253 	1
1256 	1
1257 	1
1259 	1
1261 	1
1262 	1
1263 	1
1267 	1
1271 	1
1272 	1
1273 	1
1274 	1
1275 	1
1278 	1
1282 	1
1283 	1
1285 	1
1287 	1
1290 	1
1296 	1
1297 	1
1298 	1
1300 	1
1301 	1
1302 	1
1304 	1
1306 	1
1308 	1
1309 	1
1310 	1
1312 	1
1314 	1
1320 	1
1323 	1
1324 	1
1326 	1
1329 	1
1330 	1
1331 	1
1332 	1
1333 	1
1335 	1
1336 	1
1339 	1
1341 	1
1345 	1
1346 	1
1347 	1
1349 	1
1351 	1
1352 	1
1353 	1
1356 	1
1360 	1
1363 	1
1369 	1
1371 	1
1374 	1
1382 	1
1387 	1
1388 	1
1391 	1
1392 	1
1393 	1
1394 	1
1396 	1
1398 	1
1399 	1
1400 	1
1401 	1
1402 	1
1404 	1
1405 	1
1407 	1
1408 	1
1412 	1
1414 	1
1415 	1
1424 	1
1425 	1
1426 	1
1428 	1
1430 	1
1432 	1
1434 	1
1439 	1
1440 	1
1442 	1
1444 	1
1447 	1
1450 	1
1452 	1
1455 	1
1456 	1
1460 	1
1461 	1
1465 	1
1467 	1
1468 	1
1470 	1
1471 	1
1476 	1
1477 	1
1478 	1
1479 	1
1480 	1
1483 	1
1485 	1
1486 	1
1487 	1
1490 	1
1491 	1
1492 	1
1495 	1
1496 	1
1499 	1
1500 	1
1501 	1
1502 	1
1506 	1
1507 	1
1508 	1
1511 	1
1512 	1
1513 	1
1514 	1
1518 	1
1521 	1
1522 	1
1524 	1
1525 	1
1530 	1
1532 	1
1533 	1
1534 	1
1542 	1
1543 	1
1549 	1
1551 	1
1552 	1
1554 	1
1556 	1
1558 	1
1561 	1
1562 	1
1564 	1
1565 	1
1566 	1
1569 	1
1572 	1
1575 	1
1576 	1
1579 	1
1580 	1
1582 	1
1584 	1
1585 	1
1586 	1
1587 	1
1588 	1
1591 	1
1594 	1
1597 	1
1606 	1
1607 	1
1611 	1
1613 	1
1616 	1
1617 	1
1618 	1
1620 	1
1622 	1
1623 	1
1624 	1
1626 	1
1627 	1
1628 	1
1629 	1
1630 	1
1634 	1
1637 	1
1638 	1
1639 	1
1642 	1
1643 	1
1644 	1
1645 	1
1646 	1
1648 	1
1650 	1
1654 	1
1657 	1
1658 	1
1660 	1
1666 	1
1667 	1
1671 	1
1672 	1
1673 	1
1676 	1
1677 	1
1679 	1
1680 	1
1682 	1
1683 	1
1685 	1
1686 	1
1687 	1
1691 	1
1692 	1
1693 	1
1694 	1
1695 	1
1697 	1
1700 	1
1702 	1
1703 	1
1705 	1
1707 	1
1708 	1
1710 	1
1713 	1
1714 	1
1716 	1
1719 	1
1720 	1
1723 	1
1725 	1
1727 	1
1728 	1
1730 	1
1731 	1
1737 	1
1738 	1
1740 	1
1741 	1
1743 	1
1745 	1
1752 	1
1757 	1
1761 	1
1762 	1
1765 	1
1766 	1
1768 	1
1770 	1
1772 	1
1773 	1
1774 	1
1775 	1
1776 	1
1777 	1
1778 	1
1781 	1
1783 	1
1784 	1
1786 	1
1787 	1
1789 	1
1790 	1
1791 	1
1792 	1
1793 	1
1794 	1
1795 	1
1797 	1
1799 	1
1800 	1
1801 	1
1804 	1
1805 	1
1808 	1
1812 	1
1813 	1
1814 	1
1815 	1
1817 	1
1819 	1
1820 	1
1821 	1
1823 	1
1824 	1
1825 	1
1826 	1
1827 	1
1828 	1
1831 	1
1835 	1
1836 	1
1839 	1
1840 	1
1841 	1
1842 	1
1844 	1
1845 	1
1846 	1
1847 	1
1849 	1
1851 	1
1852 	1
1853 	1
1854 	1
1858 	1
1859 	1
1863 	1
1864 	1
1866 	1
1872 	1
1875 	1
1878 	1
1879 	1
1880 	1
1881 	1
1882 	1
1883 	1
1886 	1
1887 	1
1890 	1
1891 	1
1893 	1
1898 	1
1899 	1
1900 	1
1902 	1
1903 	1
1905 	1
1906 	1
1909 	1
1911 	1
1913 	1
1914 	1
1915 	1
1923 	1
1928 	1
1929 	1
1930 	1
1932 	1
1934 	1
1935 	1
1936 	1
1941 	1
1942 	1
1943 	1
1944 	1
1945 	1
1947 	1
1948 	1
1949 	1
1950 	1
1952 	1
1953 	1
1954 	1
1955 	1
1958 	1
1959 	1
1962 	1
1967 	1
1970 	1
1971 	1
1973 	1
1977 	1
1979 	1
1980 	1
1985 	1
1986 	1
1987 	1
1989 	1
1990 	1
1994 	1
1996 	1
2000 	1
2001 	1
2002 	1
2006 	1
2008 	1
2010 	1
2012 	1
2013 	1
2014 	1
2015 	1
2018 	1
2019 	1
2020 	1
2022 	1
2023 	1
2024 	1
2025 	1
2027 	1
2031 	1
2032 	1
2033 	1
2038 	1
2042 	1
2043 	1
2045 	1
2047 	1
2048 	1
2051 	1
2052 	1
2053 	1
2054 	1
2055 	1
2056 	1
2058 	1
2060 	1
2061 	1
2062 	1
2064 	1
2070 	1
2071 	1
2074 	1
2075 	1
2078 	1
2079 	1
2080 	1
2081 	1
2082 	1
2083 	1
2084 	1
2085 	1
2088 	1
2090 	1
2091 	1
2092 	1
2095 	1
2097 	1
2098 	1
2099 	1
2100 	1
2102 	1
2104 	1
2107 	1
2111 	1
2112 	1
2113 	1
2114 	1
2116 	1
2117 	1
2119 	1
2121 	1
2122 	1
2123 	1
2125 	1
2126 	1
2127 	1
2128 	1
2130 	1
2132 	1
2136 	1
2138 	1
2140 	1
2141 	1
2143 	1
2145 	1
2147 	1
2148 	1
2150 	1
2151 	1
2153 	1
2158 	1
2160 	1
2162 	1
2165 	1
2166 	1
2168 	1
2170 	1
2172 	1
2177 	1
2179 	1
2180 	1
2185 	1
2186 	1
2187 	1
2188 	1
2193 	1
2195 	1
2196 	1
2197 	1
2199 	1
2201 	1
2207 	1
2208 	1
2209 	1
2210 	1
2211 	1
2214 	1
2218 	1
2221 	1
2222 	1
2226 	1
2228 	1
2229 	1
2232 	1
2233 	1
2234 	1
2237 	1
2238 	1
2241 	1
2242 	1
2243 	1
2244 	1
2245 	1
2246 	1
2247 	1
2254 	1
2255 	1
2256 	1
2257 	1
2258 	1
2259 	1
2260 	1
2261 	1
2263 	1
2269 	1
2270 	1
2273 	1
2276 	1
2277 	1
2280 	1
2284 	1
2290 	1
2291 	1
2294 	1
2295 	1
2297 	1
2298 	1
2299 	1
2300 	1
2301 	1
2303 	1
2305 	1
2306 	1
2311 	1
2315 	1
2316 	1
2318 	1
2323 	1
2326 	1
2328 	1
2329 	1
2330 	1
2334 	1
2335 	1
2337 	1
2339 	1
2342 	1
2345 	1
2350 	1
2353 	1
2354 	1
2357 	1
2361 	1
2365 	1
2368 	1
2369 	1
2370 	1
2372 	1
2375 	1
2378 	1
2380 	1
2381 	1
2383 	1
2388 	1
2389 	1
2390 	1
2393 	1
2394 	1
2395 	1
2396 	1
2397 	1
2398 	1
2399 	1
2401 	1
2402 	1
2404 	1
2405 	1
2409 	1
2410 	1
2412 	1
2413 	1
2414 	1
2416 	1
2418 	1
2419 	1
2420 	1
2421 	1
2423 	1
2425 	1
2428 	1
2429 	1
2432 	1
2433 	1
2437 	1
2438 	1
2443 	1
2447 	1
2448 	1
2449 	1
2452 	1
2453 	1
2455 	1
2456 	1
2458 	1
2459 	1
2460 	1
2466 	1
2467 	1
2469 	1
2471 	1
2473 	1
2474 	1
2477 	1
2479 	1
2480 	1
2481 	1
2483 	1
2484 	1
2486 	1
2490 	1
2491 	1
2492 	1
2493 	1
2494 	1
2498 	1
2499 	1
2500 	1
2501 	1
2503 	1
2504 	1
2505 	1
2506 	1
2508 	1
2509 	1
2510 	1
2511 	1
2512 	1
2513 	1
2514 	1
2515 	1
2516 	1
2517 	1
2518 	1
2519 	1
2521 	1
2524 	1
2525 	1
2526 	1
2527 	1
2528 	1
2530 	1
2531 	1
2532 	1
2534 	1
2535 	1
2537 	1
2539 	1
2540 	1
2542 	1
2544 	1
2547 	1
2548 	1
2549 	1
2552 	1
2554 	1
2559 	1
2560 	1
2562 	1
2563 	1
2566 	1
2569 	1
2571 	1
2576 	1
2581 	1
2582 	1
2585 	1
2587 	1
2590 	1
2591 	1
2592 	1
2593 	1
2596 	1
2597 	1
2599 	1
2603 	1
2605 	1
2607 	1
2609 	1
2610 	1
2611 	1
2612 	1
2613 	1
2616 	1
2617 	1
2618 	1
2619 	1
2620 	1
2621 	1
2624 	1
2627 	1
2629 	1
2631 	1
2632 	1
2633 	1
2635 	1
2640 	1
2647 	1
2648 	1
2651 	1
2653 	1
2654 	1
2656 	1
2657 	1
2658 	1
2659 	1
2660 	1
2664 	1
2668 	1
2670 	1
2671 	1
2676 	1
2678 	1
2681 	1
2685 	1
2686 	1
2687 	1
2688 	1
2689 	1
2691 	1
2694 	1
2695 	1
2698 	1
2699 	1
2701 	1
2705 	1
2707 	1
2708 	1
2709 	1
2710 	1
2711 	1
2712 	1
2713 	1
2715 	1
2718 	1
2720 	1
2722 	1
2723 	1
2726 	1
2727 	1
2729 	1
2730 	1
2733 	1
2734 	1
2736 	1
2738 	1
2741 	1
2744 	1
2745 	1
2746 	1
2747 	1
2748 	1
2749 	1
2750 	1
2755 	1
2756 	1
2757 	1
2760 	1
2761 	1
2763 	1
2764 	1
2765 	1
2766 	1
2767 	1
2769 	1
2771 	1
2773 	1
2774 	1
2776 	1
2778 	1
2779 	1
2782 	1
2783 	1
2785 	1
2786 	1
2787 	1
2788 	1
2789 	1
2790 	1
2791 	1
2794 	1
2795 	1
2796 	1
2799 	1
2800 	1
2801 	1
2804 	1
2805 	1
2806 	1
2807 	1
2808 	1
2809 	1
2812 	1
2813 	1
2814 	1
2815 	1
2816 	1
2817 	1
2819 	1
2820 	1
2821 	1
2823 	1
2824 	1
2825 	1
2826 	1
2827 	1
2828 	1
2831 	1
2833 	1
2838 	1
2840 	1
2841 	1
2845 	1
2848 	1
2849 	1
2853 	1
2855 	1
2857 	1
2858 	1
2861 	1
2862 	1
2863 	1
2866 	1
2867 	1
2869 	1
2870 	1
2871 	1
2874 	1
2876 	1
2879 	1
2884 	1
2888 	1
2891 	1
2899 	1
2900 	1
2904 	1
2906 	1
2909 	1
2914 	1
2915 	1
2917 	1
2918 	1
2919 	1
2920 	1
2921 	1
2924 	1
2925 	1
2926 	1
2927 	1
2929 	1
2930 	1
2936 	1
2938 	1
2939 	1
2940 	1
2941 	1
2942 	1
2943 	1
2945 	1
2948 	1
2952 	1
2953 	1
2956 	1
2957 	1
2959 	1
2960 	1
2968 	1
2972 	1
2974 	1
2975 	1
2976 	1
2977 	1
2978 	1
2980 	1
2981 	1
2985 	1
2988 	1
2989 	1
2990 	1
2993 	1
2995 	1
2996 	1
3001 	1
3002 	1
3003 	1
3004 	1
3005 	1
3006 	1
3008 	1
3010 	1
3012 	1
3013 	1
3014 	1
3016 	1
3017 	1
3020 	1
3022 	1
3024 	1
3026 	1
3027 	1
3029 	1
3031 	1
3032 	1
3033 	1
3034 	1
3037 	1
3038 	1
3039 	1
3040 	1
3041 	1
3042 	1
3043 	1
3045 	1
3047 	1
3050 	1
3055 	1
3057 	1
3059 	1
3060 	1
3061 	1
3066 	1
3067 	1
3068 	1
3069 	1
3070 	1
3072 	1
3073 	1
3074 	1
3077 	1
3078 	1
3079 	1
3081 	1
3082 	1
3085 	1
3086 	1
3087 	1
3088 	1
3089 	1
3092 	1
3093 	1
3094 	1
3095 	1
3097 	1
3098 	1
3100 	1
3107 	1
3109 	1
3110 	1
3111 	1
3114 	1
3120 	1
3121 	1
3126 	1
3129 	1
3131 	1
3134 	1
3135 	1
3140 	1
3142 	1
3143 	1
3144 	1
3145 	1
3146 	1
3148 	1
3151 	1
3152 	1
3153 	1
3155 	1
3158 	1
3161 	1
3162 	1
3163 	1
3167 	1
3168 	1
3169 	1
3170 	1
3177 	1
3180 	1
3181 	1
3185 	1
3186 	1
3188 	1
3190 	1
3192 	1
3194 	1
3195 	1
3196 	1
3201 	1
3204 	1
3205 	1
3206 	1
3207 	1
3208 	1
3209 	1
3211 	1
3212 	1
3215 	1
3219 	1
3221 	1
3225 	1
3227 	1
3230 	1
3232 	1
3233 	1
3235 	1
3236 	1
3237 	1
3242 	1
3247 	1
3249 	1
3250 	1
3252 	1
3259 	1
3261 	1
3262 	1
3263 	1
3267 	1
3268 	1
3269 	1
3273 	1
3274 	1
3275 	1
3276 	1
3277 	1
3278 	1
3280 	1
3282 	1
3284 	1
3285 	1
3286 	1
3287 	1
3289 	1
3292 	1
3296 	1
3298 	1
3299 	1
3302 	1
3303 	1
3305 	1
3306 	1
3308 	1
3309 	1
3310 	1
3312 	1
3313 	1
3314 	1
3315 	1
3317 	1
3318 	1
3319 	1
3320 	1
3321 	1
3322 	1
3324 	1
3325 	1
3326 	1
3327 	1
3331 	1
3334 	1
3335 	1
3336 	1
3338 	1
3339 	1
3340 	1
3341 	1
3342 	1
3343 	1
3344 	1
3345 	1
3346 	1
3347 	1
3349 	1
3350 	1
3351 	1
3355 	1
3356 	1
3357 	1
3358 	1
3359 	1
3360 	1
3361 	1
3362 	1
3363 	1
3364 	1
3366 	1
3368 	1
3370 	1
3371 	1
3372 	1
3373 	1
3374 	1
3375 	1
3376 	1
3378 	1
3380 	1
3381 	1
3383 	1
3384 	1
3387 	1
3391 	1
3392 	1
3393 	1
3394 	1
3396 	1
3397 	1
3398 	1
3400 	1
3403 	1
3405 	1
3406 	1
3409 	1
3413 	1
3414 	1
3415 	1
3416 	1
3417 	1
3418 	1
3419 	1
3420 	1
3421 	1
3423 	1
3424 	1
3425 	1
3429 	1
3431 	1
3434 	1
3436 	1
3437 	1
3439 	1
3440 	1
3441 	1
3442 	1
3443 	1
3444 	1
3447 	1
3449 	1
3451 	1
3452 	1
3456 	1
3457 	1
3458 	1
3461 	1
3462 	1
3465 	1
3467 	1
3468 	1
3469 	1
3475 	1
3476 	1
3478 	1
3480 	1
3482 	1
3483 	1
3484 	1
3488 	1
3492 	1
3494 	1
3495 	1
3496 	1
3497 	1
3499 	1
3501 	1
3503 	1
3504 	1
3505 	1
3512 	1
3513 	1
3514 	1
3515 	1
3516 	1
3519 	1
3527 	1
3532 	1
3533 	1
3534 	1
3535 	1
3540 	1
3543 	1
3544 	1
3547 	1
3549 	1
3550 	1
3553 	1
3554 	1
3556 	1
3557 	1
3560 	1
3563 	1
3565 	1
3566 	1
3569 	1
3573 	1
3576 	1
3577 	1
3579 	1
3582 	1
3584 	1
3586 	1
3589 	1
3593 	1
3595 	1
3597 	1
3599 	1
3600 	1
3601 	1
3602 	1
3603 	1
3605 	1
3607 	1
3608 	1
3609 	1
3610 	1
3614 	1
3615 	1
3616 	1
3618 	1
3619 	1
3620 	1
3621 	1
3622 	1
3624 	1
3628 	1
3632 	1
3633 	1
3634 	1
3635 	1
3636 	1
3638 	1
3641 	1
3642 	1
3646 	1
3648 	1
3651 	1
3654 	1
3656 	1
3657 	1
3659 	1
3660 	1
3661 	1
3662 	1
3666 	1
3667 	1
3668 	1
3669 	1
3675 	1
3676 	1
3686 	1
3688 	1
3690 	1
3693 	1
3694 	1
3695 	1
3698 	1
3700 	1
3706 	1
3708 	1
3709 	1
3711 	1
3712 	1
3715 	1
3716 	1
3723 	1
3726 	1
3727 	1
3730 	1
3733 	1
3734 	1
3736 	1
3738 	1
3740 	1
3741 	1
3746 	1
3750 	1
3751 	1
3753 	1
3755 	1
3756 	1
3761 	1
3762 	1
3763 	1
3768 	1
3769 	1
3772 	1
3773 	1
3774 	1
3778 	1
3779 	1
3781 	1
3782 	1
3783 	1
3791 	1
3792 	1
3793 	1
3794 	1
3795 	1
3797 	1
3799 	1
3802 	1
3803 	1
3805 	1
3806 	1
3808 	1
3809 	1
3810 	1
3811 	1
3813 	1
3814 	1
3816 	1
3818 	1
3819 	1
3821 	1
3825 	1
3829 	1
3832 	1
3834 	1
3844 	1
3845 	1
3846 	1
3848 	1
3851 	1
3854 	1
3855 	1
3858 	1
3862 	1
3863 	1
3866 	1
3869 	1
3870 	1
3872 	1
3873 	1
3874 	1
3875 	1
3878 	1
3880 	1
3882 	1
3883 	1
3885 	1
3886 	1
3890 	1
3891 	1
3894 	1
3895 	1
3897 	1
3899 	1
3905 	1
3907 	1
3909 	1
3911 	1
3912 	1
3914 	1
3916 	1
3918 	1
3919 	1
3920 	1
3925 	1
3926 	1
3928 	1
3930 	1
3933 	1
3934 	1
3936 	1
3939 	1
3940 	1
3941 	1
3942 	1
3943 	1
3947 	1
3948 	1
3950 	1
3952 	1
3954 	1
3955 	1
3958 	1
3963 	1
3967 	1
3968 	1
3971 	1
3972 	1
3974 	1
3977 	1
3978 	1
3979 	1
3980 	1
3982 	1
3984 	1
3985 	1
3987 	1
3988 	1
3990 	1
3994 	1
3995 	1
3997 	1
3999 	1
4000 	1
4004 	1
4007 	1
4009 	1
4010 	1
4011 	1
4012 	1
4013 	1
4014 	1
4015 	1
4019 	1
4024 	1
4025 	1
4026 	1
4028 	1
4029 	1
4030 	1
4031 	1
4033 	1
4035 	1
4038 	1
4041 	1
4046 	1
4047 	1
4048 	1
4049 	1
4050 	1
4051 	1
4053 	1
4056 	1
4058 	1
4059 	1
4061 	1
4072 	1
4076 	1
4078 	1
4079 	1
4080 	1
4081 	1
4082 	1
4084 	1
4088 	1
4089 	1
4090 	1
4091 	1
4093 	1
4099 	1
4100 	1
4103 	1
4104 	1
4108 	1
4111 	1
4112 	1
4116 	1
4121 	1
4122 	1
4125 	1
4126 	1
4128 	1
4132 	1
4136 	1
4137 	1
4138 	1
4140 	1
4149 	1
4150 	1
4151 	1
4154 	1
4157 	1
4159 	1
4162 	1
4163 	1
4164 	1
4165 	1
4166 	1
4169 	1
4170 	1
4171 	1
4175 	1
4177 	1
4179 	1
4182 	1
4184 	1
4185 	1
4187 	1
4188 	1
4189 	1
4193 	1
4194 	1
4201 	1
4204 	1
4205 	1
4208 	1
4211 	1
4215 	1
4217 	1
4222 	1
4223 	1
4227 	1
4228 	1
4229 	1
4231 	1
4232 	1
4236 	1
4237 	1
4239 	1
4241 	1
4246 	1
4247 	1
4250 	1
4251 	1
4252 	1
4255 	1
4257 	1
4258 	1
4261 	1
4262 	1
4264 	1
4265 	1
4269 	1
4272 	1
4273 	1
4275 	1
4279 	1
4280 	1
4281 	1
4282 	1
4285 	1
4288 	1
4291 	1
4292 	1
4295 	1
4296 	1
4297 	1
4300 	1
4301 	1
4302 	1
4305 	1
4308 	1
4310 	1
4312 	1
4315 	1
4317 	1
4318 	1
4319 	1
4320 	1
4326 	1
4327 	1
4329 	1
4330 	1
4335 	1
4337 	1
4339 	1
4340 	1
4341 	1
4343 	1
4348 	1
4349 	1
4350 	1
4351 	1
4352 	1
4353 	1
4355 	1
4357 	1
4358 	1
4359 	1
4360 	1
4361 	1
4362 	1
4364 	1
4365 	1
4366 	1
4369 	1
4370 	1
4371 	1
4373 	1
4374 	1
4375 	1
4377 	1
4378 	1
4380 	1
4387 	1
4399 	1
4400 	1
4401 	1
4404 	1
4406 	1
4407 	1
4408 	1
4411 	1
4414 	1
4415 	1
4419 	1
4421 	1
4422 	1
4423 	1
4426 	1
4434 	1
4435 	1
4437 	1
4438 	1
4441 	1
4442 	1
4443 	1
4444 	1
4447 	1
4450 	1
4452 	1
4454 	1
4457 	1
4458 	1
4459 	1
4460 	1
4461 	1
4462 	1
4464 	1
4468 	1
4472 	1
4477 	1
4479 	1
4480 	1
4481 	1
4483 	1
4486 	1
4487 	1
4489 	1
4490 	1
4491 	1
4492 	1
4496 	1
4498 	1
4501 	1
4502 	1
4504 	1
4507 	1
4511 	1
4515 	1
4516 	1
4517 	1
4520 	1
4521 	1
4522 	1
4524 	1
4526 	1
4527 	1
4530 	1
4532 	1
4533 	1
4538 	1
4539 	1
4543 	1
4545 	1
4546 	1
4548 	1
4549 	1
4553 	1
4554 	1
4555 	1
4557 	1
4559 	1
4562 	1
4563 	1
4564 	1
4567 	1
4570 	1
4571 	1
4574 	1
4575 	1
4579 	1
4580 	1
4581 	1
4582 	1
4583 	1
4584 	1
4585 	1
4588 	1
4589 	1
4590 	1
4593 	1
4595 	1
4599 	1
4600 	1
4601 	1
4605 	1
4608 	1
4609 	1
4611 	1
4612 	1
4613 	1
4614 	1
4617 	1
4621 	1
4622 	1
4623 	1
4627 	1
4628 	1
4629 	1
4632 	1
4633 	1
4635 	1
4640 	1
4642 	1
4643 	1
4644 	1
4646 	1
4649 	1
4650 	1
4651 	1
4657 	1
4658 	1
4659 	1
4660 	1
4661 	1
4664 	1
4665 	1
4666 	1
4667 	1
4670 	1
4671 	1
4678 	1
4679 	1
4693 	1
4694 	1
4696 	1
4699 	1
4704 	1
4711 	1
4716 	1
4719 	1
4720 	1
4721 	1
4723 	1
4725 	1
4726 	1
4729 	1
4730 	1
4731 	1
4732 	1
4733 	1
4734 	1
4735 	1
4738 	1
4739 	1
4740 	1
4741 	1
4742 	1
4745 	1
4748 	1
4751 	1
4752 	1
4753 	1
4755 	1
4757 	1
4761 	1
4762 	1
4763 	1
4766 	1
4769 	1
4771 	1
4773 	1
4775 	1
4778 	1
4787 	1
4789 	1
4791 	1
4799 	1
4800 	1
4804 	1
4805 	1
4806 	1
4807 	1
4808 	1
4809 	1
4810 	1
4817 	1
4821 	1
4823 	1
4825 	1
4826 	1
4827 	1
4829 	1
4830 	1
4831 	1
4832 	1
4834 	1
4839 	1
4844 	1
4845 	1
4846 	1
4847 	1
4848 	1
4850 	1
4851 	1
4855 	1
4858 	1
4859 	1
4860 	1
4863 	1
4864 	1
4865 	1
4866 	1
4867 	1
4868 	1
4871 	1
4874 	1
4875 	1
4876 	1
4879 	1
4885 	1
4886 	1
4887 	1
4888 	1
4893 	1
4894 	1
4895 	1
4896 	1
4897 	1
4899 	1
4900 	1
4901 	1
4902 	1
4903 	1
4904 	1
4913 	1
4914 	1
4918 	1
4919 	1
4920 	1
4923 	1
4927 	1
4931 	1
4932 	1
4934 	1
4938 	1
4939 	1
4940 	1
4943 	1
4945 	1
4947 	1
4949 	1
4950 	1
4951 	1
4952 	1
4953 	1
4954 	1
4957 	1
4959 	1
4960 	1
4961 	1
4963 	1
4964 	1
4966 	1
4967 	1
4972 	1
4975 	1
4977 	1
4979 	1
4980 	1
4981 	1
4982 	1
4983 	1
4986 	1
4988 	1
4989 	1
4991 	1
4993 	1
4997 	1
5000 	1
5002 	1
5004 	1
5010 	1
5013 	1
5014 	1
5016 	1
5020 	1
5021 	1
5024 	1
5027 	1
5029 	1
5031 	1
5032 	1
5034 	1
5035 	1
5039 	1
5040 	1
5041 	1
5042 	1
5044 	1
5045 	1
5046 	1
5047 	1
5049 	1
5052 	1
5054 	1
5058 	1
5060 	1
5061 	1
5062 	1
5065 	1
5067 	1
5068 	1
5072 	1
5074 	1
5076 	1
5080 	1
5084 	1
5086 	1
5090 	1
5091 	1
5092 	1
5095 	1
5101 	1
5103 	1
5104 	1
5106 	1
5109 	1
5112 	1
5114 	1
5115 	1
5118 	1
5119 	1
5122 	1
5125 	1
5128 	1
5133 	1
5134 	1
5136 	1
5144 	1
5148 	1
5152 	1
5154 	1
5155 	1
5157 	1
5158 	1
5159 	1
5160 	1
5163 	1
5164 	1
5165 	1
5168 	1
5169 	1
5170 	1
5172 	1
5173 	1
5175 	1
5176 	1
5177 	1
5178 	1
5179 	1
5180 	1
5182 	1
5183 	1
5184 	1
5186 	1
5187 	1
5188 	1
5189 	1
5193 	1
5196 	1
5197 	1
5200 	1
5201 	1
5208 	1
5209 	1
5211 	1
5214 	1
5218 	1
5219 	1
5221 	1
5223 	1
5224 	1
5228 	1
5229 	1
5230 	1
5232 	1
5233 	1
5235 	1
5237 	1
5240 	1
5242 	1
5244 	1
5249 	1
5250 	1
5252 	1
5253 	1
5254 	1
5260 	1
5261 	1
5264 	1
5265 	1
5267 	1
5268 	1
5270 	1
5272 	1
5275 	1
5278 	1
5281 	1
5288 	1
5289 	1
5290 	1
5291 	1
5293 	1
5294 	1
5295 	1
5297 	1
5299 	1
5300 	1
5301 	1
5302 	1
5303 	1
5305 	1
5309 	1
5311 	1
5312 	1
5315 	1
5318 	1
5319 	1
5321 	1
5322 	1
5324 	1
5327 	1
5328 	1
5329 	1
5331 	1
5332 	1
5333 	1
5335 	1
5337 	1
5338 	1
5342 	1
5343 	1
5346 	1
5347 	1
5348 	1
5352 	1
5354 	1
5357 	1
5360 	1
5362 	1
5363 	1
5364 	1
5365 	1
5366 	1
5367 	1
5371 	1
5376 	1
5377 	1
5378 	1
5380 	1
5382 	1
5385 	1
5387 	1
5390 	1
5393 	1
5395 	1
5400 	1
5401 	1
5402 	1
5404 	1
5405 	1
5406 	1
5407 	1
5408 	1
5409 	1
5412 	1
5414 	1
5416 	1
5417 	1
5419 	1
5420 	1
5421 	1
5422 	1
5423 	1
5424 	1
5425 	1
5426 	1
5427 	1
5429 	1
5430 	1
5433 	1
5438 	1
5439 	1
5441 	1
5444 	1
5445 	1
5446 	1
5449 	1
5451 	1
5454 	1
5455 	1
5456 	1
5457 	1
5458 	1
5459 	1
5460 	1
5462 	1
5463 	1
5464 	1
5465 	1
5467 	1
5469 	1
5470 	1
5471 	1
5472 	1
5473 	1
5475 	1
5476 	1
5480 	1
5483 	1
5485 	1
5486 	1
5487 	1
5488 	1
5492 	1
5494 	1
5495 	1
5496 	1
5497 	1
5499 	1
5501 	1
5503 	1
5505 	1
5506 	1
5508 	1
5509 	1
5515 	1
5518 	1
5519 	1
5523 	1
5525 	1
5526 	1
5527 	1
5529 	1
5531 	1
5532 	1
5534 	1
5535 	1
5537 	1
5539 	1
5540 	1
5541 	1
5542 	1
5543 	1
5544 	1
5545 	1
5546 	1
5547 	1
5548 	1
5549 	1
5551 	1
5555 	1
5556 	1
5557 	1
5560 	1
5563 	1
5564 	1
5566 	1
5567 	1
5568 	1
5570 	1
5571 	1
5573 	1
5579 	1
5580 	1
5582 	1
5586 	1
5587 	1
5589 	1
5591 	1
5592 	1
5595 	1
5596 	1
5598 	1
5599 	1
5601 	1
5604 	1
5605 	1
5606 	1
5607 	1
5608 	1
5611 	1
5612 	1
5616 	1
5619 	1
5621 	1
5623 	1
5625 	1
5629 	1
5630 	1
5632 	1
5634 	1
5638 	1
5642 	1
5643 	1
5646 	1
5648 	1
5650 	1
5657 	1
5660 	1
5661 	1
5663 	1
5665 	1
5666 	1
5667 	1
5668 	1
5669 	1
5670 	1
5671 	1
5672 	1
5673 	1
5677 	1
5678 	1
5684 	1
5687 	1
5689 	1
5698 	1
5701 	1
5703 	1
5710 	1
5711 	1
5713 	1
5714 	1
5716 	1
5720 	1
5721 	1
5722 	1
5723 	1
5724 	1
5725 	1
5726 	1
5727 	1
5728 	1
5729 	1
5731 	1
5732 	1
5735 	1
5737 	1
5738 	1
5743 	1
5744 	1
5746 	1
5749 	1
5751 	1
5754 	1
5758 	1
5759 	1
5763 	1
5766 	1
5768 	1
5769 	1
5771 	1
5772 	1
5773 	1
5779 	1
5781 	1
5784 	1
5786 	1
5790 	1
5791 	1
5792 	1
5793 	1
5795 	1
5796 	1
5797 	1
5798 	1
5799 	1
5804 	1
5805 	1
5806 	1
5807 	1
5809 	1
5814 	1
5815 	1
5817 	1
5819 	1
5820 	1
5821 	1
5825 	1
5827 	1
5830 	1
5833 	1
5835 	1
5839 	1
5840 	1
5841 	1
5843 	1
5845 	1
5847 	1
5850 	1
5853 	1
5855 	1
5860 	1
5861 	1
5862 	1
5867 	1
5868 	1
5869 	1
5871 	1
5874 	1
5875 	1
5876 	1
5877 	1
5878 	1
5880 	1
5881 	1
5882 	1
5883 	1
5887 	1
5888 	1
5890 	1
5894 	1
5895 	1
5897 	1
5899 	1
5900 	1
5901 	1
5902 	1
5903 	1
5906 	1
5907 	1
5911 	1
5912 	1
5916 	1
5917 	1
5923 	1
5924 	1
5927 	1
5929 	1
5930 	1
5931 	1
5934 	1
5936 	1
5937 	1
5938 	1
5939 	1
5942 	1
5946 	1
5948 	1
5952 	1
5953 	1
5954 	1
5955 	1
5956 	1
5957 	1
5961 	1
5962 	1
5963 	1
5964 	1
5965 	1
5967 	1
5969 	1
5970 	1
5971 	1
5975 	1
5976 	1
5981 	1
5983 	1
5986 	1
5987 	1
5989 	1
5991 	1
5992 	1
5993 	1
5994 	1
5996 	1
5999 	1
6001 	1
6002 	1
6003 	1
6004 	1
6008 	1
6010 	1
6015 	1
6016 	1
6017 	1
6018 	1
6019 	1
6020 	1
6027 	1
6028 	1
6032 	1
6034 	1
6036 	1
6038 	1
6039 	1
6040 	1
6045 	1
6046 	1
6049 	1
6050 	1
6052 	1
6053 	1
6055 	1
6057 	1
6059 	1
6061 	1
6063 	1
6064 	1
6068 	1
6069 	1
6071 	1
6072 	1
6077 	1
6078 	1
6080 	1
6081 	1
6085 	1
6087 	1
6088 	1
6089 	1
6090 	1
6092 	1
6093 	1
6096 	1
6097 	1
6099 	1
6101 	1
6102 	1
6105 	1
6107 	1
6108 	1
6111 	1
6112 	1
6115 	1
6120 	1
6122 	1
6124 	1
6125 	1
6127 	1
6130 	1
6133 	1
6137 	1
6138 	1
6139 	1
6140 	1
6141 	1
6142 	1
6143 	1
6146 	1
6147 	1
6151 	1
6152 	1
6153 	1
6154 	1
6155 	1
6156 	1
6157 	1
6159 	1
6160 	1
6163 	1
6165 	1
6168 	1
6171 	1
6172 	1
6173 	1
6175 	1
6176 	1
6178 	1
6181 	1
6183 	1
6190 	1
6191 	1
6193 	1
6195 	1
6196 	1
6201 	1
6204 	1
6207 	1
6210 	1
6211 	1
6217 	1
6219 	1
6222 	1
6223 	1
6224 	1
6226 	1
6227 	1
6232 	1
6237 	1
6238 	1
6242 	1
6244 	1
6245 	1
6247 	1
6248 	1
6250 	1
6251 	1
6253 	1
6255 	1
6257 	1
6258 	1
6260 	1
6263 	1
6264 	1
6267 	1
6271 	1
6274 	1
6276 	1
6277 	1
6279 	1
6280 	1
6281 	1
6282 	1
6284 	1
6287 	1
6288 	1
6289 	1
6291 	1
6296 	1
6298 	1
6300 	1
6302 	1
6304 	1
6312 	1
6314 	1
6317 	1
6319 	1
6320 	1
6321 	1
6329 	1
6330 	1
6331 	1
6333 	1
6335 	1
6336 	1
6337 	1
6338 	1
6343 	1
6344 	1
6345 	1
6348 	1
6349 	1
6351 	1
6352 	1
6355 	1
6359 	1
6363 	1
6365 	1
6366 	1
6369 	1
6370 	1
6371 	1
6372 	1
6374 	1
6376 	1
6377 	1
6378 	1
6381 	1
6382 	1
6387 	1
6388 	1
6389 	1
6394 	1
6395 	1
6396 	1
6397 	1
6399 	1
6400 	1
6404 	1
6406 	1
6408 	1
6409 	1
6411 	1
6412 	1
6416 	1
6419 	1
6421 	1
6423 	1
6424 	1
6428 	1
6430 	1
6431 	1
6432 	1
6433 	1
6435 	1
6437 	1
6439 	1
6440 	1
6443 	1
6446 	1
6447 	1
6448 	1
6449 	1
6454 	1
6455 	1
6457 	1
6460 	1
6462 	1
6464 	1
6466 	1
6469 	1
6474 	1
6476 	1
6478 	1
6480 	1
6481 	1
6484 	1
6486 	1
6489 	1
6490 	1
6491 	1
6492 	1
6495 	1
6496 	1
6497 	1
6498 	1
6499 	1
6500 	1
6501 	1
6504 	1
6505 	1
6512 	1
6516 	1
6517 	1
6519 	1
6521 	1
6522 	1
6523 	1
6524 	1
6526 	1
6527 	1
6528 	1
6529 	1
6530 	1
6533 	1
6539 	1
6541 	1
6542 	1
6543 	1
6546 	1
6547 	1
6548 	1
6553 	1
6554 	1
6555 	1
6556 	1
6558 	1
6560 	1
6563 	1
6566 	1
6568 	1
6573 	1
6575 	1
6577 	1
6579 	1
6581 	1
6584 	1
6587 	1
6588 	1
6589 	1
6590 	1
6591 	1
6594 	1
6596 	1
6597 	1
6598 	1
6601 	1
6602 	1
6603 	1
6604 	1
6605 	1
6606 	1
6610 	1
6611 	1
6612 	1
6614 	1
6615 	1
6616 	1
6617 	1
6618 	1
6621 	1
6622 	1
6623 	1
6625 	1
6627 	1
6628 	1
6630 	1
6632 	1
6633 	1
6635 	1
6636 	1
6642 	1
6645 	1
6648 	1
6649 	1
6650 	1
6651 	1
6652 	1
6653 	1
6654 	1
6657 	1
6661 	1
6662 	1
6668 	1
6669 	1
6671 	1
6673 	1
6675 	1
6676 	1
6677 	1
6679 	1
6680 	1
6682 	1
6687 	1
6690 	1
6691 	1
6692 	1
6694 	1
6695 	1
6697 	1
6698 	1
6699 	1
6703 	1
6706 	1
6707 	1
6708 	1
6710 	1
6711 	1
6714 	1
6715 	1
6716 	1
6717 	1
6718 	1
6720 	1
6721 	1
6722 	1
6724 	1
6728 	1
6730 	1
6731 	1
6732 	1
6733 	1
6734 	1
6743 	1
6746 	1
6749 	1
6750 	1
6755 	1
6757 	1
6761 	1
6764 	1
6767 	1
6769 	1
6772 	1
6773 	1
6774 	1
6775 	1
6776 	1
6778 	1
6779 	1
6780 	1
6781 	1
6783 	1
6787 	1
6789 	1
6790 	1
6791 	1
6792 	1
6793 	1
6794 	1
6796 	1
6798 	1
6799 	1
6801 	1
6802 	1
6804 	1
6806 	1
6811 	1
6812 	1
6813 	1
6815 	1
6816 	1
6821 	1
6822 	1
6823 	1
6824 	1
6826 	1
6827 	1
6828 	1
6830 	1
6831 	1
6832 	1
6834 	1
6836 	1
6837 	1
6838 	1
6841 	1
6842 	1
6844 	1
6845 	1
6846 	1
6849 	1
6850 	1
6852 	1
6853 	1
6854 	1
6855 	1
6856 	1
6857 	1
6865 	1
6866 	1
6867 	1
6869 	1
6870 	1
6872 	1
6873 	1
6874 	1
6879 	1
6880 	1
6882 	1
6883 	1
6884 	1
6889 	1
6897 	1
6898 	1
6899 	1
6900 	1
6901 	1
6903 	1
6904 	1
6905 	1
6907 	1
6908 	1
6909 	1
6914 	1
6915 	1
6916 	1
6921 	1
6922 	1
6926 	1
6928 	1
6930 	1
6932 	1
6935 	1
6936 	1
6937 	1
6938 	1
6940 	1
6943 	1
6953 	1
6954 	1
6955 	1
6956 	1
6958 	1
6965 	1
6966 	1
6967 	1
6970 	1
6971 	1
6972 	1
6975 	1
6976 	1
6977 	1
6979 	1
6987 	1
6990 	1
6991 	1
6992 	1
6993 	1
6994 	1
6995 	1
6996 	1
6998 	1
6999 	1
7004 	1
7005 	1
7008 	1
7009 	1
7011 	1
7013 	1
7014 	1
7015 	1
7017 	1
7018 	1
7022 	1
7023 	1
7024 	1
7027 	1
7028 	1
7029 	1
7035 	1
7036 	1
7037 	1
7038 	1
7039 	1
7040 	1
7042 	1
7043 	1
7044 	1
7046 	1
7047 	1
7048 	1
7050 	1
7052 	1
7053 	1
7058 	1
7060 	1
7063 	1
7064 	1
7066 	1
7068 	1
7071 	1
7072 	1
7074 	1
7076 	1
7078 	1
7080 	1
7082 	1
7083 	1
7084 	1
7085 	1
7088 	1
7092 	1
7093 	1
7098 	1
7099 	1
7102 	1
7103 	1
7104 	1
7107 	1
7108 	1
7110 	1
7114 	1
7115 	1
7116 	1
7118 	1
7119 	1
7123 	1
7124 	1
7125 	1
7127 	1
7128 	1
7129 	1
7130 	1
7131 	1
7132 	1
7133 	1
7134 	1
7136 	1
7138 	1
7140 	1
7142 	1
7143 	1
7144 	1
7146 	1
7148 	1
7150 	1
7151 	1
7157 	1
7158 	1
7159 	1
7160 	1
7162 	1
7166 	1
7172 	1
7173 	1
7174 	1
7177 	1
7179 	1
7181 	1
7182 	1
7185 	1
7187 	1
7188 	1
7189 	1
7192 	1
7193 	1
7196 	1
7200 	1
7203 	1
7205 	1
7209 	1
7210 	1
7211 	1
7213 	1
7214 	1
7216 	1
7218 	1
7219 	1
7223 	1
7225 	1
7228 	1
7233 	1
7236 	1
7237 	1
7238 	1
7248 	1
7249 	1
7250 	1
7251 	1
7255 	1
7257 	1
7258 	1
7259 	1
7260 	1
7262 	1
7263 	1
7265 	1
7267 	1
7270 	1
7271 	1
7273 	1
7275 	1
7276 	1
7277 	1
7278 	1
7280 	1
7281 	1
7282 	1
7283 	1
7284 	1
7286 	1
7287 	1
7291 	1
7293 	1
7294 	1
7295 	1
7296 	1
7297 	1
7299 	1
7301 	1
7302 	1
7305 	1
7308 	1
7309 	1
7310 	1
7312 	1
7315 	1
7317 	1
7318 	1
7320 	1
7321 	1
7322 	1
7324 	1
7325 	1
7326 	1
7331 	1
7332 	1
7333 	1
7334 	1
7335 	1
7336 	1
7338 	1
7341 	1
7342 	1
7343 	1
7345 	1
7346 	1
7348 	1
7349 	1
7351 	1
7354 	1
7355 	1
7358 	1
7359 	1
7362 	1
7364 	1
7366 	1
7367 	1
7368 	1
7371 	1
7373 	1
7375 	1
7376 	1
7377 	1
7380 	1
7381 	1
7382 	1
7383 	1
7385 	1
7388 	1
7391 	1
7392 	1
7393 	1
7396 	1
7400 	1
7402 	1
7405 	1
7408 	1
7409 	1
7410 	1
7412 	1
7415 	1
7416 	1
7419 	1
7422 	1
7426 	1
7427 	1
7428 	1
7429 	1
7430 	1
7431 	1
7432 	1
7433 	1
7434 	1
7436 	1
7439 	1
7440 	1
7442 	1
7443 	1
7445 	1
7446 	1
7450 	1
7452 	1
7453 	1
7454 	1
7456 	1
7458 	1
7462 	1
7463 	1
7464 	1
7467 	1
7469 	1
7470 	1
7473 	1
7474 	1
7475 	1
7476 	1
7477 	1
7479 	1
7482 	1
7483 	1
7484 	1
7485 	1
7486 	1
7490 	1
7492 	1
7493 	1
7495 	1
7497 	1
7501 	1
7502 	1
7503 	1
7504 	1
7509 	1
7510 	1
7511 	1
7513 	1
7519 	1
7520 	1
7521 	1
7522 	1
7523 	1
7524 	1
7526 	1
7527 	1
7528 	1
7530 	1
7532 	1
7535 	1
7536 	1
7537 	1
7538 	1
7540 	1
7541 	1
7546 	1
7551 	1
7552 	1
7557 	1
7563 	1
7564 	1
7565 	1
7566 	1
7568 	1
7571 	1
7573 	1
7574 	1
7577 	1
7578 	1
7582 	1
7583 	1
7587 	1
7588 	1
7591 	1
7592 	1
7594 	1
7597 	1
7599 	1
7600 	1
7601 	1
7602 	1
7603 	1
7604 	1
7605 	1
7607 	1
7610 	1
7611 	1
7613 	1
7614 	1
7617 	1
7618 	1
7620 	1
7623 	1
7625 	1
7629 	1
7633 	1
7634 	1
7635 	1
7636 	1
7637 	1
7639 	1
7641 	1
7644 	1
7646 	1
7652 	1
7656 	1
7657 	1
7658 	1
7659 	1
7661 	1
7664 	1
7666 	1
7667 	1
7668 	1
7669 	1
7670 	1
7671 	1
7672 	1
7674 	1
7676 	1
7680 	1
7682 	1
7684 	1
7687 	1
7688 	1
7692 	1
7693 	1
7695 	1
7696 	1
7698 	1
7699 	1
7700 	1
7704 	1
7705 	1
7708 	1
7709 	1
7711 	1
7712 	1
7714 	1
7718 	1
7721 	1
7722 	1
7724 	1
7725 	1
7729 	1
7731 	1
7732 	1
7733 	1
7735 	1
7736 	1
7737 	1
7745 	1
7747 	1
7749 	1
7750 	1
7751 	1
7752 	1
7753 	1
7754 	1
7755 	1
7757 	1
7759 	1
7762 	1
7763 	1
7764 	1
7765 	1
7766 	1
7768 	1
7770 	1
7775 	1
7776 	1
7777 	1
7780 	1
7781 	1
7782 	1
7783 	1
7787 	1
7788 	1
7790 	1
7794 	1
7795 	1
7798 	1
7799 	1
7800 	1
7803 	1
7806 	1
7811 	1
7812 	1
7813 	1
7814 	1
7815 	1
7817 	1
7822 	1
7828 	1
7829 	1
7830 	1
7831 	1
7832 	1
7833 	1
7835 	1
7836 	1
7838 	1
7839 	1
7840 	1
7841 	1
7846 	1
7847 	1
7848 	1
7851 	1
7854 	1
7855 	1
7860 	1
7863 	1
7864 	1
7866 	1
7867 	1
7869 	1
7870 	1
7871 	1
7873 	1
7874 	1
7882 	1
7883 	1
7884 	1
7885 	1
7886 	1
7887 	1
7888 	1
7891 	1
7895 	1
7896 	1
7897 	1
7898 	1
7905 	1
7907 	1
7908 	1
7910 	1
7911 	1
7912 	1
7913 	1
7915 	1
7917 	1
7918 	1
7920 	1
7921 	1
7922 	1
7928 	1
7932 	1
7933 	1
7934 	1
7938 	1
7939 	1
7940 	1
7942 	1
7944 	1
7945 	1
7946 	1
7947 	1
7949 	1
7953 	1
7958 	1
7964 	1
7965 	1
7970 	1
7972 	1
7973 	1
7974 	1
7978 	1
7984 	1
7986 	1
7988 	1
7989 	1
7991 	1
7992 	1
7993 	1
7994 	1
7995 	1
7999 	1
8000 	1
8001 	1
8002 	1
8003 	1
8004 	1
8005 	1
8009 	1
8010 	1
8011 	1
8012 	1
8014 	1
8015 	1
8016 	1
8017 	1
8019 	1
8020 	1
8022 	1
8023 	1
8025 	1
8026 	1
8028 	1
8029 	1
8034 	1
8036 	1
8037 	1
8039 	1
8040 	1
8042 	1
8044 	1
8046 	1
8048 	1
8049 	1
8050 	1
8051 	1
8054 	1
8055 	1
8056 	1
8058 	1
8064 	1
8065 	1
8067 	1
8068 	1
8069 	1
8070 	1
8075 	1
8077 	1
8078 	1
8079 	1
8081 	1
8083 	1
8084 	1
8085 	1
8086 	1
8087 	1
8090 	1
8096 	1
8097 	1
8098 	1
8108 	1
8111 	1
8112 	1
8115 	1
8116 	1
8122 	1
8124 	1
8125 	1
8129 	1
8131 	1
8133 	1
8143 	1
8146 	1
8147 	1
8148 	1
8152 	1
8154 	1
8156 	1
8164 	1
8165 	1
8166 	1
8170 	1
8171 	1
8175 	1
8176 	1
8177 	1
8178 	1
8181 	1
8182 	1
8185 	1
8186 	1
8187 	1
8190 	1
8192 	1
8195 	1
8196 	1
8200 	1
8203 	1
8204 	1
8205 	1
8207 	1
8210 	1
8213 	1
8220 	1
8221 	1
8222 	1
8223 	1
8224 	1
8229 	1
8230 	1
8231 	1
8234 	1
8236 	1
8238 	1
8239 	1
8240 	1
8244 	1
8246 	1
8251 	1
8252 	1
8254 	1
8258 	1
8261 	1
8262 	1
8264 	1
8265 	1
8267 	1
8269 	1
8274 	1
8275 	1
8279 	1
8280 	1
8281 	1
8285 	1
8286 	1
8287 	1
8288 	1
8289 	1
8293 	1
8295 	1
8296 	1
8299 	1
8303 	1
8304 	1
8305 	1
8308 	1
8311 	1
8312 	1
8314 	1
8315 	1
8318 	1
8320 	1
8321 	1
8323 	1
8324 	1
8327 	1
8328 	1
8330 	1
8334 	1
8335 	1
8336 	1
8337 	1
8338 	1
8340 	1
8341 	1
8342 	1
8343 	1
8345 	1
8346 	1
8350 	1
8352 	1
8353 	1
8355 	1
8356 	1
8359 	1
8360 	1
8361 	1
8362 	1
8365 	1
8367 	1
8368 	1
8370 	1
8371 	1
8372 	1
8373 	1
8375 	1
8376 	1
8379 	1
8384 	1
8385 	1
8387 	1
8388 	1
8392 	1
8395 	1
8396 	1
8397 	1
8398 	1
8401 	1
8403 	1
8406 	1
8408 	1
8409 	1
8410 	1
8413 	1
8417 	1
8418 	1
8419 	1
8420 	1
8423 	1
8425 	1
8426 	1
8428 	1
8429 	1
8430 	1
8433 	1
8436 	1
8437 	1
8438 	1
8440 	1
8443 	1
8444 	1
8445 	1
8450 	1
8451 	1
8452 	1
8453 	1
8454 	1
8457 	1
8458 	1
8459 	1
8460 	1
8461 	1
8465 	1
8466 	1
8470 	1
8471 	1
8478 	1
8479 	1
8480 	1
8482 	1
8483 	1
8485 	1
8487 	1
8489 	1
8491 	1
8493 	1
8496 	1
8499 	1
8502 	1
8504 	1
8512 	1
8517 	1
8519 	1
8521 	1
8525 	1
8531 	1
8532 	1
8533 	1
8536 	1
8540 	1
8541 	1
8542 	1
8543 	1
8544 	1
8545 	1
8548 	1
8549 	1
8550 	1
8554 	1
8556 	1
8557 	1
8558 	1
8561 	1
8562 	1
8563 	1
8565 	1
8568 	1
8569 	1
8570 	1
8571 	1
8573 	1
8576 	1
8577 	1
8581 	1
8582 	1
8583 	1
8584 	1
8585 	1
8586 	1
8589 	1
8590 	1
8597 	1
8598 	1
8603 	1
8604 	1
8610 	1
8612 	1
8614 	1
8616 	1
8621 	1
8622 	1
8625 	1
8627 	1
8628 	1
8630 	1
8631 	1
8632 	1
8633 	1
8634 	1
8637 	1
8639 	1
8640 	1
8641 	1
8643 	1
8646 	1
8649 	1
8654 	1
8655 	1
8656 	1
8659 	1
8660 	1
8662 	1
8663 	1
8664 	1
8665 	1
8669 	1
8674 	1
8675 	1
8676 	1
8678 	1
8679 	1
8682 	1
8684 	1
8686 	1
8687 	1
8688 	1
8690 	1
8691 	1
8692 	1
8695 	1
8697 	1
8699 	1
8701 	1
8703 	1
8704 	1
8705 	1
8708 	1
8709 	1
8710 	1
8713 	1
8714 	1
8715 	1
8716 	1
8718 	1
8719 	1
8720 	1
8721 	1
8722 	1
8723 	1
8728 	1
8729 	1
8731 	1
8732 	1
8736 	1
8741 	1
8742 	1
8744 	1
8746 	1
8749 	1
8750 	1
8751 	1
8753 	1
8754 	1
8755 	1
8756 	1
8757 	1
8758 	1
8759 	1
8760 	1
8761 	1
8762 	1
8765 	1
8767 	1
8768 	1
8774 	1
8775 	1
8776 	1
8777 	1
8778 	1
8781 	1
8782 	1
8783 	1
8784 	1
8786 	1
8787 	1
8796 	1
8797 	1
8798 	1
8799 	1
8800 	1
8803 	1
8805 	1
8807 	1
8809 	1
8810 	1
8812 	1
8813 	1
8815 	1
8817 	1
8819 	1
8823 	1
8826 	1
8828 	1
8829 	1
8831 	1
8835 	1
8837 	1
8838 	1
8840 	1
8841 	1
8842 	1
8843 	1
8844 	1
8846 	1
8847 	1
8848 	1
8849 	1
8853 	1
8854 	1
8861 	1
8863 	1
8866 	1
8869 	1
8871 	1
8872 	1
8874 	1
8877 	1
8878 	1
8880 	1
8881 	1
8884 	1
8885 	1
8886 	1
8888 	1
8890 	1
8892 	1
8893 	1
8894 	1
8896 	1
8897 	1
8898 	1
8903 	1
8907 	1
8909 	1
8910 	1
8915 	1
8916 	1
8917 	1
8918 	1
8920 	1
8923 	1
8924 	1
8928 	1
8929 	1
8935 	1
8936 	1
8938 	1
8940 	1
8943 	1
8944 	1
8945 	1
8948 	1
8949 	1
8950 	1
8951 	1
8952 	1
8956 	1
8957 	1
8958 	1
8962 	1
8963 	1
8964 	1
8965 	1
8968 	1
8969 	1
8972 	1
8973 	1
8975 	1
8976 	1
8977 	1
8979 	1
8980 	1
8981 	1
8982 	1
8990 	1
8993 	1
8995 	1
8996 	1
8998 	1
8999 	1
9000 	1
9001 	1
9003 	1
9004 	1
9005 	1
9008 	1
9009 	1
9010 	1
9011 	1
9012 	1
9013 	1
9014 	1
9015 	1
9019 	1
9021 	1
9025 	1
9028 	1
9029 	1
9030 	1
9031 	1
9034 	1
9035 	1
9038 	1
9040 	1
9042 	1
9044 	1
9046 	1
9048 	1
9050 	1
9052 	1
9055 	1
9056 	1
9057 	1
9058 	1
9059 	1
9067 	1
9069 	1
9071 	1
9073 	1
9075 	1
9076 	1
9078 	1
9079 	1
9080 	1
9081 	1
9082 	1
9084 	1
9085 	1
9086 	1
9089 	1
9091 	1
9097 	1
9100 	1
9102 	1
9105 	1
9109 	1
9110 	1
9116 	1
9117 	1
9119 	1
9120 	1
9121 	1
9122 	1
9125 	1
9126 	1
9127 	1
9129 	1
9130 	1
9133 	1
9134 	1
9135 	1
9136 	1
9137 	1
9138 	1
9140 	1
9141 	1
9143 	1
9144 	1
9145 	1
9146 	1
9147 	1
9149 	1
9155 	1
9160 	1
9164 	1
9165 	1
9167 	1
9168 	1
9169 	1
9170 	1
9172 	1
9174 	1
9175 	1
9178 	1
9180 	1
9181 	1
9185 	1
9187 	1
9190 	1
9191 	1
9193 	1
9195 	1
9197 	1
9199 	1
9201 	1
9202 	1
9203 	1
9206 	1
9208 	1
9214 	1
9215 	1
9216 	1
9220 	1
9221 	1
9228 	1
9232 	1
9233 	1
9234 	1
9235 	1
9236 	1
9238 	1
9241 	1
9243 	1
9245 	1
9248 	1
9250 	1
9251 	1
9255 	1
9258 	1
9261 	1
9264 	1
9265 	1
9267 	1
9268 	1
9270 	1
9271 	1
9272 	1
9274 	1
9275 	1
9276 	1
9277 	1
9280 	1
9281 	1
9283 	1
9284 	1
9287 	1
9288 	1
9295 	1
9299 	1
9300 	1
9301 	1
9305 	1
9308 	1
9310 	1
9315 	1
9316 	1
9317 	1
9319 	1
9321 	1
9322 	1
9325 	1
9330 	1
9334 	1
9335 	1
9338 	1
9342 	1
9343 	1
9347 	1
9350 	1
9352 	1
9355 	1
9356 	1
9357 	1
9359 	1
9362 	1
9363 	1
9364 	1
9368 	1
9369 	1
9373 	1
9374 	1
9377 	1
9378 	1
9380 	1
9381 	1
9384 	1
9386 	1
9387 	1
9388 	1
9389 	1
9390 	1
9392 	1
9393 	1
9394 	1
9398 	1
9400 	1
9401 	1
9402 	1
9405 	1
9407 	1
9408 	1
9409 	1
9410 	1
9411 	1
9413 	1
9414 	1
9415 	1
9417 	1
9418 	1
9420 	1
9426 	1
9427 	1
9428 	1
9429 	1
9431 	1
9432 	1
9433 	1
9434 	1
9437 	1
9438 	1
9440 	1
9443 	1
9444 	1
9446 	1
9447 	1
9450 	1
9451 	1
9452 	1
9453 	1
9455 	1
9456 	1
9457 	1
9459 	1
9462 	1
9465 	1
9466 	1
9468 	1
9469 	1
9474 	1
9475 	1
9476 	1
9477 	1
9480 	1
9481 	1
9486 	1
9488 	1
9489 	1
9490 	1
9492 	1
9494 	1
9495 	1
9496 	1
9498 	1
9501 	1
9504 	1
9506 	1
9509 	1
9512 	1
9519 	1
9522 	1
9524 	1
9525 	1
9527 	1
9532 	1
9539 	1
9541 	1
9543 	1
9544 	1
9550 	1
9551 	1
9552 	1
9553 	1
9554 	1
9555 	1
9556 	1
9557 	1
9560 	1
9561 	1
9566 	1
9567 	1
9568 	1
9570 	1
9572 	1
9573 	1
9574 	1
9575 	1
9578 	1
9579 	1
9582 	1
9584 	1
9585 	1
9587 	1
9588 	1
9590 	1
9592 	1
9593 	1
9599 	1
9601 	1
9603 	1
9607 	1
9609 	1
9611 	1
9613 	1
9619 	1
9621 	1
9624 	1
9627 	1
9629 	1
9631 	1
9635 	1
9636 	1
9637 	1
9638 	1
9639 	1
9644 	1
9645 	1
9646 	1
9649 	1
9650 	1
9651 	1
9655 	1
9659 	1
9661 	1
9662 	1
9664 	1
9666 	1
9668 	1
9669 	1
9670 	1
9671 	1
9673 	1
9674 	1
9675 	1
9677 	1
9680 	1
9682 	1
9683 	1
9684 	1
9685 	1
9687 	1
9691 	1
9692 	1
9693 	1
9695 	1
9696 	1
9697 	1
9699 	1
9702 	1
9703 	1
9706 	1
9707 	1
9708 	1
9710 	1
9711 	1
9712 	1
9713 	1
9714 	1
9716 	1
9718 	1
9720 	1
9722 	1
9725 	1
9729 	1
9731 	1
9732 	1
9733 	1
9734 	1
9735 	1
9738 	1
9740 	1
9749 	1
9750 	1
9751 	1
9752 	1
9753 	1
9754 	1
9755 	1
9760 	1
9761 	1
9762 	1
9765 	1
9769 	1
9773 	1
9774 	1
9775 	1
9777 	1
9778 	1
9779 	1
9781 	1
9782 	1
9783 	1
9786 	1
9787 	1
9790 	1
9791 	1
9794 	1
9795 	1
9800 	1
9801 	1
9802 	1
9803 	1
9804 	1
9806 	1
9809 	1
9813 	1
9814 	1
9816 	1
9820 	1
9824 	1
9827 	1
9830 	1
9831 	1
9833 	1
9834 	1
9835 	1
9838 	1
9841 	1
9843 	1
9844 	1
9846 	1
9849 	1
9850 	1
9851 	1
9853 	1
9858 	1
9859 	1
9860 	1
9861 	1
9863 	1
9864 	1
9865 	1
9866 	1
9868 	1
9869 	1
9877 	1
9878 	1
9883 	1
9885 	1
9887 	1
9888 	1
9890 	1
9893 	1
9895 	1
9896 	1
9899 	1
9901 	1
9902 	1
9903 	1
9905 	1
9908 	1
9909 	1
9910 	1
9912 	1
9914 	1
9916 	1
9917 	1
9920 	1
9921 	1
9922 	1
9923 	1
9924 	1
9926 	1
9927 	1
9930 	1
9932 	1
9934 	1
9935 	1
9937 	1
9942 	1
9944 	1
9945 	1
9947 	1
9953 	1
9954 	1
9955 	1
9957 	1
9959 	1
9961 	1
9962 	1
9963 	1
9964 	1
9965 	1
9966 	1
9967 	1
9968 	1
9971 	1
9972 	1
9973 	1
9979 	1
9982 	1
9984 	1
9988 	1
9990 	1
9996 	1
10000 	1
10002 	1
10004 	1
10005 	1
10006 	1
10007 	1
10010 	1
10012 	1
10013 	1
10015 	1
10017 	1
10021 	1
10022 	1
10023 	1
10024 	1
10027 	1
10029 	1
10031 	1
10032 	1
10033 	1
10034 	1
10035 	1
10036 	1
10037 	1
10039 	1
10040 	1
10041 	1
10043 	1
10045 	1
10046 	1
10047 	1
10050 	1
10053 	1
10058 	1
10059 	1
10060 	1
10062 	1
10064 	1
10065 	1
10069 	1
10074 	1
10075 	1
10076 	1
10077 	1
10080 	1
10081 	1
10083 	1
10086 	1
10087 	1
10091 	1
10092 	1
10095 	1
10096 	1
10097 	1
10099 	1
10101 	1
10103 	1
10104 	1
10105 	1
10106 	1
10107 	1
10108 	1
10109 	1
10111 	1
10115 	1
10116 	1
10117 	1
10121 	1
10122 	1
10123 	1
10124 	1
10125 	1
10126 	1
10128 	1
10129 	1
10131 	1
10134 	1
10136 	1
10137 	1
10139 	1
10143 	1
10145 	1
10147 	1
10153 	1
10154 	1
10155 	1
10157 	1
10163 	1
10164 	1
10166 	1
10168 	1
10172 	1
10176 	1
10178 	1
10180 	1
10181 	1
10182 	1
10186 	1
10188 	1
10189 	1
10190 	1
10191 	1
10192 	1
10193 	1
10195 	1
10196 	1
10199 	1
10200 	1
10203 	1
10204 	1
10206 	1
10208 	1
10209 	1
10211 	1
10212 	1
10213 	1
10214 	1
10217 	1
10218 	1
10219 	1
10221 	1
10223 	1
10226 	1
10229 	1
10230 	1
10232 	1
10233 	1
10234 	1
10237 	1
10241 	1
10244 	1
10245 	1
10249 	1
10252 	1
10253 	1
10256 	1
10258 	1
10260 	1
10261 	1
10262 	1
10263 	1
10265 	1
10268 	1
10269 	1
10271 	1
10272 	1
10273 	1
10274 	1
10276 	1
10277 	1
10278 	1
10279 	1
10280 	1
10281 	1
10282 	1
10283 	1
10285 	1
10286 	1
10287 	1
10288 	1
10289 	1
10290 	1
10291 	1
10294 	1
10295 	1
10301 	1
10304 	1
10305 	1
10307 	1
10309 	1
10310 	1
10311 	1
10312 	1
10315 	1
10316 	1
10317 	1
10318 	1
10320 	1
10321 	1
10325 	1
10327 	1
10328 	1
10329 	1
10331 	1
10332 	1
10334 	1
10335 	1
10338 	1
10339 	1
10340 	1
10341 	1
10342 	1
10344 	1
10345 	1
10347 	1
10348 	1
10350 	1
10351 	1
10355 	1
10356 	1
10357 	1
10358 	1
10359 	1
10361 	1
10362 	1
10363 	1
10364 	1
10365 	1
10367 	1
10368 	1
10371 	1
10372 	1
10373 	1
10374 	1
10378 	1
10379 	1
10380 	1
10382 	1
10383 	1
10385 	1
10392 	1
10393 	1
10394 	1
10397 	1
10398 	1
10399 	1
10406 	1
10407 	1
10408 	1
10412 	1
10417 	1
10418 	1
10419 	1
10420 	1
10422 	1
10423 	1
10427 	1
10429 	1
10430 	1
10433 	1
10434 	1
10435 	1
10437 	1
10438 	1
10440 	1
10442 	1
10443 	1
10445 	1
10452 	1
10453 	1
10458 	1
10460 	1
10461 	1
10463 	1
10464 	1
10466 	1
10467 	1
10468 	1
10469 	1
10472 	1
10474 	1
10477 	1
10479 	1
10483 	1
10485 	1
10487 	1
10488 	1
10494 	1
10497 	1
10498 	1
10500 	1
10503 	1
10505 	1
10506 	1
10509 	1
10510 	1
10512 	1
10514 	1
10517 	1
10520 	1
10521 	1
10523 	1
10524 	1
10525 	1
10526 	1
10527 	1
10528 	1
10530 	1
10536 	1
10537 	1
10538 	1
10539 	1
10541 	1
10544 	1
10547 	1
10548 	1
10550 	1
10552 	1
10553 	1
10554 	1
10555 	1
10556 	1
10561 	1
10563 	1
10564 	1
10569 	1
10571 	1
10572 	1
10573 	1
10574 	1
10575 	1
10576 	1
10579 	1
10581 	1
10582 	1
10584 	1
10585 	1
10587 	1
10588 	1
10589 	1
10590 	1
10591 	1
10598 	1
10599 	1
10601 	1
10608 	1
10609 	1
10612 	1
10613 	1
10616 	1
10617 	1
10620 	1
10621 	1
10623 	1
10627 	1
10629 	1
10632 	1
10634 	1
10636 	1
10637 	1
10640 	1
10642 	1
10643 	1
10644 	1
10646 	1
10649 	1
10650 	1
10651 	1
10652 	1
10654 	1
10656 	1
10657 	1
10658 	1
10659 	1
10660 	1
10664 	1
10665 	1
10667 	1
10668 	1
10669 	1
10670 	1
10672 	1
10673 	1
10678 	1
10679 	1
10681 	1
10682 	1
10689 	1
10690 	1
10691 	1
10692 	1
10693 	1
10696 	1
10697 	1
10700 	1
10701 	1
10702 	1
10703 	1
10706 	1
10707 	1
10709 	1
10710 	1
10711 	1
10712 	1
10713 	1
10714 	1
10716 	1
10717 	1
10718 	1
10720 	1
10721 	1
10722 	1
10724 	1
10727 	1
10730 	1
10731 	1
10732 	1
10734 	1
10739 	1
10742 	1
10744 	1
10745 	1
10746 	1
10747 	1
10748 	1
10749 	1
10751 	1
10752 	1
10754 	1
10756 	1
10757 	1
10758 	1
10761 	1
10762 	1
10765 	1
10767 	1
10768 	1
10771 	1
10773 	1
10774 	1
10775 	1
10776 	1
10777 	1
10780 	1
10781 	1
10782 	1
10783 	1
10786 	1
10788 	1
10789 	1
10790 	1
10791 	1
10794 	1
10796 	1
10797 	1
10798 	1
10799 	1
10800 	1
10802 	1
10805 	1
10806 	1
10808 	1
10810 	1
10811 	1
10813 	1
10814 	1
10816 	1
10817 	1
10818 	1
10828 	1
10832 	1
10834 	1
10835 	1
10836 	1
10837 	1
10838 	1
10840 	1
10841 	1
10844 	1
10846 	1
10848 	1
10850 	1
10852 	1
10854 	1
10855 	1
10856 	1
10857 	1
10858 	1
10860 	1
10861 	1
10862 	1
10863 	1
10864 	1
10866 	1
10868 	1
10869 	1
10873 	1
10874 	1
10875 	1
10879 	1
10881 	1
10882 	1
10887 	1
10890 	1
10891 	1
10892 	1
10898 	1
10901 	1
10902 	1
10904 	1
10909 	1
10912 	1
10914 	1
10917 	1
10919 	1
10920 	1
10921 	1
10922 	1
10923 	1
10924 	1
10925 	1
10926 	1
10929 	1
10931 	1
10933 	1
10934 	1
10936 	1
10937 	1
10942 	1
10943 	1
10944 	1
10945 	1
10946 	1
10947 	1
10948 	1
10950 	1
10951 	1
10954 	1
10956 	1
10957 	1
10958 	1
10961 	1
10963 	1
10970 	1
10971 	1
10972 	1
10975 	1
10976 	1
10980 	1
10981 	1
10983 	1
10984 	1
10985 	1
10987 	1
10988 	1
10990 	1
10991 	1
10993 	1
10994 	1
10997 	1
10998 	1
11003 	1
11004 	1
11005 	1
11006 	1
11007 	1
11010 	1
11012 	1
11014 	1
11016 	0.288209606987
