Number of items 	Total Weight 	Total Profit 
8660 	2519106.75 	584002.460387 


Total time: 0.426816701889 s
Average time: 0.106706917286 s
Last call: 1.09672546387e-05 s
Stamp 1 of the total: 0h 0m 0s 426ms 426816\u00B5s
Stamp 2 of the total: 00:00:00.0426
Pattern that ignores zeros:
426ms 426816\u00B5s
0426

Item    Fraction

1 	1
2 	1
3 	1
4 	1
6 	1
11 	1
14 	1
16 	1
20 	1
21 	1
22 	1
23 	1
24 	1
28 	1
29 	1
30 	1
32 	1
34 	1
35 	1
36 	1
37 	1
45 	1
46 	1
47 	1
49 	1
53 	1
55 	1
57 	1
60 	1
61 	1
62 	1
65 	1
66 	1
67 	1
71 	1
72 	1
74 	1
76 	1
79 	1
83 	1
87 	1
88 	1
97 	1
98 	1
99 	1
100 	1
103 	1
108 	1
109 	1
110 	1
111 	1
113 	1
115 	1
117 	1
118 	1
120 	1
124 	1
126 	1
128 	1
129 	1
130 	1
131 	1
135 	1
139 	1
140 	1
142 	1
148 	1
149 	1
153 	1
155 	1
156 	1
158 	1
159 	1
160 	1
161 	1
166 	1
172 	1
173 	1
177 	1
178 	1
180 	1
181 	1
184 	1
186 	1
189 	1
190 	1
191 	1
193 	1
195 	1
196 	1
200 	1
203 	1
206 	1
211 	1
220 	1
221 	1
226 	1
229 	1
236 	1
239 	1
240 	1
242 	1
243 	1
245 	1
248 	1
252 	1
255 	1
256 	1
257 	1
258 	1
259 	1
260 	1
262 	1
263 	1
264 	1
268 	1
270 	1
272 	1
273 	1
274 	1
275 	1
276 	1
279 	1
280 	1
281 	1
283 	1
288 	1
289 	1
290 	1
292 	1
295 	1
298 	1
299 	1
301 	1
303 	1
304 	1
307 	1
308 	1
316 	1
321 	1
323 	1
324 	1
325 	1
326 	1
328 	1
330 	1
331 	1
332 	1
335 	1
337 	1
342 	1
350 	1
356 	1
359 	1
360 	1
362 	1
363 	1
365 	1
369 	1
371 	1
372 	1
373 	1
374 	1
376 	1
377 	1
378 	1
381 	1
382 	1
383 	1
385 	1
387 	1
389 	1
392 	1
397 	1
400 	1
402 	1
404 	1
405 	1
411 	1
414 	1
417 	1
420 	1
421 	1
422 	1
425 	1
427 	1
432 	1
434 	1
436 	1
440 	1
441 	1
444 	1
445 	1
448 	1
450 	1
454 	1
457 	1
458 	1
459 	1
460 	1
462 	1
463 	1
465 	1
467 	1
468 	1
471 	1
474 	1
476 	1
477 	1
479 	1
481 	1
482 	1
483 	1
485 	1
486 	1
488 	1
489 	1
491 	1
493 	1
494 	1
495 	1
497 	1
498 	1
499 	1
501 	1
504 	1
508 	1
509 	1
511 	1
512 	1
514 	1
516 	1
518 	1
520 	1
521 	1
523 	1
524 	1
528 	1
530 	1
531 	1
535 	1
538 	1
541 	1
542 	1
546 	1
549 	1
550 	1
552 	1
553 	1
556 	1
558 	1
564 	1
566 	1
570 	1
571 	1
572 	1
573 	1
575 	1
578 	1
581 	1
582 	1
586 	1
587 	1
591 	1
592 	1
593 	1
595 	1
599 	1
601 	1
603 	1
605 	1
606 	1
607 	1
608 	1
609 	1
611 	1
612 	1
615 	1
616 	1
617 	1
621 	1
622 	1
623 	1
624 	1
625 	1
626 	1
627 	1
628 	1
629 	1
631 	1
632 	1
633 	1
637 	1
639 	1
641 	1
643 	1
644 	1
645 	1
650 	1
653 	1
654 	1
655 	1
657 	1
660 	1
664 	1
665 	1
669 	1
670 	1
671 	1
676 	1
677 	1
678 	1
686 	1
687 	1
689 	1
690 	1
693 	1
694 	1
697 	1
700 	1
701 	1
702 	1
703 	1
704 	1
710 	1
712 	1
713 	1
714 	1
719 	1
725 	1
728 	1
729 	1
730 	1
731 	1
738 	1
745 	1
746 	1
748 	1
749 	1
752 	1
753 	1
754 	1
757 	1
759 	1
760 	1
761 	1
766 	1
767 	1
768 	1
771 	1
772 	1
774 	1
776 	1
777 	1
782 	1
786 	1
788 	1
789 	1
794 	1
799 	1
800 	1
802 	1
803 	1
808 	1
810 	1
814 	1
815 	1
819 	1
820 	1
821 	1
824 	1
831 	1
834 	1
836 	1
837 	1
842 	1
843 	1
844 	1
846 	1
848 	1
852 	1
855 	1
859 	1
860 	1
864 	1
873 	1
876 	1
878 	1
884 	1
887 	1
889 	1
891 	1
892 	1
893 	1
894 	1
895 	1
896 	1
897 	1
899 	1
900 	1
902 	1
903 	1
905 	1
906 	1
907 	1
909 	1
912 	1
914 	1
917 	1
920 	1
921 	1
922 	1
923 	1
924 	1
925 	1
926 	1
927 	1
931 	1
935 	1
936 	1
941 	1
942 	1
943 	1
946 	1
947 	1
953 	1
955 	1
962 	1
964 	1
966 	1
967 	1
973 	1
974 	1
977 	1
978 	1
979 	1
981 	1
983 	1
984 	1
985 	1
986 	1
989 	1
990 	1
992 	1
994 	1
995 	1
996 	1
997 	1
998 	1
999 	1
1005 	1
1007 	1
1016 	1
1017 	1
1018 	1
1021 	1
1025 	1
1027 	1
1028 	1
1029 	1
1032 	1
1034 	1
1040 	1
1041 	1
1043 	1
1044 	1
1045 	1
1047 	1
1048 	1
1050 	1
1055 	1
1057 	1
1058 	1
1059 	1
1061 	1
1065 	1
1069 	1
1070 	1
1071 	1
1072 	1
1074 	1
1078 	1
1084 	1
1085 	1
1089 	1
1092 	1
1093 	1
1094 	1
1096 	1
1098 	1
1102 	1
1103 	1
1105 	1
1106 	1
1107 	1
1109 	1
1110 	1
1111 	1
1114 	1
1115 	1
1116 	1
1122 	1
1124 	1
1125 	1
1128 	1
1129 	1
1131 	1
1133 	1
1135 	1
1137 	1
1139 	1
1140 	1
1141 	1
1142 	1
1144 	1
1151 	1
1153 	1
1155 	1
1160 	1
1161 	1
1163 	1
1164 	1
1165 	1
1166 	1
1169 	1
1170 	1
1171 	1
1172 	1
1174 	1
1179 	1
1185 	1
1186 	1
1189 	1
1191 	1
1192 	1
1193 	1
1196 	1
1199 	1
1202 	1
1209 	1
1210 	1
1213 	1
1214 	1
1215 	1
1218 	1
1220 	1
1221 	1
1223 	1
1226 	1
1227 	1
1228 	1
1229 	1
1230 	1
1232 	1
1234 	1
1237 	1
1238 	1
1239 	1
1241 	1
1242 	1
1243 	1
1246 	1
1248 	1
1249 	1
1250 	1
1251 	1
1255 	1
1256 	1
1257 	1
1259 	1
1262 	1
1265 	1
1266 	1
1268 	1
1270 	1
1271 	1
1272 	1
1273 	1
1275 	1
1276 	1
1279 	1
1280 	1
1281 	1
1282 	1
1285 	1
1286 	1
1291 	1
1292 	1
1294 	1
1297 	1
1298 	1
1302 	1
1303 	1
1305 	1
1306 	1
1310 	1
1313 	1
1316 	1
1323 	1
1324 	1
1325 	1
1326 	1
1327 	1
1329 	1
1330 	1
1332 	1
1333 	1
1335 	1
1340 	1
1341 	1
1346 	1
1351 	1
1354 	1
1360 	1
1361 	1
1363 	1
1364 	1
1371 	1
1373 	1
1376 	1
1380 	1
1383 	1
1387 	1
1388 	1
1389 	1
1391 	1
1393 	1
1395 	1
1396 	1
1397 	1
1399 	1
1400 	1
1405 	1
1410 	1
1414 	1
1415 	1
1418 	1
1425 	1
1427 	1
1435 	1
1437 	1
1440 	1
1443 	1
1452 	1
1453 	1
1454 	1
1455 	1
1456 	1
1459 	1
1462 	1
1466 	1
1467 	1
1470 	1
1477 	1
1478 	1
1479 	1
1481 	1
1483 	1
1484 	1
1485 	1
1487 	1
1488 	1
1490 	1
1491 	1
1497 	1
1499 	1
1503 	1
1508 	1
1509 	1
1510 	1
1513 	1
1515 	1
1516 	1
1517 	1
1520 	1
1524 	1
1525 	1
1526 	1
1527 	1
1528 	1
1530 	1
1532 	1
1534 	1
1535 	1
1536 	1
1538 	1
1540 	1
1542 	1
1545 	1
1547 	1
1549 	1
1550 	1
1554 	1
1555 	1
1556 	1
1557 	1
1560 	1
1562 	1
1563 	1
1565 	1
1568 	1
1569 	1
1570 	1
1571 	1
1574 	1
1575 	1
1576 	1
1577 	1
1580 	1
1582 	1
1588 	1
1596 	1
1597 	1
1598 	1
1604 	1
1605 	1
1607 	1
1609 	1
1610 	1
1611 	1
1612 	1
1615 	1
1619 	1
1623 	1
1625 	1
1630 	1
1631 	1
1633 	1
1634 	1
1636 	1
1638 	1
1641 	1
1646 	1
1650 	1
1655 	1
1656 	1
1660 	1
1665 	1
1666 	1
1669 	1
1670 	1
1671 	1
1672 	1
1677 	1
1678 	1
1679 	1
1680 	1
1681 	1
1682 	1
1685 	1
1686 	1
1687 	1
1688 	1
1690 	1
1691 	1
1693 	1
1695 	1
1698 	1
1701 	1
1705 	1
1706 	1
1707 	1
1708 	1
1711 	1
1713 	1
1714 	1
1716 	1
1717 	1
1718 	1
1724 	1
1725 	1
1727 	1
1732 	1
1733 	1
1735 	1
1736 	1
1737 	1
1738 	1
1739 	1
1740 	1
1743 	1
1744 	1
1745 	1
1747 	1
1748 	1
1749 	1
1750 	1
1752 	1
1754 	1
1757 	1
1760 	1
1761 	1
1765 	1
1767 	1
1769 	1
1770 	1
1774 	1
1775 	1
1776 	1
1777 	1
1781 	1
1782 	1
1783 	1
1784 	1
1785 	1
1786 	1
1790 	1
1793 	1
1794 	1
1797 	1
1799 	1
1800 	1
1802 	1
1803 	1
1804 	1
1807 	1
1808 	1
1809 	1
1810 	1
1811 	1
1812 	1
1813 	1
1814 	1
1817 	1
1822 	1
1828 	1
1829 	1
1835 	1
1836 	1
1838 	1
1839 	1
1841 	1
1844 	1
1845 	1
1846 	1
1848 	1
1849 	1
1854 	1
1858 	1
1860 	1
1862 	1
1863 	1
1864 	1
1870 	1
1873 	1
1874 	1
1878 	1
1883 	1
1886 	1
1887 	1
1888 	1
1890 	1
1892 	1
1893 	1
1894 	1
1895 	1
1896 	1
1897 	1
1898 	1
1902 	1
1904 	1
1907 	1
1908 	1
1909 	1
1910 	1
1911 	1
1915 	1
1919 	1
1920 	1
1921 	1
1925 	1
1926 	1
1928 	1
1932 	1
1933 	1
1934 	1
1935 	1
1936 	1
1942 	1
1943 	1
1944 	1
1945 	1
1946 	1
1947 	1
1950 	1
1953 	1
1954 	1
1955 	1
1957 	1
1959 	1
1960 	1
1961 	1
1962 	1
1964 	1
1966 	1
1967 	1
1968 	1
1974 	1
1978 	1
1979 	1
1984 	1
1986 	1
1991 	1
1992 	1
1995 	1
1996 	1
1998 	1
2000 	1
2005 	1
2006 	1
2008 	1
2013 	1
2015 	1
2019 	1
2020 	1
2022 	1
2026 	1
2030 	1
2032 	1
2036 	1
2039 	1
2040 	1
2041 	1
2044 	1
2046 	1
2047 	1
2049 	1
2050 	1
2053 	1
2055 	1
2059 	1
2064 	1
2066 	1
2068 	1
2069 	1
2071 	1
2072 	1
2076 	1
2078 	1
2080 	1
2081 	1
2086 	1
2087 	1
2088 	1
2089 	1
2093 	1
2094 	1
2095 	1
2097 	1
2098 	1
2100 	1
2102 	1
2106 	1
2107 	1
2112 	1
2114 	1
2119 	1
2120 	1
2122 	1
2123 	1
2125 	1
2129 	1
2132 	1
2133 	1
2137 	1
2142 	1
2145 	1
2148 	1
2149 	1
2150 	1
2157 	1
2158 	1
2160 	1
2162 	1
2164 	1
2166 	1
2168 	1
2183 	1
2184 	1
2186 	1
2188 	1
2195 	1
2197 	1
2198 	1
2203 	1
2205 	1
2208 	1
2209 	1
2210 	1
2212 	1
2215 	1
2217 	1
2219 	1
2220 	1
2221 	1
2222 	1
2223 	1
2224 	1
2227 	1
2228 	1
2231 	1
2235 	1
2236 	1
2237 	1
2239 	1
2240 	1
2243 	1
2244 	1
2245 	1
2249 	1
2250 	1
2252 	1
2254 	1
2255 	1
2257 	1
2258 	1
2263 	1
2270 	1
2273 	1
2276 	1
2279 	1
2280 	1
2282 	1
2283 	1
2285 	1
2290 	1
2293 	1
2294 	1
2295 	1
2298 	1
2299 	1
2300 	1
2302 	1
2303 	1
2307 	1
2308 	1
2309 	1
2310 	1
2312 	1
2313 	1
2314 	1
2316 	1
2318 	1
2319 	1
2321 	1
2326 	1
2327 	1
2328 	1
2330 	1
2331 	1
2334 	1
2336 	1
2338 	1
2343 	1
2344 	1
2345 	1
2347 	1
2348 	1
2349 	1
2353 	1
2356 	1
2360 	1
2362 	1
2363 	1
2364 	1
2365 	1
2369 	1
2370 	1
2371 	1
2373 	1
2374 	1
2375 	1
2379 	1
2383 	1
2385 	1
2387 	1
2389 	1
2392 	1
2397 	1
2398 	1
2399 	1
2400 	1
2405 	1
2406 	1
2409 	1
2411 	1
2415 	1
2417 	1
2420 	1
2421 	1
2422 	1
2428 	1
2429 	1
2432 	1
2435 	1
2439 	1
2441 	1
2443 	1
2444 	1
2446 	1
2455 	1
2459 	1
2464 	1
2470 	1
2472 	1
2474 	1
2476 	1
2480 	1
2481 	1
2483 	1
2485 	1
2487 	1
2488 	1
2489 	1
2493 	1
2499 	1
2503 	1
2506 	1
2509 	1
2511 	1
2512 	1
2513 	1
2514 	1
2519 	1
2521 	1
2528 	1
2529 	1
2530 	1
2532 	1
2536 	1
2538 	1
2541 	1
2543 	1
2547 	1
2551 	1
2553 	1
2558 	1
2559 	1
2560 	1
2561 	1
2563 	1
2564 	1
2565 	1
2569 	1
2576 	1
2580 	1
2582 	1
2587 	1
2592 	1
2593 	1
2594 	1
2595 	1
2597 	1
2598 	1
2599 	1
2600 	1
2601 	1
2605 	1
2606 	1
2609 	1
2610 	1
2617 	1
2618 	1
2619 	1
2628 	1
2634 	1
2635 	1
2636 	1
2637 	1
2638 	1
2639 	1
2644 	1
2645 	1
2646 	1
2648 	1
2649 	1
2655 	1
2656 	1
2657 	1
2658 	1
2663 	1
2666 	1
2668 	1
2669 	1
2670 	1
2673 	1
2675 	1
2676 	1
2678 	1
2683 	1
2687 	1
2691 	1
2699 	1
2702 	1
2708 	1
2709 	1
2711 	1
2712 	1
2713 	1
2715 	1
2719 	1
2730 	1
2731 	1
2732 	1
2736 	1
2738 	1
2740 	1
2741 	1
2746 	1
2747 	1
2751 	1
2753 	1
2754 	1
2755 	1
2758 	1
2759 	1
2760 	1
2761 	1
2765 	1
2766 	1
2767 	1
2772 	1
2773 	1
2778 	1
2781 	1
2784 	1
2785 	1
2786 	1
2787 	1
2792 	1
2794 	1
2796 	1
2802 	1
2804 	1
2805 	1
2807 	1
2808 	1
2812 	1
2813 	1
2819 	1
2820 	1
2822 	1
2823 	1
2825 	1
2829 	1
2832 	1
2836 	1
2837 	1
2844 	1
2850 	1
2854 	1
2857 	1
2859 	1
2860 	1
2862 	1
2863 	1
2869 	1
2870 	1
2873 	1
2875 	1
2878 	1
2880 	1
2889 	1
2890 	1
2891 	1
2892 	1
2893 	1
2895 	1
2898 	1
2899 	1
2902 	1
2903 	1
2906 	1
2907 	1
2911 	1
2912 	1
2913 	1
2915 	1
2917 	1
2921 	1
2924 	1
2925 	1
2926 	1
2928 	1
2932 	1
2933 	1
2938 	1
2939 	1
2940 	1
2941 	1
2946 	1
2949 	1
2952 	1
2953 	1
2957 	1
2958 	1
2961 	1
2962 	1
2963 	1
2966 	0.317781690141
2967 	1
2972 	1
2973 	1
2978 	1
2979 	1
2983 	1
2984 	1
2987 	1
2988 	1
2989 	1
2991 	1
2992 	1
2993 	1
2996 	1
2998 	1
2999 	1
3000 	1
3003 	1
3004 	1
3007 	1
3008 	1
3011 	1
3013 	1
3014 	1
3015 	1
3018 	1
3022 	1
3025 	1
3027 	1
3028 	1
3029 	1
3031 	1
3032 	1
3033 	1
3034 	1
3039 	1
3042 	1
3045 	1
3047 	1
3052 	1
3053 	1
3055 	1
3057 	1
3062 	1
3063 	1
3064 	1
3065 	1
3068 	1
3070 	1
3072 	1
3074 	1
3075 	1
3078 	1
3081 	1
3083 	1
3084 	1
3087 	1
3090 	1
3091 	1
3093 	1
3095 	1
3096 	1
3100 	1
3104 	1
3107 	1
3108 	1
3109 	1
3115 	1
3118 	1
3122 	1
3123 	1
3124 	1
3125 	1
3127 	1
3130 	1
3132 	1
3134 	1
3136 	1
3137 	1
3139 	1
3142 	1
3143 	1
3145 	1
3148 	1
3150 	1
3152 	1
3153 	1
3155 	1
3158 	1
3161 	1
3162 	1
3170 	1
3173 	1
3174 	1
3175 	1
3177 	1
3180 	1
3181 	1
3182 	1
3183 	1
3184 	1
3185 	1
3188 	1
3190 	1
3200 	1
3201 	1
3206 	1
3207 	1
3208 	1
3215 	1
3216 	1
3218 	1
3223 	1
3225 	1
3227 	1
3228 	1
3233 	1
3234 	1
3235 	1
3238 	1
3239 	1
3241 	1
3247 	1
3249 	1
3260 	1
3261 	1
3262 	1
3265 	1
3267 	1
3268 	1
3274 	1
3275 	1
3276 	1
3277 	1
3278 	1
3282 	1
3283 	1
3285 	1
3287 	1
3288 	1
3289 	1
3293 	1
3294 	1
3295 	1
3296 	1
3297 	1
3298 	1
3299 	1
3300 	1
3301 	1
3305 	1
3307 	1
3309 	1
3313 	1
3314 	1
3315 	1
3318 	1
3320 	1
3324 	1
3325 	1
3328 	1
3329 	1
3331 	1
3333 	1
3334 	1
3342 	1
3343 	1
3348 	1
3352 	1
3353 	1
3354 	1
3355 	1
3357 	1
3358 	1
3360 	1
3361 	1
3364 	1
3365 	1
3368 	1
3372 	1
3373 	1
3375 	1
3377 	1
3378 	1
3379 	1
3381 	1
3382 	1
3383 	1
3384 	1
3385 	1
3386 	1
3387 	1
3388 	1
3389 	1
3390 	1
3391 	1
3392 	1
3393 	1
3394 	1
3395 	1
3398 	1
3400 	1
3403 	1
3406 	1
3407 	1
3408 	1
3410 	1
3413 	1
3416 	1
3420 	1
3421 	1
3423 	1
3425 	1
3427 	1
3428 	1
3431 	1
3432 	1
3436 	1
3439 	1
3440 	1
3450 	1
3451 	1
3452 	1
3453 	1
3455 	1
3463 	1
3464 	1
3465 	1
3466 	1
3467 	1
3468 	1
3469 	1
3473 	1
3474 	1
3475 	1
3476 	1
3477 	1
3481 	1
3482 	1
3483 	1
3486 	1
3487 	1
3490 	1
3493 	1
3494 	1
3496 	1
3498 	1
3500 	1
3502 	1
3506 	1
3511 	1
3514 	1
3515 	1
3518 	1
3519 	1
3521 	1
3522 	1
3524 	1
3526 	1
3528 	1
3529 	1
3531 	1
3534 	1
3540 	1
3543 	1
3544 	1
3546 	1
3549 	1
3551 	1
3553 	1
3554 	1
3561 	1
3562 	1
3563 	1
3565 	1
3566 	1
3574 	1
3577 	1
3579 	1
3583 	1
3586 	1
3588 	1
3589 	1
3590 	1
3591 	1
3592 	1
3595 	1
3599 	1
3600 	1
3601 	1
3611 	1
3612 	1
3613 	1
3616 	1
3620 	1
3624 	1
3626 	1
3628 	1
3632 	1
3636 	1
3637 	1
3638 	1
3639 	1
3641 	1
3642 	1
3647 	1
3650 	1
3651 	1
3653 	1
3655 	1
3657 	1
3658 	1
3659 	1
3660 	1
3661 	1
3662 	1
3663 	1
3669 	1
3670 	1
3671 	1
3672 	1
3674 	1
3675 	1
3676 	1
3677 	1
3681 	1
3682 	1
3683 	1
3685 	1
3687 	1
3688 	1
3689 	1
3692 	1
3694 	1
3697 	1
3699 	1
3700 	1
3702 	1
3705 	1
3708 	1
3712 	1
3715 	1
3717 	1
3719 	1
3723 	1
3724 	1
3725 	1
3728 	1
3732 	1
3733 	1
3734 	1
3735 	1
3737 	1
3739 	1
3741 	1
3750 	1
3752 	1
3753 	1
3754 	1
3755 	1
3756 	1
3761 	1
3766 	1
3767 	1
3768 	1
3769 	1
3776 	1
3777 	1
3783 	1
3786 	1
3787 	1
3788 	1
3789 	1
3791 	1
3793 	1
3794 	1
3797 	1
3798 	1
3799 	1
3804 	1
3805 	1
3809 	1
3810 	1
3812 	1
3813 	1
3816 	1
3818 	1
3820 	1
3822 	1
3825 	1
3826 	1
3827 	1
3829 	1
3830 	1
3832 	1
3834 	1
3838 	1
3845 	1
3848 	1
3849 	1
3852 	1
3854 	1
3855 	1
3856 	1
3862 	1
3864 	1
3865 	1
3867 	1
3871 	1
3872 	1
3873 	1
3875 	1
3876 	1
3883 	1
3885 	1
3888 	1
3889 	1
3890 	1
3891 	1
3892 	1
3894 	1
3896 	1
3898 	1
3899 	1
3900 	1
3903 	1
3905 	1
3909 	1
3910 	1
3911 	1
3913 	1
3915 	1
3916 	1
3922 	1
3923 	1
3924 	1
3925 	1
3927 	1
3936 	1
3938 	1
3940 	1
3944 	1
3945 	1
3946 	1
3947 	1
3948 	1
3949 	1
3950 	1
3957 	1
3959 	1
3963 	1
3965 	1
3973 	1
3975 	1
3977 	1
3980 	1
3982 	1
3983 	1
3985 	1
3986 	1
3987 	1
3990 	1
3991 	1
3993 	1
3994 	1
3995 	1
3997 	1
3998 	1
3999 	1
4001 	1
4004 	1
4007 	1
4010 	1
4015 	1
4016 	1
4018 	1
4021 	1
4024 	1
4028 	1
4029 	1
4033 	1
4035 	1
4037 	1
4038 	1
4044 	1
4046 	1
4048 	1
4049 	1
4050 	1
4051 	1
4053 	1
4056 	1
4058 	1
4059 	1
4064 	1
4069 	1
4070 	1
4071 	1
4073 	1
4075 	1
4081 	1
4082 	1
4085 	1
4088 	1
4092 	1
4095 	1
4096 	1
4100 	1
4103 	1
4104 	1
4108 	1
4113 	1
4115 	1
4119 	1
4121 	1
4124 	1
4125 	1
4129 	1
4130 	1
4135 	1
4138 	1
4141 	1
4143 	1
4145 	1
4146 	1
4151 	1
4153 	1
4154 	1
4156 	1
4157 	1
4159 	1
4160 	1
4162 	1
4163 	1
4166 	1
4170 	1
4175 	1
4180 	1
4182 	1
4183 	1
4186 	1
4188 	1
4191 	1
4192 	1
4193 	1
4194 	1
4198 	1
4204 	1
4207 	1
4208 	1
4210 	1
4212 	1
4214 	1
4217 	1
4218 	1
4219 	1
4222 	1
4224 	1
4227 	1
4230 	1
4231 	1
4232 	1
4234 	1
4235 	1
4240 	1
4243 	1
4244 	1
4248 	1
4251 	1
4254 	1
4255 	1
4256 	1
4259 	1
4261 	1
4268 	1
4270 	1
4273 	1
4276 	1
4277 	1
4280 	1
4281 	1
4282 	1
4285 	1
4288 	1
4289 	1
4290 	1
4291 	1
4292 	1
4294 	1
4295 	1
4296 	1
4297 	1
4298 	1
4299 	1
4301 	1
4304 	1
4305 	1
4306 	1
4314 	1
4315 	1
4316 	1
4317 	1
4319 	1
4323 	1
4325 	1
4326 	1
4329 	1
4334 	1
4337 	1
4338 	1
4339 	1
4340 	1
4346 	1
4354 	1
4358 	1
4359 	1
4360 	1
4361 	1
4366 	1
4367 	1
4369 	1
4371 	1
4372 	1
4374 	1
4378 	1
4381 	1
4383 	1
4384 	1
4385 	1
4387 	1
4388 	1
4390 	1
4392 	1
4395 	1
4397 	1
4398 	1
4399 	1
4400 	1
4405 	1
4406 	1
4407 	1
4412 	1
4419 	1
4424 	1
4426 	1
4430 	1
4432 	1
4433 	1
4434 	1
4439 	1
4440 	1
4441 	1
4442 	1
4444 	1
4448 	1
4449 	1
4451 	1
4453 	1
4455 	1
4456 	1
4457 	1
4458 	1
4461 	1
4462 	1
4466 	1
4467 	1
4468 	1
4469 	1
4473 	1
4477 	1
4479 	1
4483 	1
4485 	1
4487 	1
4488 	1
4490 	1
4495 	1
4498 	1
4499 	1
4502 	1
4505 	1
4507 	1
4510 	1
4511 	1
4513 	1
4515 	1
4516 	1
4517 	1
4521 	1
4526 	1
4527 	1
4528 	1
4530 	1
4537 	1
4538 	1
4539 	1
4540 	1
4541 	1
4542 	1
4543 	1
4546 	1
4550 	1
4552 	1
4558 	1
4563 	1
4565 	1
4573 	1
4581 	1
4583 	1
4585 	1
4587 	1
4590 	1
4595 	1
4602 	1
4603 	1
4606 	1
4615 	1
4619 	1
4620 	1
4623 	1
4626 	1
4639 	1
4641 	1
4645 	1
4650 	1
4654 	1
4656 	1
4661 	1
4662 	1
4663 	1
4667 	1
4671 	1
4677 	1
4678 	1
4681 	1
4684 	1
4685 	1
4686 	1
4688 	1
4689 	1
4690 	1
4694 	1
4695 	1
4699 	1
4701 	1
4702 	1
4706 	1
4708 	1
4709 	1
4710 	1
4713 	1
4717 	1
4718 	1
4719 	1
4720 	1
4723 	1
4724 	1
4727 	1
4728 	1
4729 	1
4731 	1
4732 	1
4734 	1
4737 	1
4743 	1
4744 	1
4745 	1
4749 	1
4751 	1
4752 	1
4755 	1
4761 	1
4764 	1
4768 	1
4769 	1
4774 	1
4777 	1
4779 	1
4780 	1
4781 	1
4782 	1
4784 	1
4785 	1
4787 	1
4788 	1
4789 	1
4796 	1
4800 	1
4802 	1
4807 	1
4809 	1
4813 	1
4814 	1
4817 	1
4821 	1
4825 	1
4826 	1
4829 	1
4830 	1
4832 	1
4835 	1
4836 	1
4837 	1
4838 	1
4839 	1
4840 	1
4841 	1
4842 	1
4843 	1
4845 	1
4848 	1
4857 	1
4858 	1
4866 	1
4870 	1
4871 	1
4872 	1
4873 	1
4876 	1
4879 	1
4880 	1
4881 	1
4882 	1
4886 	1
4887 	1
4890 	1
4891 	1
4892 	1
4895 	1
4899 	1
4901 	1
4902 	1
4904 	1
4905 	1
4913 	1
4914 	1
4915 	1
4917 	1
4918 	1
4923 	1
4924 	1
4925 	1
4931 	1
4933 	1
4937 	1
4943 	1
4946 	1
4948 	1
4950 	1
4953 	1
4954 	1
4956 	1
4957 	1
4960 	1
4965 	1
4970 	1
4971 	1
4973 	1
4976 	1
4978 	1
4982 	1
4988 	1
4989 	1
4990 	1
4991 	1
4994 	1
4996 	1
4999 	1
5007 	1
5011 	1
5013 	1
5014 	1
5015 	1
5020 	1
5028 	1
5030 	1
5032 	1
5034 	1
5036 	1
5037 	1
5038 	1
5039 	1
5041 	1
5044 	1
5045 	1
5047 	1
5052 	1
5056 	1
5057 	1
5058 	1
5061 	1
5063 	1
5065 	1
5068 	1
5075 	1
5076 	1
5077 	1
5078 	1
5083 	1
5084 	1
5085 	1
5087 	1
5089 	1
5092 	1
5093 	1
5095 	1
5097 	1
5098 	1
5100 	1
5102 	1
5103 	1
5104 	1
5105 	1
5112 	1
5114 	1
5115 	1
5116 	1
5117 	1
5118 	1
5119 	1
5121 	1
5122 	1
5124 	1
5126 	1
5127 	1
5132 	1
5133 	1
5135 	1
5136 	1
5137 	1
5138 	1
5139 	1
5141 	1
5145 	1
5146 	1
5148 	1
5150 	1
5151 	1
5152 	1
5154 	1
5157 	1
5161 	1
5163 	1
5164 	1
5165 	1
5166 	1
5167 	1
5168 	1
5171 	1
5177 	1
5178 	1
5181 	1
5184 	1
5185 	1
5186 	1
5189 	1
5190 	1
5191 	1
5193 	1
5194 	1
5195 	1
5196 	1
5197 	1
5199 	1
5200 	1
5202 	1
5208 	1
5210 	1
5211 	1
5215 	1
5216 	1
5223 	1
5225 	1
5226 	1
5229 	1
5233 	1
5234 	1
5236 	1
5238 	1
5242 	1
5243 	1
5244 	1
5245 	1
5249 	1
5254 	1
5255 	1
5261 	1
5262 	1
5263 	1
5265 	1
5270 	1
5271 	1
5272 	1
5275 	1
5280 	1
5281 	1
5282 	1
5284 	1
5287 	1
5289 	1
5292 	1
5298 	1
5300 	1
5305 	1
5306 	1
5310 	1
5311 	1
5313 	1
5314 	1
5316 	1
5317 	1
5335 	1
5338 	1
5340 	1
5349 	1
5353 	1
5354 	1
5356 	1
5357 	1
5358 	1
5359 	1
5360 	1
5367 	1
5370 	1
5372 	1
5375 	1
5379 	1
5380 	1
5385 	1
5387 	1
5389 	1
5390 	1
5392 	1
5393 	1
5399 	1
5401 	1
5402 	1
5406 	1
5407 	1
5408 	1
5410 	1
5411 	1
5412 	1
5415 	1
5420 	1
5421 	1
5424 	1
5428 	1
5429 	1
5433 	1
5435 	1
5441 	1
5442 	1
5447 	1
5451 	1
5453 	1
5454 	1
5458 	1
5459 	1
5461 	1
5463 	1
5464 	1
5465 	1
5466 	1
5467 	1
5469 	1
5470 	1
5471 	1
5476 	1
5478 	1
5480 	1
5481 	1
5482 	1
5483 	1
5484 	1
5485 	1
5486 	1
5487 	1
5496 	1
5498 	1
5499 	1
5501 	1
5503 	1
5506 	1
5507 	1
5512 	1
5514 	1
5515 	1
5517 	1
5518 	1
5521 	1
5527 	1
5530 	1
5534 	1
5536 	1
5537 	1
5538 	1
5549 	1
5550 	1
5557 	1
5558 	1
5559 	1
5561 	1
5563 	1
5566 	1
5570 	1
5571 	1
5573 	1
5575 	1
5579 	1
5583 	1
5589 	1
5591 	1
5601 	1
5602 	1
5605 	1
5610 	1
5612 	1
5615 	1
5616 	1
5622 	1
5623 	1
5625 	1
5626 	1
5627 	1
5630 	1
5632 	1
5634 	1
5635 	1
5637 	1
5638 	1
5639 	1
5640 	1
5641 	1
5649 	1
5650 	1
5651 	1
5652 	1
5658 	1
5659 	1
5661 	1
5663 	1
5664 	1
5670 	1
5671 	1
5672 	1
5674 	1
5675 	1
5676 	1
5677 	1
5683 	1
5687 	1
5690 	1
5694 	1
5695 	1
5699 	1
5700 	1
5701 	1
5703 	1
5706 	1
5708 	1
5709 	1
5712 	1
5714 	1
5718 	1
5724 	1
5725 	1
5731 	1
5732 	1
5733 	1
5734 	1
5735 	1
5737 	1
5741 	1
5746 	1
5748 	1
5750 	1
5751 	1
5752 	1
5754 	1
5755 	1
5756 	1
5757 	1
5761 	1
5762 	1
5763 	1
5764 	1
5767 	1
5768 	1
5770 	1
5772 	1
5775 	1
5776 	1
5778 	1
5781 	1
5783 	1
5785 	1
5786 	1
5787 	1
5789 	1
5791 	1
5794 	1
5795 	1
5796 	1
5800 	1
5801 	1
5805 	1
5806 	1
5810 	1
5811 	1
5814 	1
5815 	1
5817 	1
5819 	1
5822 	1
5823 	1
5824 	1
5826 	1
5830 	1
5836 	1
5837 	1
5839 	1
5842 	1
5846 	1
5847 	1
5848 	1
5852 	1
5853 	1
5855 	1
5857 	1
5858 	1
5860 	1
5861 	1
5864 	1
5865 	1
5866 	1
5869 	1
5870 	1
5874 	1
5875 	1
5876 	1
5878 	1
5880 	1
5883 	1
5884 	1
5885 	1
5893 	1
5897 	1
5901 	1
5902 	1
5903 	1
5904 	1
5905 	1
5906 	1
5907 	1
5908 	1
5910 	1
5916 	1
5917 	1
5919 	1
5922 	1
5923 	1
5924 	1
5925 	1
5926 	1
5927 	1
5928 	1
5932 	1
5933 	1
5937 	1
5940 	1
5944 	1
5945 	1
5946 	1
5956 	1
5958 	1
5960 	1
5961 	1
5962 	1
5964 	1
5965 	1
5969 	1
5971 	1
5973 	1
5974 	1
5976 	1
5977 	1
5979 	1
5982 	1
5984 	1
5986 	1
5995 	1
5996 	1
5998 	1
5999 	1
6006 	1
6008 	1
6009 	1
6012 	1
6013 	1
6014 	1
6015 	1
6016 	1
6020 	1
6022 	1
6023 	1
6024 	1
6025 	1
6030 	1
6035 	1
6037 	1
6038 	1
6041 	1
6043 	1
6046 	1
6047 	1
6048 	1
6050 	1
6051 	1
6052 	1
6055 	1
6057 	1
6062 	1
6064 	1
6067 	1
6068 	1
6069 	1
6071 	1
6073 	1
6076 	1
6077 	1
6079 	1
6080 	1
6083 	1
6084 	1
6090 	1
6095 	1
6096 	1
6104 	1
6107 	1
6110 	1
6113 	1
6120 	1
6122 	1
6129 	1
6132 	1
6137 	1
6142 	1
6146 	1
6148 	1
6154 	1
6155 	1
6158 	1
6160 	1
6162 	1
6164 	1
6168 	1
6169 	1
6170 	1
6171 	1
6172 	1
6173 	1
6174 	1
6175 	1
6176 	1
6177 	1
6184 	1
6187 	1
6188 	1
6190 	1
6192 	1
6193 	1
6194 	1
6195 	1
6197 	1
6200 	1
6201 	1
6202 	1
6203 	1
6205 	1
6207 	1
6208 	1
6209 	1
6212 	1
6213 	1
6216 	1
6217 	1
6219 	1
6220 	1
6224 	1
6225 	1
6226 	1
6227 	1
6228 	1
6229 	1
6230 	1
6234 	1
6235 	1
6237 	1
6239 	1
6241 	1
6242 	1
6245 	1
6248 	1
6249 	1
6250 	1
6252 	1
6253 	1
6256 	1
6258 	1
6260 	1
6261 	1
6263 	1
6266 	1
6268 	1
6269 	1
6270 	1
6271 	1
6273 	1
6275 	1
6279 	1
6280 	1
6281 	1
6283 	1
6289 	1
6293 	1
6294 	1
6298 	1
6304 	1
6305 	1
6307 	1
6308 	1
6310 	1
6311 	1
6314 	1
6315 	1
6319 	1
6320 	1
6321 	1
6322 	1
6324 	1
6326 	1
6329 	1
6331 	1
6332 	1
6337 	1
6339 	1
6340 	1
6343 	1
6346 	1
6350 	1
6355 	1
6365 	1
6371 	1
6372 	1
6375 	1
6377 	1
6379 	1
6381 	1
6383 	1
6385 	1
6386 	1
6391 	1
6392 	1
6393 	1
6394 	1
6396 	1
6401 	1
6404 	1
6411 	1
6412 	1
6416 	1
6417 	1
6420 	1
6422 	1
6427 	1
6430 	1
6433 	1
6440 	1
6442 	1
6444 	1
6446 	1
6449 	1
6450 	1
6452 	1
6455 	1
6456 	1
6458 	1
6459 	1
6461 	1
6466 	1
6470 	1
6473 	1
6474 	1
6475 	1
6481 	1
6483 	1
6489 	1
6491 	1
6494 	1
6497 	1
6498 	1
6500 	1
6501 	1
6502 	1
6504 	1
6507 	1
6508 	1
6509 	1
6510 	1
6511 	1
6512 	1
6513 	1
6517 	1
6518 	1
6520 	1
6521 	1
6522 	1
6524 	1
6525 	1
6529 	1
6530 	1
6535 	1
6539 	1
6541 	1
6542 	1
6543 	1
6544 	1
6545 	1
6547 	1
6548 	1
6550 	1
6552 	1
6553 	1
6555 	1
6557 	1
6560 	1
6562 	1
6569 	1
6571 	1
6575 	1
6578 	1
6580 	1
6582 	1
6584 	1
6586 	1
6589 	1
6590 	1
6591 	1
6594 	1
6595 	1
6597 	1
6598 	1
6599 	1
6600 	1
6604 	1
6605 	1
6609 	1
6615 	1
6618 	1
6619 	1
6620 	1
6622 	1
6623 	1
6624 	1
6631 	1
6632 	1
6633 	1
6634 	1
6636 	1
6639 	1
6640 	1
6642 	1
6643 	1
6646 	1
6648 	1
6651 	1
6653 	1
6655 	1
6657 	1
6659 	1
6660 	1
6661 	1
6663 	1
6664 	1
6666 	1
6667 	1
6669 	1
6671 	1
6673 	1
6680 	1
6681 	1
6683 	1
6684 	1
6685 	1
6686 	1
6689 	1
6690 	1
6691 	1
6699 	1
6701 	1
6703 	1
6704 	1
6706 	1
6707 	1
6712 	1
6713 	1
6715 	1
6719 	1
6722 	1
6723 	1
6724 	1
6725 	1
6726 	1
6727 	1
6729 	1
6731 	1
6733 	1
6735 	1
6737 	1
6740 	1
6743 	1
6744 	1
6747 	1
6748 	1
6749 	1
6750 	1
6752 	1
6753 	1
6754 	1
6755 	1
6756 	1
6759 	1
6762 	1
6767 	1
6768 	1
6769 	1
6771 	1
6773 	1
6775 	1
6776 	1
6779 	1
6781 	1
6782 	1
6783 	1
6786 	1
6787 	1
6789 	1
6791 	1
6793 	1
6794 	1
6797 	1
6799 	1
6800 	1
6801 	1
6802 	1
6804 	1
6808 	1
6812 	1
6814 	1
6815 	1
6822 	1
6827 	1
6829 	1
6837 	1
6838 	1
6839 	1
6840 	1
6845 	1
6846 	1
6847 	1
6849 	1
6850 	1
6851 	1
6854 	1
6856 	1
6857 	1
6858 	1
6859 	1
6860 	1
6861 	1
6863 	1
6869 	1
6870 	1
6872 	1
6877 	1
6880 	1
6882 	1
6883 	1
6884 	1
6888 	1
6890 	1
6893 	1
6898 	1
6899 	1
6900 	1
6903 	1
6904 	1
6905 	1
6909 	1
6911 	1
6912 	1
6915 	1
6918 	1
6921 	1
6924 	1
6925 	1
6926 	1
6927 	1
6928 	1
6929 	1
6931 	1
6933 	1
6934 	1
6936 	1
6938 	1
6943 	1
6944 	1
6947 	1
6948 	1
6955 	1
6957 	1
6958 	1
6959 	1
6960 	1
6961 	1
6962 	1
6963 	1
6966 	1
6968 	1
6976 	1
6977 	1
6978 	1
6979 	1
6980 	1
6981 	1
6982 	1
6983 	1
6987 	1
6989 	1
6995 	1
6997 	1
6999 	1
7000 	1
7002 	1
7007 	1
7008 	1
7013 	1
7014 	1
7018 	1
7023 	1
7024 	1
7027 	1
7029 	1
7031 	1
7032 	1
7033 	1
7037 	1
7038 	1
7039 	1
7040 	1
7041 	1
7044 	1
7047 	1
7048 	1
7049 	1
7053 	1
7054 	1
7056 	1
7057 	1
7058 	1
7065 	1
7067 	1
7068 	1
7069 	1
7070 	1
7071 	1
7073 	1
7074 	1
7075 	1
7076 	1
7077 	1
7078 	1
7081 	1
7082 	1
7083 	1
7085 	1
7086 	1
7089 	1
7093 	1
7098 	1
7099 	1
7100 	1
7104 	1
7107 	1
7109 	1
7110 	1
7112 	1
7115 	1
7117 	1
7119 	1
7120 	1
7123 	1
7128 	1
7129 	1
7132 	1
7133 	1
7139 	1
7140 	1
7143 	1
7144 	1
7147 	1
7150 	1
7151 	1
7154 	1
7156 	1
7159 	1
7168 	1
7170 	1
7172 	1
7174 	1
7176 	1
7179 	1
7181 	1
7185 	1
7189 	1
7194 	1
7196 	1
7203 	1
7204 	1
7207 	1
7208 	1
7210 	1
7211 	1
7212 	1
7214 	1
7216 	1
7217 	1
7218 	1
7221 	1
7224 	1
7225 	1
7226 	1
7227 	1
7228 	1
7229 	1
7235 	1
7237 	1
7241 	1
7243 	1
7244 	1
7247 	1
7248 	1
7249 	1
7250 	1
7251 	1
7257 	1
7260 	1
7261 	1
7263 	1
7266 	1
7272 	1
7273 	1
7275 	1
7276 	1
7277 	1
7279 	1
7280 	1
7284 	1
7285 	1
7286 	1
7290 	1
7291 	1
7292 	1
7293 	1
7297 	1
7298 	1
7301 	1
7303 	1
7304 	1
7306 	1
7307 	1
7308 	1
7310 	1
7313 	1
7314 	1
7316 	1
7317 	1
7318 	1
7320 	1
7327 	1
7329 	1
7337 	1
7338 	1
7340 	1
7342 	1
7345 	1
7347 	1
7350 	1
7353 	1
7355 	1
7358 	1
7359 	1
7360 	1
7363 	1
7364 	1
7366 	1
7368 	1
7370 	1
7371 	1
7374 	1
7379 	1
7380 	1
7389 	1
7391 	1
7392 	1
7394 	1
7395 	1
7399 	1
7407 	1
7408 	1
7409 	1
7411 	1
7412 	1
7414 	1
7415 	1
7418 	1
7421 	1
7425 	1
7426 	1
7430 	1
7434 	1
7435 	1
7439 	1
7441 	1
7442 	1
7445 	1
7446 	1
7447 	1
7448 	1
7450 	1
7456 	1
7466 	1
7470 	1
7472 	1
7474 	1
7476 	1
7477 	1
7478 	1
7479 	1
7480 	1
7481 	1
7484 	1
7485 	1
7486 	1
7490 	1
7495 	1
7500 	1
7504 	1
7505 	1
7507 	1
7508 	1
7510 	1
7511 	1
7513 	1
7515 	1
7516 	1
7518 	1
7519 	1
7520 	1
7524 	1
7528 	1
7531 	1
7532 	1
7536 	1
7537 	1
7539 	1
7542 	1
7543 	1
7544 	1
7547 	1
7548 	1
7549 	1
7552 	1
7554 	1
7555 	1
7559 	1
7568 	1
7569 	1
7571 	1
7573 	1
7577 	1
7582 	1
7587 	1
7590 	1
7591 	1
7592 	1
7593 	1
7594 	1
7595 	1
7596 	1
7597 	1
7601 	1
7603 	1
7607 	1
7610 	1
7611 	1
7613 	1
7615 	1
7617 	1
7618 	1
7619 	1
7621 	1
7622 	1
7624 	1
7627 	1
7634 	1
7638 	1
7639 	1
7640 	1
7643 	1
7644 	1
7650 	1
7651 	1
7654 	1
7657 	1
7658 	1
7659 	1
7664 	1
7666 	1
7668 	1
7669 	1
7670 	1
7671 	1
7675 	1
7676 	1
7677 	1
7679 	1
7681 	1
7682 	1
7683 	1
7690 	1
7691 	1
7692 	1
7695 	1
7696 	1
7698 	1
7699 	1
7701 	1
7703 	1
7706 	1
7707 	1
7708 	1
7709 	1
7712 	1
7714 	1
7716 	1
7718 	1
7719 	1
7720 	1
7723 	1
7724 	1
7725 	1
7728 	1
7729 	1
7730 	1
7731 	1
7736 	1
7737 	1
7738 	1
7742 	1
7743 	1
7745 	1
7749 	1
7751 	1
7752 	1
7753 	1
7754 	1
7760 	1
7761 	1
7762 	1
7766 	1
7771 	1
7775 	1
7776 	1
7778 	1
7779 	1
7780 	1
7781 	1
7782 	1
7783 	1
7784 	1
7789 	1
7791 	1
7793 	1
7794 	1
7804 	1
7805 	1
7807 	1
7812 	1
7813 	1
7816 	1
7818 	1
7824 	1
7827 	1
7830 	1
7831 	1
7834 	1
7838 	1
7841 	1
7842 	1
7846 	1
7847 	1
7849 	1
7852 	1
7854 	1
7855 	1
7856 	1
7860 	1
7863 	1
7869 	1
7871 	1
7873 	1
7879 	1
7880 	1
7881 	1
7882 	1
7884 	1
7887 	1
7893 	1
7894 	1
7895 	1
7899 	1
7900 	1
7901 	1
7902 	1
7913 	1
7916 	1
7917 	1
7930 	1
7932 	1
7933 	1
7935 	1
7936 	1
7937 	1
7941 	1
7942 	1
7943 	1
7944 	1
7946 	1
7949 	1
7950 	1
7951 	1
7959 	1
7961 	1
7962 	1
7963 	1
7964 	1
7970 	1
7972 	1
7975 	1
7977 	1
7978 	1
7979 	1
7981 	1
7982 	1
7983 	1
7985 	1
7986 	1
7987 	1
7990 	1
7991 	1
7992 	1
7993 	1
7996 	1
7997 	1
7998 	1
8001 	1
8004 	1
8005 	1
8006 	1
8007 	1
8009 	1
8011 	1
8012 	1
8015 	1
8020 	1
8022 	1
8023 	1
8024 	1
8025 	1
8027 	1
8030 	1
8031 	1
8034 	1
8036 	1
8039 	1
8041 	1
8042 	1
8045 	1
8046 	1
8047 	1
8048 	1
8050 	1
8051 	1
8052 	1
8053 	1
8054 	1
8056 	1
8058 	1
8061 	1
8062 	1
8063 	1
8067 	1
8068 	1
8069 	1
8070 	1
8071 	1
8072 	1
8078 	1
8081 	1
8082 	1
8084 	1
8086 	1
8087 	1
8088 	1
8090 	1
8091 	1
8092 	1
8099 	1
8102 	1
8106 	1
8107 	1
8114 	1
8117 	1
8118 	1
8120 	1
8123 	1
8124 	1
8126 	1
8128 	1
8132 	1
8134 	1
8139 	1
8142 	1
8148 	1
8149 	1
8150 	1
8151 	1
8160 	1
8161 	1
8163 	1
8174 	1
8175 	1
8176 	1
8177 	1
8178 	1
8186 	1
8189 	1
8192 	1
8194 	1
8196 	1
8197 	1
8205 	1
8206 	1
8211 	1
8215 	1
8220 	1
8225 	1
8226 	1
8232 	1
8233 	1
8235 	1
8239 	1
8242 	1
8243 	1
8246 	1
8248 	1
8249 	1
8252 	1
8255 	1
8256 	1
8257 	1
8262 	1
8264 	1
8268 	1
8270 	1
8271 	1
8273 	1
8274 	1
8275 	1
8276 	1
8277 	1
8278 	1
8280 	1
8281 	1
8283 	1
8288 	1
8292 	1
8296 	1
8298 	1
8299 	1
8302 	1
8303 	1
8304 	1
8311 	1
8312 	1
8314 	1
8315 	1
8318 	1
8322 	1
8324 	1
8325 	1
8329 	1
8330 	1
8331 	1
8334 	1
8337 	1
8339 	1
8347 	1
8348 	1
8349 	1
8350 	1
8354 	1
8356 	1
8358 	1
8364 	1
8365 	1
8369 	1
8370 	1
8373 	1
8374 	1
8378 	1
8383 	1
8384 	1
8386 	1
8388 	1
8392 	1
8393 	1
8395 	1
8396 	1
8397 	1
8399 	1
8401 	1
8402 	1
8404 	1
8405 	1
8407 	1
8414 	1
8415 	1
8417 	1
8419 	1
8421 	1
8428 	1
8429 	1
8430 	1
8431 	1
8432 	1
8433 	1
8434 	1
8435 	1
8436 	1
8441 	1
8442 	1
8443 	1
8444 	1
8445 	1
8447 	1
8448 	1
8453 	1
8454 	1
8455 	1
8456 	1
8462 	1
8463 	1
8464 	1
8465 	1
8466 	1
8467 	1
8470 	1
8472 	1
8476 	1
8477 	1
8481 	1
8482 	1
8487 	1
8489 	1
8490 	1
8491 	1
8499 	1
8500 	1
8501 	1
8506 	1
8507 	1
8508 	1
8510 	1
8511 	1
8512 	1
8515 	1
8516 	1
8522 	1
8525 	1
8526 	1
8528 	1
8529 	1
8531 	1
8533 	1
8534 	1
8537 	1
8538 	1
8541 	1
8543 	1
8544 	1
8549 	1
8550 	1
8551 	1
8554 	1
8557 	1
8559 	1
8560 	1
8564 	1
8565 	1
8567 	1
8569 	1
8572 	1
8573 	1
8576 	1
8578 	1
8581 	1
8583 	1
8584 	1
8585 	1
8589 	1
8593 	1
8595 	1
8596 	1
8597 	1
8604 	1
8606 	1
8615 	1
8619 	1
8621 	1
8625 	1
8629 	1
8630 	1
8631 	1
8632 	1
8638 	1
8644 	1
8646 	1
8648 	1
8649 	1
8652 	1
8653 	1
8655 	1
8660 	1
8662 	1
8665 	1
8666 	1
8667 	1
8668 	1
8669 	1
8670 	1
8673 	1
8675 	1
8676 	1
8680 	1
8681 	1
8684 	1
8687 	1
8688 	1
8695 	1
8696 	1
8697 	1
8702 	1
8705 	1
8709 	1
8711 	1
8713 	1
8714 	1
8715 	1
8720 	1
8721 	1
8723 	1
8724 	1
8729 	1
8733 	1
8737 	1
8738 	1
8743 	1
8745 	1
8747 	1
8748 	1
8750 	1
8751 	1
8753 	1
8755 	1
8756 	1
8757 	1
8758 	1
8759 	1
8760 	1
8761 	1
8762 	1
8763 	1
8765 	1
8766 	1
8767 	1
8768 	1
8774 	1
8776 	1
8777 	1
8778 	1
8782 	1
8783 	1
8785 	1
8789 	1
8790 	1
8798 	1
8800 	1
8804 	1
8806 	1
8807 	1
8810 	1
8811 	1
8812 	1
8813 	1
8815 	1
8818 	1
8820 	1
8822 	1
8823 	1
8828 	1
8829 	1
8834 	1
8836 	1
8839 	1
8840 	1
8841 	1
8844 	1
8847 	1
8850 	1
8851 	1
8852 	1
8853 	1
8855 	1
8857 	1
8860 	1
8862 	1
8863 	1
8865 	1
8866 	1
8867 	1
8869 	1
8870 	1
8872 	1
8873 	1
8874 	1
8875 	1
8877 	1
8879 	1
8881 	1
8882 	1
8884 	1
8886 	1
8887 	1
8889 	1
8891 	1
8892 	1
8895 	1
8897 	1
8900 	1
8903 	1
8908 	1
8911 	1
8914 	1
8916 	1
8917 	1
8918 	1
8922 	1
8923 	1
8925 	1
8927 	1
8929 	1
8931 	1
8933 	1
8935 	1
8937 	1
8945 	1
8948 	1
8949 	1
8952 	1
8957 	1
8958 	1
8962 	1
8965 	1
8971 	1
8972 	1
8974 	1
8975 	1
8976 	1
8980 	1
8981 	1
8983 	1
8987 	1
8989 	1
8991 	1
8994 	1
8995 	1
8996 	1
8997 	1
9003 	1
9004 	1
9006 	1
9009 	1
9012 	1
9014 	1
9020 	1
9021 	1
9023 	1
9025 	1
9026 	1
9027 	1
9029 	1
9031 	1
9032 	1
9035 	1
9036 	1
9037 	1
9038 	1
9041 	1
9045 	1
9046 	1
9048 	1
9050 	1
9052 	1
9053 	1
9054 	1
9056 	1
9057 	1
9061 	1
9062 	1
9064 	1
9065 	1
9066 	1
9070 	1
9071 	1
9072 	1
9078 	1
9079 	1
9081 	1
9082 	1
9083 	1
9084 	1
9086 	1
9087 	1
9091 	1
9092 	1
9094 	1
9096 	1
9098 	1
9101 	1
9102 	1
9104 	1
9105 	1
9106 	1
9108 	1
9110 	1
9112 	1
9114 	1
9115 	1
9120 	1
9127 	1
9129 	1
9130 	1
9131 	1
9141 	1
9142 	1
9144 	1
9145 	1
9146 	1
9147 	1
9149 	1
9151 	1
9155 	1
9156 	1
9158 	1
9160 	1
9162 	1
9168 	1
9170 	1
9171 	1
9172 	1
9173 	1
9174 	1
9176 	1
9178 	1
9180 	1
9182 	1
9184 	1
9187 	1
9197 	1
9203 	1
9204 	1
9207 	1
9208 	1
9211 	1
9217 	1
9220 	1
9221 	1
9222 	1
9224 	1
9227 	1
9228 	1
9230 	1
9233 	1
9235 	1
9240 	1
9247 	1
9249 	1
9250 	1
9251 	1
9252 	1
9253 	1
9254 	1
9256 	1
9263 	1
9264 	1
9267 	1
9269 	1
9274 	1
9278 	1
9279 	1
9282 	1
9283 	1
9290 	1
9292 	1
9293 	1
9303 	1
9304 	1
9305 	1
9306 	1
9308 	1
9309 	1
9313 	1
9314 	1
9318 	1
9319 	1
9320 	1
9324 	1
9326 	1
9327 	1
9330 	1
9331 	1
9336 	1
9338 	1
9340 	1
9345 	1
9349 	1
9352 	1
9356 	1
9357 	1
9359 	1
9361 	1
9362 	1
9364 	1
9365 	1
9366 	1
9368 	1
9369 	1
9373 	1
9375 	1
9378 	1
9382 	1
9385 	1
9386 	1
9389 	1
9390 	1
9396 	1
9398 	1
9400 	1
9401 	1
9404 	1
9407 	1
9409 	1
9410 	1
9411 	1
9413 	1
9414 	1
9418 	1
9422 	1
9423 	1
9424 	1
9428 	1
9432 	1
9436 	1
9437 	1
9439 	1
9442 	1
9446 	1
9447 	1
9448 	1
9449 	1
9451 	1
9452 	1
9453 	1
9454 	1
9463 	1
9464 	1
9465 	1
9466 	1
9468 	1
9469 	1
9470 	1
9473 	1
9477 	1
9479 	1
9480 	1
9484 	1
9488 	1
9494 	1
9495 	1
9496 	1
9497 	1
9498 	1
9505 	1
9509 	1
9510 	1
9511 	1
9513 	1
9514 	1
9516 	1
9520 	1
9521 	1
9523 	1
9524 	1
9525 	1
9526 	1
9529 	1
9530 	1
9531 	1
9533 	1
9538 	1
9539 	1
9541 	1
9543 	1
9545 	1
9548 	1
9549 	1
9552 	1
9563 	1
9564 	1
9566 	1
9568 	1
9569 	1
9570 	1
9571 	1
9572 	1
9573 	1
9574 	1
9575 	1
9577 	1
9578 	1
9580 	1
9593 	1
9598 	1
9599 	1
9600 	1
9606 	1
9608 	1
9609 	1
9610 	1
9611 	1
9612 	1
9615 	1
9616 	1
9617 	1
9618 	1
9619 	1
9620 	1
9622 	1
9623 	1
9624 	1
9629 	1
9630 	1
9634 	1
9636 	1
9638 	1
9641 	1
9642 	1
9645 	1
9646 	1
9650 	1
9651 	1
9656 	1
9657 	1
9661 	1
9664 	1
9665 	1
9675 	1
9677 	1
9679 	1
9680 	1
9681 	1
9683 	1
9684 	1
9687 	1
9689 	1
9690 	1
9691 	1
9692 	1
9696 	1
9698 	1
9699 	1
9701 	1
9702 	1
9704 	1
9705 	1
9706 	1
9710 	1
9712 	1
9713 	1
9717 	1
9720 	1
9721 	1
9723 	1
9724 	1
9726 	1
9727 	1
9730 	1
9734 	1
9736 	1
9737 	1
9743 	1
9744 	1
9745 	1
9746 	1
9747 	1
9748 	1
9751 	1
9752 	1
9756 	1
9757 	1
9760 	1
9764 	1
9765 	1
9767 	1
9773 	1
9774 	1
9775 	1
9776 	1
9777 	1
9778 	1
9779 	1
9785 	1
9787 	1
9788 	1
9789 	1
9792 	1
9793 	1
9794 	1
9796 	1
9802 	1
9803 	1
9804 	1
9810 	1
9811 	1
9814 	1
9816 	1
9823 	1
9827 	1
9829 	1
9830 	1
9831 	1
9832 	1
9834 	1
9838 	1
9839 	1
9841 	1
9842 	1
9844 	1
9845 	1
9848 	1
9849 	1
9853 	1
9854 	1
9859 	1
9860 	1
9862 	1
9866 	1
9869 	1
9871 	1
9878 	1
9880 	1
9883 	1
9884 	1
9886 	1
9888 	1
9890 	1
9892 	1
9893 	1
9894 	1
9896 	1
9902 	1
9909 	1
9910 	1
9912 	1
9915 	1
9917 	1
9918 	1
9919 	1
9921 	1
9925 	1
9926 	1
9928 	1
9932 	1
9934 	1
9935 	1
9938 	1
9939 	1
9941 	1
9943 	1
9945 	1
9946 	1
9949 	1
9951 	1
9952 	1
9954 	1
9956 	1
9960 	1
9962 	1
9964 	1
9965 	1
9966 	1
9967 	1
9968 	1
9969 	1
9971 	1
9972 	1
9973 	1
9976 	1
9977 	1
9978 	1
9983 	1
9984 	1
9987 	1
9989 	1
9994 	1
9996 	1
9997 	1
9999 	1
10001 	1
10003 	1
10006 	1
10007 	1
10012 	1
10015 	1
10016 	1
10018 	1
10019 	1
10020 	1
10021 	1
10023 	1
10032 	1
10033 	1
10034 	1
10037 	1
10038 	1
10040 	1
10041 	1
10043 	1
10047 	1
10048 	1
10049 	1
10053 	1
10056 	1
10058 	1
10059 	1
10060 	1
10064 	1
10065 	1
10067 	1
10068 	1
10069 	1
10070 	1
10071 	1
10075 	1
10077 	1
10078 	1
10079 	1
10080 	1
10082 	1
10085 	1
10086 	1
10087 	1
10088 	1
10089 	1
10091 	1
10097 	1
10098 	1
10099 	1
10102 	1
10105 	1
10109 	1
10113 	1
10120 	1
10121 	1
10123 	1
10124 	1
10126 	1
10129 	1
10130 	1
10133 	1
10134 	1
10139 	1
10143 	1
10144 	1
10149 	1
10150 	1
10151 	1
10152 	1
10154 	1
10155 	1
10157 	1
10160 	1
10163 	1
10168 	1
10170 	1
10172 	1
10175 	1
10185 	1
10187 	1
10188 	1
10191 	1
10192 	1
10194 	1
10196 	1
10200 	1
10201 	1
10204 	1
10212 	1
10215 	1
10216 	1
10219 	1
10220 	1
10221 	1
10224 	1
10225 	1
10226 	1
10227 	1
10233 	1
10235 	1
10237 	1
10243 	1
10247 	1
10248 	1
10252 	1
10254 	1
10258 	1
10259 	1
10260 	1
10262 	1
10263 	1
10267 	1
10268 	1
10271 	1
10273 	1
10274 	1
10278 	1
10279 	1
10290 	1
10292 	1
10296 	1
10297 	1
10298 	1
10301 	1
10307 	1
10308 	1
10309 	1
10310 	1
10313 	1
10314 	1
10318 	1
10320 	1
10321 	1
10323 	1
10324 	1
10326 	1
10327 	1
10330 	1
10331 	1
10333 	1
10334 	1
10335 	1
10341 	1
10345 	1
10346 	1
10349 	1
10350 	1
10352 	1
10356 	1
10357 	1
10364 	1
10365 	1
10366 	1
10368 	1
10369 	1
10370 	1
10371 	1
10378 	1
10380 	1
10381 	1
10385 	1
10387 	1
10388 	1
10389 	1
10393 	1
10396 	1
10397 	1
10398 	1
10399 	1
10400 	1
10402 	1
10404 	1
10410 	1
10411 	1
10413 	1
10417 	1
10425 	1
10426 	1
10427 	1
10428 	1
10431 	1
10432 	1
10433 	1
10435 	1
10436 	1
10437 	1
10438 	1
10444 	1
10445 	1
10450 	1
10454 	1
10455 	1
10465 	1
10466 	1
10468 	1
10469 	1
10472 	1
10473 	1
10474 	1
10479 	1
10484 	1
10488 	1
10490 	1
10492 	1
10494 	1
10497 	1
10500 	1
10502 	1
10504 	1
10505 	1
10508 	1
10511 	1
10512 	1
10514 	1
10518 	1
10519 	1
10521 	1
10522 	1
10525 	1
10526 	1
10529 	1
10531 	1
10532 	1
10533 	1
10535 	1
10537 	1
10538 	1
10541 	1
10542 	1
10546 	1
10548 	1
10550 	1
10551 	1
10552 	1
10553 	1
10559 	1
10564 	1
10565 	1
10569 	1
10570 	1
10574 	1
10575 	1
10577 	1
10578 	1
10579 	1
10581 	1
10584 	1
10586 	1
10590 	1
10591 	1
10592 	1
10593 	1
10596 	1
10597 	1
10600 	1
10601 	1
10603 	1
10605 	1
10609 	1
10613 	1
10615 	1
10619 	1
10621 	1
10623 	1
10625 	1
10626 	1
10628 	1
10630 	1
10634 	1
10638 	1
10639 	1
10640 	1
10642 	1
10644 	1
10645 	1
10646 	1
10647 	1
10650 	1
10651 	1
10655 	1
10657 	1
10661 	1
10662 	1
10663 	1
10664 	1
10666 	1
10668 	1
10669 	1
10671 	1
10673 	1
10674 	1
10676 	1
10678 	1
10679 	1
10680 	1
10681 	1
10684 	1
10685 	1
10686 	1
10688 	1
10690 	1
10691 	1
10695 	1
10697 	1
10700 	1
10701 	1
10703 	1
10706 	1
10709 	1
10711 	1
10714 	1
10716 	1
10718 	1
10719 	1
10720 	1
10723 	1
10724 	1
10725 	1
10727 	1
10728 	1
10730 	1
10731 	1
10733 	1
10735 	1
10739 	1
10743 	1
10747 	1
10753 	1
10754 	1
10755 	1
10757 	1
10758 	1
10760 	1
10765 	1
10766 	1
10767 	1
10770 	1
10773 	1
10774 	1
10775 	1
10777 	1
10778 	1
10780 	1
10782 	1
10784 	1
10786 	1
10787 	1
10793 	1
10795 	1
10802 	1
10808 	1
10816 	1
10817 	1
10819 	1
10820 	1
10822 	1
10824 	1
10825 	1
10826 	1
10827 	1
10828 	1
10831 	1
10837 	1
10839 	1
10842 	1
10843 	1
10844 	1
10847 	1
10849 	1
10850 	1
10852 	1
10854 	1
10857 	1
10858 	1
10859 	1
10861 	1
10862 	1
10863 	1
10864 	1
10866 	1
10870 	1
10871 	1
10874 	1
10879 	1
10882 	1
10885 	1
10886 	1
10887 	1
10888 	1
10891 	1
10892 	1
10897 	1
10899 	1
10906 	1
10908 	1
10911 	1
10912 	1
10913 	1
10918 	1
10919 	1
10922 	1
10924 	1
10925 	1
10926 	1
10928 	1
10933 	1
10935 	1
10937 	1
10940 	1
10941 	1
10944 	1
10945 	1
10946 	1
10947 	1
10952 	1
10955 	1
10958 	1
10960 	1
10963 	1
10967 	1
10968 	1
10969 	1
10970 	1
10973 	1
10976 	1
10978 	1
10979 	1
10980 	1
10981 	1
10983 	1
10986 	1
10987 	1
10988 	1
10991 	1
10993 	1
10995 	1
10997 	1
10998 	1
11000 	1
11004 	1
11008 	1
11010 	1
11011 	1
11012 	1
11019 	1
11020 	1
11022 	1
11026 	1
11027 	1
11031 	1
11032 	1
11035 	1
11037 	1
11038 	1
11041 	1
11042 	1
11048 	1
11050 	1
11051 	1
11055 	1
11056 	1
11060 	1
11062 	1
11064 	1
11067 	1
11068 	1
11069 	1
11070 	1
11076 	1
11079 	1
11080 	1
11082 	1
11083 	1
11085 	1
11096 	1
11097 	1
11099 	1
11101 	1
11103 	1
11104 	1
11105 	1
11109 	1
11111 	1
11115 	1
11118 	1
11119 	1
11122 	1
11123 	1
11130 	1
11132 	1
11134 	1
11135 	1
11136 	1
11139 	1
11140 	1
11143 	1
11144 	1
11147 	1
11152 	1
11154 	1
11157 	1
11159 	1
11160 	1
11161 	1
11163 	1
11164 	1
11166 	1
11168 	1
11170 	1
11175 	1
11177 	1
11178 	1
11182 	1
11183 	1
11184 	1
11185 	1
11186 	1
11190 	1
11191 	1
11193 	1
11194 	1
11196 	1
11198 	1
11199 	1
11205 	1
11207 	1
11211 	1
11215 	1
11218 	1
11219 	1
11220 	1
11224 	1
11225 	1
11226 	1
11229 	1
11232 	1
11235 	1
11241 	1
11245 	1
11246 	1
11248 	1
11249 	1
11253 	1
11258 	1
11260 	1
11262 	1
11264 	1
11267 	1
11268 	1
11271 	1
11279 	1
11281 	1
11283 	1
11286 	1
11287 	1
11292 	1
11293 	1
11295 	1
11297 	1
11298 	1
11299 	1
11302 	1
11303 	1
11307 	1
11309 	1
11310 	1
11314 	1
11316 	1
11318 	1
11323 	1
11324 	1
11326 	1
11329 	1
11331 	1
11333 	1
11338 	1
11339 	1
11341 	1
11345 	1
11348 	1
11352 	1
11353 	1
11354 	1
11355 	1
11356 	1
11357 	1
11358 	1
11359 	1
11362 	1
11363 	1
11366 	1
11370 	1
11372 	1
11379 	1
11380 	1
11385 	1
11386 	1
11389 	1
11392 	1
11394 	1
11395 	1
11397 	1
11402 	1
11403 	1
11407 	1
11408 	1
11410 	1
11411 	1
11412 	1
11413 	1
11414 	1
11417 	1
11419 	1
11420 	1
11421 	1
11423 	1
11424 	1
11427 	1
11428 	1
11429 	1
11430 	1
11432 	1
11434 	1
11436 	1
11444 	1
11445 	1
11448 	1
11449 	1
11451 	1
11452 	1
11454 	1
11455 	1
11465 	1
11466 	1
11467 	1
11471 	1
11472 	1
11473 	1
11474 	1
11479 	1
11481 	1
11483 	1
11484 	1
11487 	1
11488 	1
11489 	1
11490 	1
11491 	1
11495 	1
11497 	1
11502 	1
11503 	1
11505 	1
11506 	1
11508 	1
11509 	1
11510 	1
11512 	1
11513 	1
11515 	1
11519 	1
11521 	1
11525 	1
11526 	1
11529 	1
11530 	1
11531 	1
11533 	1
11534 	1
11536 	1
11539 	1
11540 	1
11543 	1
11544 	1
11552 	1
11557 	1
11558 	1
11559 	1
11560 	1
11561 	1
11562 	1
11564 	1
11569 	1
11570 	1
11573 	1
11574 	1
11577 	1
11578 	1
11579 	1
11580 	1
11582 	1
11583 	1
11584 	1
11592 	1
11593 	1
11594 	1
11599 	1
11600 	1
11604 	1
11606 	1
11608 	1
11609 	1
11618 	1
11619 	1
11622 	1
11623 	1
11625 	1
11627 	1
11630 	1
11632 	1
11634 	1
11635 	1
11637 	1
11639 	1
11641 	1
11642 	1
11644 	1
11645 	1
11649 	1
11650 	1
11653 	1
11654 	1
11656 	1
11658 	1
11661 	1
11662 	1
11665 	1
11667 	1
11668 	1
11672 	1
11677 	1
11679 	1
11681 	1
11682 	1
11686 	1
11687 	1
11688 	1
11696 	1
11700 	1
11701 	1
11704 	1
11706 	1
11709 	1
11712 	1
11714 	1
11715 	1
11718 	1
11728 	1
11731 	1
11732 	1
11733 	1
11734 	1
11735 	1
11742 	1
11745 	1
11747 	1
11750 	1
11751 	1
11753 	1
11756 	1
11758 	1
11759 	1
11760 	1
11761 	1
11763 	1
11773 	1
11778 	1
11779 	1
11780 	1
11785 	1
11787 	1
11790 	1
11794 	1
11795 	1
11797 	1
11798 	1
11801 	1
11802 	1
11804 	1
11805 	1
11806 	1
11811 	1
11813 	1
11816 	1
11817 	1
11824 	1
11825 	1
11827 	1
11829 	1
11830 	1
11831 	1
11838 	1
11842 	1
11846 	1
11847 	1
11849 	1
11850 	1
11852 	1
11854 	1
11855 	1
11856 	1
11857 	1
11858 	1
11859 	1
11861 	1
11862 	1
11863 	1
11866 	1
11867 	1
11876 	1
11882 	1
11886 	1
11888 	1
11893 	1
11897 	1
11899 	1
11901 	1
11903 	1
11907 	1
11909 	1
11911 	1
11916 	1
11922 	1
11924 	1
11925 	1
11926 	1
11927 	1
11932 	1
11936 	1
11938 	1
11941 	1
11943 	1
11944 	1
11947 	1
11948 	1
11949 	1
11950 	1
11953 	1
11954 	1
11956 	1
11957 	1
11960 	1
11963 	1
11965 	1
11966 	1
11968 	1
11969 	1
11970 	1
11972 	1
11973 	1
11975 	1
11977 	1
11978 	1
11979 	1
11981 	1
11983 	1
11984 	1
11988 	1
11991 	1
11992 	1
11994 	1
11996 	1
11999 	1
12002 	1
12005 	1
12010 	1
12012 	1
12013 	1
12015 	1
12016 	1
12019 	1
12020 	1
12021 	1
12024 	1
12028 	1
12029 	1
12030 	1
12031 	1
12033 	1
12034 	1
12037 	1
12039 	1
12041 	1
12045 	1
12050 	1
12055 	1
12057 	1
12059 	1
12061 	1
12064 	1
12065 	1
12066 	1
12067 	1
12068 	1
12069 	1
12070 	1
12071 	1
12072 	1
12073 	1
12074 	1
12076 	1
12078 	1
12082 	1
12083 	1
12084 	1
12087 	1
12088 	1
12089 	1
12090 	1
12091 	1
12095 	1
12097 	1
12098 	1
12100 	1
12102 	1
12103 	1
12108 	1
12110 	1
12114 	1
12116 	1
12117 	1
12123 	1
12125 	1
12127 	1
12131 	1
12133 	1
12135 	1
12137 	1
12141 	1
12145 	1
12149 	1
12150 	1
12152 	1
12155 	1
12157 	1
12158 	1
12160 	1
12163 	1
12166 	1
12167 	1
12170 	1
12171 	1
12175 	1
12180 	1
12185 	1
12188 	1
12190 	1
12193 	1
12194 	1
12195 	1
12199 	1
12201 	1
12204 	1
12205 	1
12207 	1
12209 	1
12212 	1
12216 	1
12217 	1
12218 	1
12220 	1
12221 	1
12222 	1
12224 	1
12229 	1
12232 	1
12233 	1
12234 	1
12236 	1
12237 	1
12240 	1
12241 	1
12242 	1
12243 	1
12244 	1
12245 	1
12246 	1
12247 	1
12248 	1
12250 	1
12251 	1
12261 	1
12262 	1
12263 	1
12265 	1
12266 	1
12268 	1
12270 	1
12274 	1
12277 	1
12278 	1
12281 	1
12284 	1
12286 	1
12287 	1
12288 	1
12289 	1
12290 	1
12292 	1
12294 	1
12295 	1
12296 	1
12297 	1
12299 	1
12302 	1
12304 	1
12308 	1
12309 	1
12311 	1
12312 	1
12315 	1
12316 	1
12320 	1
12323 	1
12324 	1
12326 	1
12328 	1
12331 	1
12332 	1
12333 	1
12340 	1
12341 	1
12343 	1
12346 	1
12347 	1
12348 	1
12349 	1
12350 	1
12352 	1
12353 	1
12354 	1
12355 	1
12356 	1
12357 	1
12359 	1
12363 	1
12368 	1
12369 	1
12374 	1
12379 	1
12381 	1
12382 	1
12385 	1
12386 	1
12388 	1
12391 	1
12392 	1
12394 	1
12395 	1
12397 	1
12398 	1
12402 	1
12407 	1
12408 	1
12409 	1
12411 	1
12412 	1
12415 	1
12417 	1
12418 	1
12420 	1
12421 	1
12423 	1
12425 	1
12426 	1
12427 	1
12429 	1
12430 	1
12434 	1
12435 	1
12437 	1
12440 	1
12441 	1
12442 	1
12445 	1
12448 	1
12449 	1
12454 	1
12456 	1
12458 	1
12460 	1
12462 	1
12463 	1
12465 	1
12467 	1
12471 	1
12477 	1
12481 	1
12485 	1
12486 	1
12491 	1
12494 	1
12497 	1
12502 	1
12503 	1
12504 	1
12505 	1
12507 	1
12509 	1
12514 	1
12515 	1
12518 	1
12520 	1
12521 	1
12524 	1
12529 	1
12536 	1
12538 	1
12540 	1
12543 	1
12545 	1
12548 	1
12550 	1
12556 	1
12557 	1
12566 	1
12567 	1
12569 	1
12571 	1
12572 	1
12573 	1
12582 	1
12583 	1
12588 	1
12590 	1
12592 	1
12604 	1
12610 	1
12613 	1
12614 	1
12616 	1
12618 	1
12621 	1
12622 	1
12624 	1
12628 	1
12632 	1
12634 	1
12635 	1
12639 	1
12646 	1
12647 	1
12648 	1
12656 	1
12657 	1
12658 	1
12659 	1
12660 	1
12662 	1
12665 	1
12671 	1
12672 	1
12673 	1
12675 	1
12676 	1
12678 	1
12679 	1
12680 	1
12681 	1
12683 	1
12686 	1
12687 	1
12688 	1
12690 	1
12694 	1
12698 	1
12699 	1
12704 	1
12705 	1
12707 	1
12708 	1
12713 	1
12714 	1
12715 	1
12716 	1
12717 	1
12722 	1
12723 	1
12726 	1
12728 	1
12730 	1
12732 	1
12734 	1
12735 	1
12738 	1
12739 	1
12741 	1
12742 	1
12746 	1
12749 	1
12750 	1
12753 	1
12755 	1
12756 	1
12761 	1
12762 	1
12765 	1
12768 	1
12769 	1
12771 	1
12772 	1
12774 	1
12777 	1
12778 	1
12779 	1
12780 	1
12785 	1
12787 	1
12788 	1
12789 	1
12790 	1
12791 	1
12793 	1
12794 	1
12796 	1
12798 	1
12801 	1
12804 	1
12805 	1
12810 	1
12812 	1
12814 	1
12815 	1
12819 	1
12821 	1
12822 	1
12823 	1
12827 	1
12828 	1
12829 	1
12831 	1
12832 	1
12834 	1
12835 	1
12837 	1
12839 	1
12840 	1
12842 	1
12843 	1
12845 	1
12855 	1
12857 	1
12861 	1
12862 	1
12864 	1
12867 	1
12875 	1
12877 	1
12880 	1
12881 	1
12882 	1
12891 	1
12895 	1
12900 	1
12901 	1
12905 	1
12914 	1
12918 	1
12921 	1
12923 	1
12924 	1
12925 	1
12926 	1
12932 	1
12934 	1
12935 	1
12936 	1
12937 	1
12939 	1
12943 	1
12945 	1
12946 	1
12947 	1
12954 	1
12955 	1
12956 	1
12957 	1
12960 	1
12964 	1
12965 	1
12966 	1
12968 	1
12970 	1
12973 	1
12979 	1
12980 	1
12984 	1
12985 	1
12986 	1
12990 	1
12991 	1
12992 	1
12996 	1
12997 	1
13004 	1
13005 	1
13008 	1
13011 	1
13014 	1
13015 	1
13018 	1
13020 	1
13021 	1
13025 	1
13026 	1
13033 	1
13034 	1
13035 	1
13036 	1
13038 	1
13039 	1
13045 	1
13046 	1
13049 	1
13050 	1
13051 	1
13052 	1
13054 	1
13055 	1
13056 	1
13059 	1
13060 	1
13061 	1
13062 	1
13063 	1
13064 	1
13068 	1
13069 	1
13076 	1
13077 	1
13081 	1
13084 	1
13085 	1
13091 	1
13092 	1
13094 	1
13095 	1
13099 	1
13100 	1
13102 	1
13107 	1
13111 	1
13113 	1
13115 	1
13116 	1
13119 	1
13120 	1
13123 	1
13124 	1
13129 	1
13130 	1
13132 	1
13133 	1
13135 	1
13136 	1
13137 	1
13138 	1
13142 	1
13143 	1
13144 	1
13146 	1
13148 	1
13149 	1
13152 	1
13153 	1
13155 	1
13156 	1
13162 	1
13167 	1
13170 	1
13171 	1
13172 	1
13177 	1
13181 	1
13183 	1
13190 	1
13198 	1
13203 	1
13205 	1
13206 	1
13207 	1
13211 	1
13212 	1
13214 	1
13218 	1
13219 	1
13220 	1
13222 	1
13223 	1
13226 	1
13231 	1
13233 	1
13234 	1
13238 	1
13239 	1
13240 	1
13241 	1
13246 	1
13247 	1
13253 	1
13254 	1
13256 	1
13257 	1
13258 	1
13260 	1
13261 	1
13263 	1
13265 	1
13268 	1
13270 	1
13271 	1
13276 	1
13285 	1
13289 	1
13291 	1
13293 	1
13297 	1
13305 	1
13310 	1
13311 	1
13312 	1
13313 	1
13315 	1
13317 	1
13320 	1
13322 	1
13323 	1
13324 	1
13325 	1
13327 	1
13329 	1
13330 	1
13333 	1
13334 	1
13336 	1
13341 	1
13343 	1
13346 	1
13347 	1
13350 	1
13353 	1
13355 	1
13357 	1
13362 	1
13363 	1
13364 	1
13367 	1
13368 	1
13369 	1
13374 	1
13375 	1
13380 	1
13381 	1
13385 	1
13387 	1
13388 	1
13390 	1
13391 	1
13392 	1
13397 	1
13398 	1
13400 	1
13402 	1
13409 	1
13411 	1
13412 	1
13414 	1
13425 	1
13426 	1
13428 	1
13431 	1
13436 	1
13438 	1
13440 	1
13441 	1
13442 	1
13446 	1
13448 	1
13450 	1
13452 	1
13453 	1
13457 	1
13459 	1
13462 	1
13463 	1
13464 	1
13466 	1
13467 	1
13468 	1
13471 	1
13472 	1
13475 	1
13481 	1
13483 	1
13484 	1
13485 	1
13486 	1
13487 	1
13488 	1
13489 	1
13495 	1
13497 	1
13499 	1
13501 	1
13508 	1
13510 	1
13512 	1
13513 	1
13517 	1
13519 	1
13521 	1
13522 	1
13524 	1
13526 	1
13527 	1
13528 	1
13531 	1
13534 	1
13535 	1
13539 	1
13540 	1
13541 	1
13543 	1
13547 	1
13550 	1
13557 	1
13558 	1
13560 	1
13578 	1
13580 	1
13581 	1
13583 	1
13585 	1
13586 	1
13587 	1
13588 	1
13589 	1
13590 	1
13592 	1
13599 	1
13600 	1
13605 	1
13608 	1
13611 	1
13612 	1
13613 	1
13614 	1
13615 	1
13618 	1
13620 	1
13623 	1
13626 	1
13627 	1
13629 	1
13630 	1
13631 	1
13635 	1
13637 	1
13638 	1
13641 	1
13643 	1
13644 	1
13645 	1
13647 	1
13649 	1
13652 	1
13654 	1
13655 	1
13656 	1
13657 	1
13659 	1
13661 	1
13665 	1
13667 	1
13668 	1
13671 	1
13673 	1
13675 	1
13679 	1
13685 	1
13686 	1
13689 	1
13690 	1
13691 	1
13699 	1
13704 	1
13705 	1
13706 	1
13707 	1
13709 	1
13712 	1
13714 	1
13716 	1
13719 	1
13720 	1
13721 	1
13723 	1
13724 	1
13725 	1
13727 	1
13730 	1
13731 	1
13732 	1
13733 	1
13734 	1
13739 	1
13741 	1
13742 	1
13743 	1
13744 	1
13746 	1
13749 	1
13751 	1
13752 	1
13753 	1
13757 	1
13760 	1
13761 	1
13765 	1
13769 	1
13775 	1
13778 	1
13779 	1
13780 	1
13786 	1
13788 	1
13789 	1
13790 	1
13792 	1
13796 	1
13798 	1
13799 	1
13801 	1
13802 	1
13803 	1
13805 	1
13810 	1
13811 	1
13816 	1
13818 	1
13822 	1
13826 	1
13827 	1
13828 	1
13830 	1
13836 	1
13840 	1
13842 	1
13844 	1
13845 	1
13847 	1
13848 	1
13851 	1
13854 	1
13855 	1
13859 	1
13860 	1
13863 	1
13867 	1
13869 	1
13870 	1
13873 	1
13875 	1
13877 	1
13879 	1
13882 	1
13885 	1
13887 	1
13890 	1
13893 	1
13901 	1
13903 	1
13904 	1
13905 	1
13906 	1
13913 	1
13914 	1
13918 	1
13920 	1
13923 	1
13924 	1
13925 	1
13927 	1
13933 	1
13934 	1
13935 	1
13941 	1
13944 	1
13945 	1
13947 	1
13949 	1
13951 	1
13952 	1
13953 	1
13954 	1
13956 	1
13957 	1
13962 	1
13963 	1
13965 	1
13966 	1
13967 	1
13968 	1
13969 	1
13970 	1
13971 	1
13973 	1
13974 	1
13975 	1
13976 	1
13977 	1
13978 	1
13981 	1
13986 	1
13989 	1
13990 	1
13991 	1
13996 	1
13999 	1
14003 	1
14004 	1
14005 	1
14008 	1
14012 	1
14014 	1
14018 	1
14022 	1
14024 	1
14026 	1
14031 	1
14036 	1
14038 	1
14039 	1
14045 	1
14048 	1
14050 	1
14051 	1
14052 	1
14055 	1
14057 	1
14060 	1
14061 	1
14062 	1
14063 	1
14065 	1
14066 	1
14067 	1
14071 	1
14073 	1
14077 	1
14081 	1
14083 	1
14085 	1
14087 	1
14089 	1
14090 	1
14092 	1
14103 	1
14105 	1
14107 	1
14110 	1
14115 	1
14117 	1
14118 	1
14121 	1
14123 	1
14124 	1
14127 	1
14132 	1
14135 	1
14139 	1
14140 	1
14144 	1
14145 	1
14146 	1
14148 	1
14151 	1
14153 	1
14154 	1
14156 	1
14161 	1
14162 	1
14168 	1
14169 	1
14174 	1
14178 	1
14182 	1
14184 	1
14186 	1
14188 	1
14189 	1
14190 	1
14192 	1
14193 	1
14194 	1
14195 	1
14199 	1
14200 	1
14201 	1
14203 	1
14206 	1
14211 	1
14212 	1
14214 	1
14219 	1
14223 	1
14231 	1
14234 	1
14235 	1
14237 	1
14238 	1
14244 	1
14245 	1
14246 	1
14247 	1
14249 	1
14251 	1
14255 	1
14258 	1
14259 	1
14262 	1
14263 	1
14264 	1
14265 	1
14266 	1
14269 	1
14270 	1
14274 	1
14276 	1
14277 	1
14281 	1
14285 	1
14286 	1
14288 	1
14292 	1
14293 	1
14295 	1
14296 	1
14298 	1
14300 	1
14305 	1
14307 	1
14309 	1
14312 	1
14314 	1
14316 	1
14321 	1
14322 	1
14324 	1
14326 	1
14327 	1
14328 	1
14330 	1
14331 	1
14333 	1
14336 	1
14337 	1
14338 	1
14341 	1
14344 	1
14345 	1
14347 	1
14348 	1
14352 	1
14353 	1
14354 	1
14359 	1
14360 	1
14363 	1
14366 	1
14367 	1
14370 	1
14371 	1
14372 	1
14377 	1
14378 	1
14383 	1
14384 	1
14386 	1
14387 	1
14393 	1
14398 	1
14399 	1
14400 	1
14403 	1
14409 	1
14411 	1
14412 	1
14413 	1
14417 	1
14418 	1
14419 	1
14422 	1
14423 	1
14424 	1
14426 	1
14427 	1
14431 	1
14432 	1
14434 	1
14435 	1
14438 	1
14439 	1
14442 	1
14444 	1
14445 	1
14446 	1
14448 	1
14450 	1
14451 	1
14452 	1
14456 	1
14458 	1
14459 	1
14462 	1
14463 	1
14464 	1
14467 	1
14468 	1
14472 	1
14473 	1
14476 	1
14477 	1
14480 	1
14481 	1
14482 	1
14487 	1
14488 	1
14490 	1
14492 	1
14494 	1
14496 	1
14497 	1
14498 	1
14501 	1
14502 	1
14504 	1
14505 	1
14507 	1
14508 	1
14509 	1
14512 	1
14513 	1
14514 	1
14515 	1
14516 	1
14523 	1
14524 	1
14525 	1
14527 	1
14529 	1
14530 	1
14532 	1
14538 	1
14541 	1
14542 	1
14544 	1
14545 	1
14546 	1
14547 	1
14548 	1
14549 	1
14552 	1
14554 	1
14556 	1
14558 	1
14560 	1
14561 	1
14566 	1
14567 	1
14571 	1
14572 	1
14573 	1
14574 	1
14577 	1
14578 	1
14579 	1
14581 	1
14582 	1
14583 	1
14585 	1
14586 	1
14587 	1
14588 	1
14593 	1
14594 	1
14597 	1
14598 	1
14601 	1
14604 	1
14606 	1
14610 	1
14612 	1
14613 	1
14614 	1
14615 	1
14617 	1
14618 	1
14619 	1
14620 	1
14624 	1
14626 	1
14627 	1
14629 	1
14630 	1
14631 	1
14639 	1
14641 	1
14642 	1
14645 	1
14650 	1
14651 	1
14653 	1
14657 	1
14670 	1
14672 	1
14677 	1
14679 	1
14683 	1
14684 	1
14685 	1
14686 	1
14687 	1
14690 	1
14691 	1
14692 	1
14696 	1
14698 	1
14699 	1
14700 	1
14703 	1
14706 	1
14708 	1
14710 	1
14711 	1
14713 	1
14714 	1
14718 	1
14721 	1
14723 	1
14725 	1
14726 	1
14728 	1
14730 	1
14733 	1
14740 	1
14742 	1
14745 	1
14746 	1
14747 	1
14749 	1
14750 	1
14751 	1
14755 	1
14756 	1
14758 	1
14760 	1
14761 	1
14763 	1
14764 	1
14766 	1
14767 	1
14769 	1
14771 	1
14773 	1
14776 	1
14777 	1
14778 	1
14779 	1
14781 	1
14782 	1
14783 	1
14789 	1
14791 	1
14792 	1
14794 	1
14797 	1
14799 	1
14804 	1
14806 	1
14807 	1
14810 	1
14811 	1
14812 	1
14815 	1
14817 	1
14820 	1
14825 	1
14826 	1
14827 	1
14828 	1
14829 	1
14830 	1
14831 	1
14834 	1
14836 	1
14837 	1
14839 	1
14842 	1
14845 	1
14848 	1
14853 	1
14860 	1
14862 	1
14865 	1
14868 	1
14869 	1
14871 	1
14872 	1
14874 	1
14878 	1
14879 	1
14880 	1
14881 	1
14883 	1
14886 	1
14887 	1
14888 	1
14889 	1
14890 	1
14894 	1
14895 	1
14897 	1
14898 	1
14900 	1
14904 	1
14905 	1
14912 	1
14914 	1
14916 	1
14918 	1
14919 	1
14922 	1
14923 	1
14928 	1
14929 	1
14931 	1
14932 	1
14933 	1
14934 	1
14935 	1
14936 	1
14938 	1
14941 	1
14949 	1
14950 	1
14958 	1
14960 	1
14963 	1
14966 	1
14967 	1
14969 	1
14972 	1
14973 	1
14976 	1
14978 	1
14979 	1
14986 	1
14989 	1
14992 	1
14993 	1
14996 	1
14997 	1
15005 	1
15006 	1
15007 	1
15009 	1
15012 	1
15017 	1
15020 	1
15030 	1
15033 	1
15041 	1
15042 	1
15043 	1
15048 	1
15049 	1
15052 	1
15055 	1
15058 	1
15060 	1
15061 	1
15062 	1
15063 	1
15065 	1
15067 	1
15069 	1
15071 	1
15073 	1
15075 	1
15077 	1
15080 	1
15081 	1
15083 	1
15084 	1
15086 	1
15087 	1
15089 	1
15094 	1
15095 	1
15096 	1
15097 	1
15098 	1
15102 	1
15103 	1
15108 	1
15112 	1
15114 	1
15115 	1
15117 	1
15122 	1
15123 	1
15124 	1
15125 	1
15126 	1
15127 	1
15133 	1
15134 	1
15136 	1
15146 	1
15149 	1
15150 	1
15151 	1
15152 	1
15154 	1
15157 	1
15158 	1
15159 	1
15162 	1
15165 	1
15166 	1
15168 	1
15170 	1
15173 	1
15176 	1
15181 	1
15185 	1
15190 	1
15191 	1
15195 	1
15196 	1
15197 	1
15198 	1
15200 	1
15201 	1
15203 	1
15204 	1
15205 	1
15208 	1
15210 	1
15212 	1
15213 	1
15221 	1
15222 	1
15223 	1
15224 	1
15225 	1
15226 	1
15228 	1
15229 	1
15234 	1
15236 	1
15241 	1
15242 	1
15243 	1
15244 	1
15246 	1
15253 	1
15254 	1
15258 	1
15260 	1
15261 	1
15265 	1
15269 	1
15271 	1
15272 	1
15275 	1
15276 	1
15280 	1
15285 	1
15286 	1
15287 	1
15292 	1
15294 	1
15296 	1
15301 	1
15302 	1
15314 	1
15318 	1
15320 	1
15322 	1
15323 	1
15324 	1
15326 	1
15331 	1
15334 	1
15336 	1
15337 	1
15338 	1
15343 	1
15345 	1
15346 	1
15347 	1
15349 	1
15350 	1
15351 	1
15360 	1
15361 	1
15362 	1
15364 	1
15367 	1
15371 	1
15379 	1
15382 	1
15383 	1
15384 	1
15385 	1
15386 	1
15389 	1
15392 	1
15394 	1
15395 	1
15396 	1
15398 	1
15402 	1
15403 	1
15405 	1
15407 	1
15408 	1
15412 	1
15413 	1
15414 	1
15418 	1
15420 	1
15425 	1
15426 	1
15428 	1
15432 	1
15435 	1
15436 	1
15438 	1
15444 	1
15447 	1
15448 	1
15449 	1
15452 	1
15455 	1
15456 	1
15457 	1
15460 	1
15462 	1
15464 	1
15465 	1
15468 	1
15469 	1
15470 	1
15473 	1
15480 	1
15481 	1
15484 	1
15486 	1
15488 	1
15489 	1
15490 	1
15500 	1
15502 	1
15503 	1
15505 	1
15507 	1
15512 	1
15514 	1
15518 	1
15519 	1
15521 	1
15522 	1
15523 	1
15525 	1
15527 	1
15529 	1
15537 	1
15538 	1
15539 	1
15542 	1
15544 	1
15547 	1
15552 	1
15553 	1
15554 	1
15556 	1
15557 	1
15559 	1
15560 	1
15562 	1
15564 	1
15565 	1
15567 	1
15568 	1
15571 	1
15572 	1
15575 	1
15578 	1
15580 	1
15581 	1
15582 	1
15583 	1
15584 	1
15586 	1
15590 	1
15595 	1
15598 	1
15599 	1
15604 	1
15606 	1
15609 	1
15611 	1
15613 	1
15616 	1
15619 	1
15623 	1
15624 	1
15627 	1
15629 	1
15630 	1
15633 	1
15634 	1
15638 	1
15640 	1
15641 	1
15646 	1
15648 	1
15654 	1
15655 	1
15660 	1
15663 	1
15665 	1
15668 	1
15669 	1
15670 	1
15673 	1
15675 	1
15676 	1
15684 	1
15685 	1
15690 	1
15691 	1
15692 	1
15693 	1
15704 	1
15706 	1
15707 	1
15711 	1
15713 	1
15716 	1
15717 	1
15718 	1
15722 	1
15724 	1
15733 	1
15734 	1
15737 	1
15740 	1
15741 	1
15745 	1
15746 	1
15747 	1
15748 	1
15749 	1
15756 	1
15760 	1
15763 	1
15765 	1
15766 	1
15771 	1
15772 	1
15780 	1
15781 	1
15784 	1
15787 	1
15788 	1
15789 	1
15790 	1
15792 	1
15795 	1
15797 	1
15799 	1
15802 	1
15812 	1
15814 	1
15817 	1
15818 	1
15826 	1
15827 	1
15831 	1
15832 	1
15833 	1
15834 	1
15839 	1
15841 	1
15842 	1
15845 	1
15846 	1
15849 	1
15850 	1
15851 	1
15852 	1
15854 	1
15855 	1
15856 	1
15858 	1
15861 	1
15865 	1
15868 	1
15870 	1
15871 	1
15872 	1
15880 	1
15882 	1
15883 	1
15885 	1
15891 	1
15893 	1
15896 	1
15897 	1
15898 	1
15900 	1
15901 	1
15902 	1
15904 	1
15905 	1
15908 	1
15909 	1
15911 	1
15912 	1
15915 	1
15919 	1
15921 	1
15923 	1
15924 	1
15926 	1
15927 	1
15928 	1
15929 	1
15931 	1
15932 	1
15937 	1
15940 	1
15941 	1
15942 	1
15943 	1
15945 	1
15946 	1
15948 	1
15951 	1
15953 	1
15959 	1
15960 	1
15962 	1
15963 	1
15965 	1
15967 	1
15970 	1
15971 	1
15973 	1
15974 	1
15975 	1
15982 	1
15983 	1
15986 	1
15987 	1
15989 	1
15990 	1
15991 	1
15992 	1
15995 	1
15997 	1
15999 	1
16002 	1
16003 	1
16009 	1
16011 	1
16013 	1
16016 	1
16020 	1
16021 	1
16022 	1
16025 	1
16029 	1
16030 	1
16032 	1
16036 	1
16037 	1
16041 	1
16042 	1
16046 	1
16050 	1
16051 	1
16054 	1
16059 	1
16060 	1
16063 	1
16065 	1
16066 	1
16073 	1
16075 	1
16076 	1
16077 	1
16079 	1
16082 	1
16083 	1
16088 	1
16096 	1
16099 	1
16100 	1
16104 	1
16105 	1
16106 	1
16109 	1
16111 	1
16114 	1
16119 	1
16120 	1
16123 	1
16126 	1
16128 	1
16130 	1
16131 	1
16132 	1
16136 	1
16138 	1
16141 	1
16142 	1
16143 	1
16147 	1
16149 	1
16150 	1
16152 	1
16153 	1
16155 	1
16160 	1
16161 	1
16164 	1
16170 	1
16177 	1
16178 	1
16182 	1
16183 	1
16184 	1
16186 	1
16189 	1
16195 	1
16203 	1
16205 	1
16208 	1
16209 	1
16215 	1
16217 	1
16219 	1
16220 	1
16221 	1
16223 	1
16224 	1
16227 	1
16228 	1
16229 	1
16230 	1
16232 	1
16233 	1
16234 	1
16235 	1
16237 	1
16243 	1
16244 	1
16245 	1
16255 	1
16256 	1
16259 	1
16261 	1
16267 	1
16271 	1
16281 	1
16284 	1
16287 	1
16288 	1
16291 	1
16295 	1
16297 	1
16298 	1
16299 	1
16301 	1
16302 	1
16304 	1
16309 	1
16311 	1
16314 	1
16315 	1
16316 	1
16317 	1
16329 	1
16333 	1
16334 	1
16339 	1
16341 	1
16342 	1
16348 	1
16351 	1
16352 	1
16356 	1
16358 	1
16359 	1
16362 	1
16363 	1
16366 	1
16368 	1
16369 	1
16373 	1
16374 	1
16375 	1
16376 	1
16377 	1
16380 	1
16381 	1
16382 	1
16385 	1
16390 	1
16394 	1
16395 	1
16399 	1
16400 	1
16401 	1
16402 	1
16403 	1
16405 	1
16408 	1
16410 	1
16411 	1
16413 	1
16414 	1
16417 	1
16419 	1
16420 	1
16421 	1
16423 	1
16424 	1
16425 	1
16427 	1
16429 	1
16434 	1
16436 	1
16440 	1
16445 	1
16447 	1
16448 	1
16450 	1
16451 	1
16452 	1
16455 	1
16456 	1
16457 	1
16458 	1
16461 	1
16462 	1
16465 	1
16466 	1
16469 	1
16471 	1
16473 	1
16474 	1
16477 	1
16479 	1
16483 	1
16484 	1
16486 	1
16489 	1
16495 	1
16498 	1
16500 	1
16503 	1
16504 	1
16505 	1
16506 	1
16508 	1
16511 	1
16513 	1
16514 	1
16518 	1
16521 	1
16523 	1
16525 	1
16527 	1
16531 	1
16532 	1
16534 	1
16536 	1
16537 	1
16538 	1
16540 	1
16551 	1
16554 	1
16555 	1
16556 	1
16559 	1
16560 	1
16561 	1
16569 	1
16572 	1
16573 	1
16574 	1
16575 	1
16577 	1
16580 	1
16583 	1
16584 	1
16587 	1
16593 	1
16594 	1
16595 	1
16597 	1
16601 	1
16604 	1
16606 	1
16612 	1
16616 	1
16618 	1
16619 	1
16620 	1
16621 	1
16623 	1
16624 	1
16626 	1
16627 	1
16628 	1
16630 	1
16637 	1
16639 	1
16640 	1
16643 	1
16645 	1
16649 	1
16653 	1
16654 	1
16657 	1
16658 	1
16659 	1
16662 	1
16666 	1
16670 	1
16674 	1
16677 	1
16678 	1
16679 	1
16683 	1
16684 	1
16685 	1
16689 	1
16690 	1
16691 	1
16695 	1
16696 	1
16700 	1
16701 	1
16702 	1
16707 	1
16709 	1
16710 	1
16714 	1
16715 	1
16716 	1
16718 	1
16719 	1
16720 	1
16721 	1
16728 	1
16733 	1
16734 	1
16735 	1
16736 	1
16737 	1
16738 	1
16739 	1
16740 	1
16743 	1
16744 	1
16746 	1
16749 	1
16752 	1
16755 	1
16756 	1
16757 	1
16759 	1
16761 	1
16762 	1
16763 	1
16765 	1
16768 	1
16769 	1
16771 	1
16772 	1
16773 	1
16779 	1
16782 	1
16785 	1
16786 	1
16788 	1
16798 	1
16800 	1
16803 	1
16806 	1
16807 	1
16808 	1
16810 	1
16815 	1
16816 	1
16817 	1
16820 	1
16821 	1
16822 	1
16825 	1
16827 	1
16828 	1
16829 	1
16830 	1
16831 	1
16833 	1
16834 	1
16837 	1
16838 	1
16840 	1
16843 	1
16847 	1
16850 	1
16853 	1
16856 	1
16857 	1
16864 	1
16867 	1
16869 	1
16871 	1
16873 	1
16874 	1
16882 	1
16884 	1
16887 	1
16889 	1
16890 	1
16894 	1
16895 	1
16896 	1
16897 	1
16898 	1
16900 	1
16901 	1
16902 	1
16904 	1
16905 	1
16908 	1
16912 	1
16913 	1
16915 	1
16916 	1
16917 	1
16920 	1
16923 	1
16932 	1
16935 	1
16937 	1
16940 	1
16943 	1
16946 	1
16950 	1
16953 	1
16958 	1
16959 	1
16960 	1
16962 	1
16964 	1
16965 	1
16967 	1
16972 	1
16973 	1
16974 	1
16975 	1
16979 	1
16984 	1
16988 	1
16989 	1
16990 	1
16991 	1
16992 	1
16993 	1
16994 	1
16995 	1
16998 	1
16999 	1
17001 	1
17006 	1
17009 	1
17011 	1
17014 	1
17016 	1
17018 	1
17019 	1
17020 	1
17022 	1
17025 	1
17029 	1
17030 	1
17033 	1
17034 	1
17041 	1
17043 	1
17044 	1
17045 	1
17048 	1
17049 	1
17050 	1
17052 	1
17053 	1
17055 	1
17057 	1
17059 	1
17062 	1
17064 	1
17065 	1
17070 	1
17071 	1
17074 	1
17075 	1
17078 	1
17080 	1
17082 	1
17083 	1
17085 	1
17087 	1
17088 	1
17090 	1
17091 	1
17092 	1
17093 	1
17096 	1
17097 	1
17098 	1
17099 	1
17102 	1
17103 	1
17104 	1
17105 	1
17107 	1
17109 	1
17111 	1
17112 	1
17113 	1
17117 	1
17119 	1
17122 	1
17124 	1
17125 	1
17126 	1
17129 	1
17130 	1
17132 	1
17137 	1
17142 	1
17146 	1
17149 	1
17152 	1
17153 	1
17154 	1
17158 	1
17160 	1
17164 	1
17165 	1
17166 	1
17167 	1
17169 	1
17171 	1
17172 	1
17173 	1
17175 	1
17176 	1
17177 	1
17183 	1
17184 	1
17185 	1
17187 	1
17189 	1
17192 	1
17194 	1
17196 	1
17198 	1
17200 	1
17201 	1
17202 	1
17203 	1
17205 	1
17207 	1
17210 	1
17212 	1
17214 	1
17220 	1
17221 	1
17222 	1
17224 	1
17226 	1
17229 	1
17230 	1
17232 	1
17234 	1
17236 	1
17240 	1
17243 	1
17244 	1
17245 	1
17246 	1
17247 	1
17249 	1
17250 	1
17254 	1
17258 	1
17260 	1
17262 	1
17263 	1
17264 	1
17267 	1
17271 	1
17272 	1
17274 	1
17275 	1
17276 	1
17277 	1
17279 	1
17284 	1
17288 	1
17290 	1
17292 	1
17296 	1
17299 	1
17300 	1
17304 	1
17308 	1
17311 	1
17313 	1
17314 	1
17315 	1
17316 	1
17317 	1
17320 	1
17322 	1
17324 	1
17325 	1
17328 	1
17331 	1
17334 	1
17340 	1
17342 	1
17343 	1
17351 	1
17352 	1
17355 	1
17358 	1
17359 	1
17360 	1
17361 	1
17363 	1
17366 	1
17369 	1
17373 	1
17375 	1
17381 	1
17382 	1
17384 	1
17385 	1
17387 	1
17388 	1
17395 	1
17397 	1
17404 	1
17406 	1
17407 	1
17408 	1
17409 	1
17410 	1
17412 	1
17413 	1
17416 	1
17417 	1
17419 	1
17422 	1
17426 	1
17432 	1
17433 	1
17435 	1
17439 	1
17443 	1
17448 	1
17449 	1
17450 	1
17451 	1
17452 	1
17454 	1
17456 	1
17457 	1
17458 	1
17461 	1
17463 	1
17465 	1
17466 	1
17469 	1
17471 	1
17473 	1
17474 	1
17477 	1
17478 	1
17479 	1
17482 	1
17483 	1
17489 	1
17490 	1
17493 	1
17494 	1
17495 	1
17497 	1
17498 	1
17500 	1
17501 	1
17502 	1
17505 	1
17508 	1
17512 	1
17514 	1
17515 	1
17516 	1
17518 	1
17520 	1
17522 	1
17524 	1
17527 	1
17529 	1
17532 	1
17533 	1
17535 	1
17539 	1
17540 	1
17541 	1
17543 	1
17544 	1
17547 	1
17551 	1
17552 	1
17554 	1
17555 	1
17556 	1
17557 	1
17559 	1
17563 	1
17565 	1
17566 	1
17567 	1
17568 	1
17569 	1
17570 	1
17572 	1
17573 	1
17574 	1
17576 	1
17578 	1
17579 	1
17588 	1
17591 	1
17601 	1
17602 	1
17605 	1
17614 	1
17617 	1
17618 	1
17619 	1
17624 	1
17626 	1
17629 	1
17631 	1
17633 	1
17636 	1
17637 	1
17639 	1
17645 	1
17653 	1
17654 	1
17656 	1
17657 	1
17658 	1
17659 	1
17660 	1
17664 	1
17665 	1
17674 	1
17676 	1
17679 	1
17680 	1
17681 	1
17682 	1
17684 	1
17685 	1
17686 	1
17691 	1
17692 	1
17693 	1
17694 	1
17695 	1
17701 	1
17704 	1
17705 	1
17707 	1
17708 	1
17709 	1
17711 	1
17712 	1
17714 	1
17717 	1
17724 	1
17725 	1
17727 	1
17728 	1
17733 	1
17736 	1
17737 	1
17739 	1
17742 	1
17743 	1
17745 	1
17749 	1
17751 	1
17755 	1
17756 	1
17758 	1
17759 	1
17762 	1
17764 	1
17768 	1
17769 	1
17771 	1
17774 	1
17776 	1
17777 	1
17780 	1
17781 	1
17786 	1
17789 	1
17790 	1
17793 	1
17794 	1
17795 	1
17796 	1
17798 	1
17799 	1
17801 	1
17802 	1
17804 	1
17807 	1
17811 	1
17812 	1
17816 	1
17817 	1
17818 	1
17821 	1
17824 	1
17825 	1
17826 	1
17827 	1
17831 	1
17833 	1
17836 	1
17837 	1
17838 	1
17840 	1
17842 	1
17848 	1
17849 	1
17852 	1
17853 	1
17854 	1
17855 	1
17856 	1
17858 	1
17860 	1
17863 	1
17864 	1
17865 	1
17868 	1
17869 	1
17873 	1
17880 	1
17881 	1
17885 	1
17886 	1
17889 	1
17890 	1
17891 	1
17894 	1
17896 	1
17898 	1
17903 	1
17904 	1
17906 	1
17908 	1
17911 	1
17912 	1
17913 	1
17917 	1
17920 	1
17921 	1
17922 	1
17924 	1
17931 	1
17933 	1
17937 	1
17938 	1
17939 	1
17945 	1
17946 	1
17948 	1
17949 	1
17950 	1
17951 	1
17958 	1
17960 	1
17963 	1
17965 	1
17972 	1
17973 	1
17974 	1
17976 	1
17982 	1
17983 	1
17987 	1
17991 	1
17992 	1
17994 	1
17995 	1
17996 	1
17997 	1
18003 	1
18005 	1
18017 	1
18019 	1
18022 	1
18024 	1
18025 	1
18026 	1
18028 	1
18030 	1
18032 	1
18033 	1
18036 	1
18037 	1
18038 	1
18042 	1
18045 	1
18047 	1
18049 	1
18056 	1
18059 	1
18060 	1
18064 	1
18065 	1
18068 	1
18071 	1
18073 	1
18075 	1
18077 	1
18080 	1
18085 	1
18086 	1
18087 	1
18089 	1
18099 	1
18102 	1
18104 	1
18106 	1
18107 	1
18108 	1
18109 	1
18111 	1
18112 	1
18115 	1
18116 	1
18121 	1
18125 	1
18126 	1
18134 	1
18137 	1
18140 	1
18141 	1
18145 	1
18146 	1
18147 	1
18148 	1
18154 	1
18156 	1
18159 	1
18161 	1
18163 	1
18164 	1
18165 	1
18168 	1
18169 	1
18170 	1
18171 	1
18173 	1
18175 	1
18179 	1
18181 	1
18183 	1
18184 	1
18185 	1
18189 	1
18191 	1
18194 	1
18196 	1
18197 	1
18200 	1
18203 	1
18205 	1
18206 	1
18209 	1
18210 	1
18212 	1
18214 	1
18215 	1
18216 	1
18217 	1
18220 	1
18224 	1
18225 	1
18227 	1
18231 	1
18232 	1
18233 	1
18235 	1
18236 	1
18237 	1
18238 	1
18239 	1
18241 	1
18242 	1
18243 	1
18244 	1
18247 	1
18248 	1
18250 	1
18251 	1
18253 	1
18254 	1
18255 	1
18258 	1
18261 	1
18262 	1
18263 	1
18264 	1
18265 	1
18270 	1
18271 	1
18272 	1
18274 	1
18277 	1
18278 	1
18284 	1
18285 	1
18290 	1
18291 	1
18293 	1
18298 	1
18299 	1
18300 	1
18303 	1
18306 	1
18313 	1
18314 	1
18315 	1
18316 	1
18318 	1
18320 	1
18323 	1
18326 	1
18329 	1
18332 	1
18333 	1
18337 	1
18338 	1
18346 	1
18348 	1
18350 	1
18351 	1
18352 	1
18354 	1
18356 	1
18357 	1
18359 	1
18362 	1
18363 	1
18364 	1
18366 	1
18368 	1
18369 	1
18370 	1
18372 	1
18375 	1
18377 	1
18381 	1
18384 	1
18390 	1
18391 	1
18392 	1
18393 	1
18394 	1
18396 	1
18397 	1
18400 	1
18402 	1
18403 	1
18405 	1
18407 	1
18412 	1
18414 	1
18416 	1
18418 	1
18420 	1
18421 	1
18422 	1
18423 	1
18425 	1
18427 	1
18428 	1
18429 	1
18430 	1
18431 	1
18435 	1
18438 	1
18439 	1
18445 	1
18446 	1
18447 	1
18449 	1
18452 	1
18454 	1
18455 	1
18456 	1
18457 	1
18459 	1
18460 	1
18462 	1
18465 	1
18467 	1
18470 	1
18471 	1
18474 	1
18475 	1
18484 	1
18486 	1
18487 	1
18489 	1
18491 	1
18493 	1
18495 	1
18496 	1
18499 	1
18502 	1
18504 	1
18510 	1
18513 	1
18514 	1
18516 	1
18518 	1
18520 	1
18521 	1
18524 	1
18526 	1
18527 	1
18532 	1
18535 	1
18539 	1
18542 	1
18551 	1
18552 	1
18554 	1
18555 	1
18558 	1
18560 	1
18564 	1
18566 	1
18568 	1
18570 	1
18571 	1
18572 	1
18574 	1
18576 	1
18578 	1
18581 	1
18582 	1
18584 	1
18587 	1
18590 	1
18594 	1
18596 	1
18601 	1
18605 	1
18607 	1
18609 	1
18610 	1
18611 	1
18612 	1
18613 	1
18617 	1
18619 	1
18625 	1
18627 	1
18629 	1
18631 	1
18634 	1
18635 	1
18636 	1
18637 	1
18638 	1
18639 	1
18640 	1
18643 	1
18644 	1
18646 	1
18649 	1
18652 	1
18654 	1
18657 	1
18659 	1
18661 	1
18662 	1
18663 	1
18664 	1
18666 	1
18669 	1
18670 	1
18671 	1
18672 	1
18674 	1
18675 	1
18676 	1
18677 	1
18680 	1
18681 	1
18682 	1
18683 	1
18690 	1
18692 	1
18693 	1
18694 	1
18699 	1
18700 	1
18701 	1
18702 	1
18703 	1
18708 	1
18709 	1
18710 	1
18714 	1
18715 	1
18721 	1
18726 	1
18727 	1
18729 	1
18730 	1
18732 	1
18733 	1
18734 	1
18737 	1
18739 	1
18742 	1
18746 	1
18747 	1
18748 	1
18750 	1
18752 	1
18753 	1
18754 	1
18758 	1
18759 	1
18760 	1
18761 	1
18763 	1
18767 	1
18768 	1
18770 	1
18774 	1
18776 	1
18778 	1
18780 	1
18785 	1
18787 	1
18789 	1
18797 	1
18798 	1
18800 	1
18801 	1
18802 	1
18803 	1
18809 	1
18810 	1
18818 	1
18823 	1
18824 	1
18825 	1
18827 	1
18828 	1
18829 	1
18831 	1
18835 	1
18838 	1
18839 	1
18840 	1
18843 	1
18844 	1
18846 	1
18847 	1
18848 	1
18850 	1
18851 	1
18854 	1
18856 	1
18861 	1
18863 	1
18866 	1
18871 	1
18872 	1
18873 	1
18875 	1
18878 	1
18880 	1
18890 	1
18893 	1
18894 	1
18897 	1
18898 	1
18900 	1
18903 	1
18904 	1
18905 	1
18908 	1
18910 	1
18911 	1
18912 	1
18914 	1
18915 	1
18917 	1
18921 	1
18922 	1
18923 	1
18925 	1
18927 	1
18928 	1
18929 	1
18930 	1
18931 	1
18932 	1
18934 	1
18935 	1
18937 	1
18939 	1
18941 	1
18942 	1
18943 	1
18945 	1
18950 	1
18951 	1
18952 	1
18954 	1
18955 	1
18958 	1
18960 	1
18961 	1
18962 	1
18964 	1
18970 	1
18973 	1
18974 	1
18976 	1
18977 	1
18985 	1
18988 	1
18989 	1
18991 	1
18992 	1
18996 	1
19000 	1
19005 	1
19006 	1
19008 	1
19011 	1
19013 	1
19014 	1
19015 	1
19017 	1
19018 	1
19020 	1
19021 	1
19025 	1
19027 	1
19032 	1
19035 	1
19042 	1
19044 	1
19046 	1
19047 	1
19048 	1
19049 	1
19051 	1
19053 	1
19056 	1
19057 	1
19063 	1
19066 	1
19067 	1
19073 	1
19074 	1
19077 	1
19078 	1
19079 	1
19080 	1
19081 	1
19083 	1
19084 	1
19089 	1
19092 	1
19099 	1
19100 	1
19101 	1
19102 	1
19103 	1
19112 	1
19114 	1
19117 	1
19119 	1
19123 	1
19124 	1
19126 	1
19134 	1
19135 	1
19136 	1
19138 	1
19140 	1
19142 	1
19143 	1
19144 	1
19148 	1
19152 	1
19153 	1
19156 	1
19157 	1
19158 	1
19163 	1
19164 	1
19166 	1
19168 	1
19174 	1
19176 	1
19177 	1
19183 	1
19185 	1
19187 	1
19189 	1
19190 	1
19194 	1
19196 	1
19201 	1
19202 	1
19203 	1
19207 	1
19209 	1
19210 	1
19212 	1
19213 	1
19216 	1
19217 	1
19220 	1
19222 	1
19223 	1
19224 	1
19226 	1
19232 	1
19234 	1
19238 	1
19239 	1
19240 	1
19241 	1
19242 	1
19246 	1
19247 	1
19248 	1
19251 	1
19252 	1
19255 	1
19257 	1
19259 	1
19263 	1
19266 	1
19267 	1
19271 	1
19275 	1
19276 	1
19279 	1
19281 	1
19283 	1
19284 	1
19286 	1
19289 	1
19290 	1
19292 	1
19293 	1
19302 	1
19303 	1
19305 	1
19306 	1
19307 	1
19308 	1
19311 	1
19312 	1
19313 	1
19316 	1
19318 	1
19320 	1
19322 	1
19326 	1
19327 	1
19328 	1
19340 	1
19343 	1
19344 	1
19346 	1
19347 	1
19348 	1
19353 	1
19357 	1
19361 	1
19365 	1
19367 	1
19368 	1
19370 	1
19377 	1
19378 	1
19379 	1
19380 	1
19381 	1
19383 	1
19384 	1
19385 	1
19390 	1
19393 	1
19394 	1
19396 	1
19397 	1
19402 	1
19404 	1
19405 	1
19409 	1
19411 	1
19413 	1
19416 	1
19417 	1
19419 	1
19420 	1
19421 	1
19422 	1
19423 	1
19426 	1
19428 	1
19429 	1
19432 	1
19433 	1
19436 	1
19439 	1
19444 	1
19445 	1
19448 	1
19449 	1
19451 	1
19452 	1
19456 	1
19459 	1
19461 	1
19463 	1
19465 	1
19466 	1
19467 	1
19482 	1
19483 	1
19486 	1
19487 	1
19490 	1
19491 	1
19492 	1
19493 	1
19497 	1
19502 	1
19505 	1
19506 	1
19509 	1
19511 	1
19512 	1
19516 	1
19518 	1
19524 	1
19526 	1
19528 	1
19533 	1
19535 	1
19538 	1
19539 	1
19542 	1
19543 	1
19544 	1
19545 	1
19546 	1
19547 	1
19549 	1
19552 	1
19555 	1
19556 	1
19560 	1
19566 	1
19567 	1
19568 	1
19569 	1
19570 	1
19572 	1
19573 	1
19576 	1
19579 	1
19584 	1
19587 	1
19588 	1
19589 	1
19591 	1
19595 	1
19599 	1
19601 	1
19602 	1
19603 	1
19604 	1
19614 	1
19616 	1
19617 	1
19622 	1
19624 	1
19626 	1
19627 	1
19628 	1
19629 	1
19630 	1
19633 	1
19634 	1
19635 	1
19636 	1
19639 	1
19640 	1
19643 	1
19644 	1
19647 	1
19648 	1
19649 	1
19652 	1
19653 	1
19656 	1
19657 	1
19658 	1
19664 	1
19665 	1
19666 	1
19667 	1
19671 	1
19673 	1
19674 	1
19675 	1
19683 	1
19684 	1
19686 	1
19689 	1
19691 	1
19695 	1
19696 	1
19702 	1
19706 	1
19707 	1
19709 	1
19713 	1
19714 	1
19718 	1
19721 	1
19723 	1
19725 	1
19727 	1
19730 	1
19732 	1
19733 	1
19735 	1
19736 	1
19737 	1
19738 	1
19739 	1
19740 	1
19749 	1
19750 	1
19754 	1
19757 	1
19759 	1
19761 	1
19762 	1
19766 	1
19769 	1
19770 	1
19778 	1
19779 	1
19781 	1
19782 	1
19784 	1
19788 	1
19790 	1
19791 	1
19792 	1
19794 	1
19803 	1
19804 	1
19805 	1
19807 	1
19808 	1
19810 	1
19811 	1
19813 	1
19814 	1
19816 	1
19817 	1
19818 	1
19822 	1
19824 	1
19825 	1
19826 	1
19830 	1
19832 	1
19834 	1
19836 	1
19843 	1
19844 	1
19857 	1
19860 	1
19861 	1
19864 	1
19865 	1
19868 	1
19871 	1
19872 	1
19876 	1
19877 	1
19878 	1
19887 	1
19893 	1
19894 	1
19895 	1
19896 	1
19898 	1
19901 	1
19904 	1
19908 	1
19909 	1
19910 	1
19912 	1
19914 	1
19919 	1
19920 	1
19922 	1
19923 	1
19924 	1
19928 	1
19929 	1
19930 	1
19934 	1
19939 	1
19940 	1
19947 	1
19951 	1
19955 	1
19956 	1
19959 	1
19960 	1
19961 	1
19962 	1
19969 	1
19970 	1
19971 	1
19972 	1
19973 	1
19974 	1
19978 	1
19979 	1
19980 	1
19982 	1
19984 	1
19990 	1
19991 	1
19992 	1
19993 	1
19994 	1
19995 	1
19997 	1
19999 	1
