Number of items 	Total Weight 	Total Profit 
1706 	498618.5 	114428.377389 


Total time: 0.0207262039185 s
Average time: 0.00518208742142 s
Last call: 2.14576721191e-06 s
Stamp 1 of the total: 0h 0m 0s 20ms 20726\u00B5s
Stamp 2 of the total: 00:00:00.0020
Pattern that ignores zeros:
20ms 20726\u00B5s
0020

Item    Fraction

1 	1
6 	1
9 	1
10 	1
11 	1
13 	1
19 	1
20 	1
22 	1
25 	1
28 	1
31 	1
32 	1
37 	1
39 	1
40 	1
42 	1
43 	1
44 	1
46 	1
47 	1
48 	1
51 	1
53 	1
55 	1
60 	1
61 	1
62 	1
64 	1
65 	1
66 	1
67 	1
69 	1
72 	1
73 	1
75 	1
77 	1
78 	1
84 	1
86 	1
88 	1
92 	1
94 	1
98 	1
100 	1
103 	1
104 	1
105 	1
106 	1
110 	1
114 	1
116 	1
120 	1
122 	1
123 	1
129 	1
130 	1
132 	1
133 	1
139 	1
140 	1
141 	1
142 	1
143 	1
147 	1
149 	1
150 	1
151 	1
159 	1
162 	1
163 	1
164 	1
167 	1
172 	1
176 	1
179 	1
180 	1
184 	1
185 	1
187 	1
188 	1
189 	1
190 	1
192 	1
193 	1
194 	1
195 	1
196 	1
197 	1
198 	1
200 	1
201 	1
202 	1
204 	1
208 	1
210 	1
214 	1
215 	1
217 	1
218 	1
220 	1
223 	1
224 	1
228 	1
229 	1
230 	1
232 	1
234 	1
235 	1
239 	1
241 	1
242 	1
244 	1
249 	1
252 	1
255 	1
256 	1
257 	1
258 	1
267 	1
269 	1
270 	1
272 	1
273 	1
274 	1
279 	1
281 	1
283 	1
284 	1
286 	1
288 	1
290 	1
292 	1
293 	1
295 	1
302 	1
307 	1
309 	1
311 	1
318 	1
319 	1
320 	1
323 	1
330 	1
331 	1
332 	1
333 	1
335 	1
337 	1
338 	1
339 	1
340 	1
345 	1
347 	1
349 	1
350 	1
352 	1
359 	1
361 	1
365 	1
367 	1
368 	1
371 	1
372 	1
373 	1
375 	1
378 	1
379 	1
380 	1
381 	1
383 	1
386 	1
389 	1
390 	1
392 	1
394 	1
398 	1
399 	1
400 	1
401 	1
405 	1
407 	1
408 	1
409 	1
410 	1
411 	1
412 	1
417 	1
422 	1
429 	1
433 	1
435 	1
437 	1
442 	1
443 	1
444 	1
445 	1
449 	1
450 	1
452 	1
453 	1
454 	1
456 	1
462 	1
463 	1
466 	1
467 	1
468 	1
469 	1
471 	1
477 	1
480 	1
482 	1
484 	1
490 	1
492 	1
495 	1
496 	1
501 	1
507 	1
508 	1
509 	1
512 	1
515 	1
516 	1
517 	1
518 	1
522 	1
524 	1
526 	1
532 	1
533 	1
536 	1
543 	1
547 	1
548 	1
549 	1
550 	1
551 	1
558 	1
559 	1
564 	1
568 	1
571 	1
577 	1
578 	1
580 	1
581 	1
585 	1
586 	1
587 	1
592 	1
595 	1
597 	1
599 	1
600 	1
602 	1
603 	1
605 	1
608 	1
614 	1
615 	1
617 	1
618 	1
620 	1
622 	1
625 	1
626 	1
627 	1
631 	1
635 	1
636 	1
638 	1
639 	1
640 	1
641 	1
643 	1
645 	1
647 	1
649 	1
650 	1
658 	1
661 	1
662 	1
665 	1
671 	1
672 	1
673 	1
675 	1
677 	1
679 	1
680 	1
682 	1
683 	1
684 	1
685 	1
687 	1
689 	1
692 	1
693 	1
698 	1
705 	1
710 	1
712 	1
713 	1
714 	1
715 	1
720 	1
721 	1
723 	1
724 	1
726 	1
727 	1
730 	1
731 	1
732 	1
733 	1
734 	1
737 	1
739 	1
740 	1
742 	1
743 	1
753 	1
758 	1
767 	1
768 	1
769 	1
770 	1
772 	1
773 	1
774 	1
778 	1
781 	1
782 	1
783 	1
784 	1
787 	1
788 	1
789 	1
798 	1
800 	1
802 	1
803 	1
804 	1
806 	1
808 	1
809 	1
810 	1
812 	1
819 	1
820 	1
821 	1
822 	1
824 	1
825 	1
827 	1
829 	1
830 	1
831 	1
835 	1
836 	1
843 	1
845 	1
846 	1
848 	1
850 	1
854 	1
855 	1
856 	1
858 	1
860 	1
863 	1
865 	1
866 	1
867 	1
868 	1
872 	1
873 	1
875 	1
877 	1
885 	1
886 	1
891 	1
892 	1
894 	1
896 	1
897 	1
900 	1
901 	1
903 	1
905 	1
911 	1
912 	1
914 	1
916 	1
921 	1
926 	1
927 	1
931 	1
934 	1
938 	1
942 	1
945 	1
948 	1
949 	1
953 	1
956 	1
957 	1
958 	1
964 	1
967 	1
969 	1
971 	1
972 	1
973 	1
983 	1
986 	1
987 	1
989 	1
994 	1
1001 	1
1005 	1
1006 	1
1009 	1
1011 	1
1012 	1
1015 	1
1021 	1
1022 	1
1025 	1
1026 	1
1032 	1
1037 	1
1038 	1
1039 	1
1040 	1
1044 	1
1045 	1
1047 	1
1049 	1
1050 	1
1051 	1
1053 	1
1054 	1
1056 	1
1060 	1
1063 	1
1065 	1
1067 	1
1068 	1
1070 	1
1071 	1
1072 	1
1073 	1
1074 	1
1076 	1
1078 	1
1082 	1
1085 	1
1088 	1
1089 	1
1093 	1
1096 	1
1102 	1
1104 	1
1108 	1
1111 	1
1112 	1
1114 	1
1115 	1
1118 	1
1119 	1
1120 	1
1124 	1
1125 	1
1127 	1
1131 	1
1133 	1
1136 	1
1138 	1
1141 	1
1144 	1
1147 	1
1153 	1
1154 	1
1156 	1
1157 	1
1158 	1
1159 	1
1161 	1
1162 	1
1163 	1
1166 	1
1170 	1
1171 	1
1172 	1
1173 	1
1174 	1
1175 	1
1178 	1
1180 	1
1182 	1
1186 	1
1187 	1
1193 	1
1194 	1
1195 	1
1199 	1
1202 	1
1206 	1
1207 	1
1208 	1
1211 	1
1212 	1
1213 	1
1216 	1
1217 	1
1219 	1
1222 	1
1224 	1
1225 	1
1227 	1
1228 	1
1229 	1
1231 	1
1234 	1
1235 	1
1237 	1
1238 	1
1239 	1
1243 	1
1249 	1
1255 	1
1257 	1
1263 	1
1268 	1
1271 	1
1273 	1
1274 	1
1275 	1
1279 	1
1280 	1
1281 	1
1282 	1
1286 	1
1287 	1
1289 	1
1290 	1
1293 	1
1296 	1
1297 	1
1298 	1
1301 	1
1302 	1
1303 	1
1304 	1
1305 	1
1306 	1
1307 	1
1308 	1
1310 	1
1311 	1
1313 	1
1314 	1
1316 	1
1317 	1
1320 	1
1322 	1
1326 	1
1328 	1
1329 	1
1331 	1
1334 	1
1338 	1
1339 	1
1343 	1
1345 	1
1346 	1
1347 	1
1348 	1
1351 	1
1354 	1
1357 	1
1358 	1
1362 	1
1363 	1
1367 	1
1371 	1
1372 	1
1373 	1
1376 	1
1380 	1
1381 	1
1382 	1
1383 	1
1385 	1
1387 	1
1388 	1
1390 	1
1395 	1
1401 	1
1402 	1
1409 	1
1410 	1
1413 	1
1414 	1
1421 	1
1422 	1
1428 	1
1433 	1
1437 	1
1439 	1
1441 	1
1443 	1
1444 	1
1445 	1
1447 	1
1448 	1
1450 	1
1458 	1
1459 	1
1465 	1
1471 	1
1472 	1
1475 	1
1478 	1
1481 	1
1486 	1
1487 	1
1491 	1
1493 	1
1495 	1
1499 	1
1500 	1
1502 	1
1507 	1
1511 	1
1521 	1
1523 	1
1524 	1
1528 	1
1529 	1
1531 	1
1532 	1
1533 	1
1538 	1
1539 	1
1544 	1
1547 	1
1549 	1
1550 	1
1551 	1
1554 	1
1557 	1
1561 	1
1562 	1
1563 	1
1565 	1
1566 	1
1567 	1
1569 	1
1573 	1
1576 	1
1578 	1
1582 	1
1587 	1
1590 	1
1597 	1
1599 	1
1601 	1
1602 	1
1603 	1
1605 	1
1608 	1
1611 	1
1615 	1
1620 	1
1623 	1
1624 	1
1625 	1
1626 	1
1639 	1
1644 	1
1648 	1
1652 	1
1653 	1
1654 	1
1656 	1
1657 	1
1658 	1
1659 	1
1665 	1
1667 	1
1668 	1
1670 	1
1671 	1
1672 	1
1673 	1
1674 	1
1675 	1
1676 	1
1680 	1
1681 	1
1683 	1
1685 	1
1687 	1
1691 	1
1692 	1
1693 	1
1695 	1
1699 	1
1700 	1
1703 	1
1708 	1
1710 	1
1711 	1
1713 	1
1714 	1
1717 	1
1718 	1
1720 	1
1721 	1
1722 	1
1723 	1
1726 	1
1727 	1
1729 	1
1730 	1
1731 	1
1737 	1
1738 	1
1739 	1
1740 	1
1742 	1
1746 	1
1749 	1
1751 	1
1753 	1
1754 	1
1755 	1
1760 	1
1762 	1
1763 	1
1765 	1
1767 	1
1768 	1
1778 	1
1782 	1
1784 	1
1786 	1
1791 	1
1792 	1
1795 	1
1796 	1
1797 	1
1799 	1
1801 	1
1802 	1
1803 	1
1806 	1
1807 	1
1809 	1
1810 	1
1814 	1
1816 	1
1817 	1
1818 	1
1821 	1
1822 	1
1823 	1
1828 	1
1830 	1
1832 	1
1834 	1
1836 	1
1837 	1
1842 	1
1844 	1
1853 	1
1857 	1
1858 	1
1859 	1
1862 	1
1863 	1
1868 	1
1870 	1
1872 	1
1873 	1
1875 	1
1876 	1
1880 	1
1882 	1
1890 	1
1891 	1
1892 	1
1893 	1
1896 	1
1898 	1
1899 	1
1903 	1
1904 	1
1907 	1
1908 	1
1909 	1
1914 	1
1915 	1
1917 	1
1918 	1
1919 	1
1921 	1
1923 	1
1925 	1
1929 	1
1931 	1
1932 	1
1935 	1
1936 	1
1937 	1
1938 	1
1939 	1
1940 	1
1941 	1
1944 	1
1949 	1
1950 	1
1951 	1
1953 	1
1955 	1
1958 	1
1961 	1
1963 	1
1965 	1
1967 	1
1972 	1
1976 	1
1978 	1
1981 	1
1988 	1
1990 	1
1991 	1
1992 	1
1993 	1
1995 	1
2000 	1
2002 	1
2006 	1
2009 	1
2011 	1
2013 	1
2016 	1
2018 	1
2026 	1
2029 	1
2030 	1
2031 	1
2033 	1
2035 	1
2038 	1
2041 	1
2042 	1
2048 	1
2050 	1
2051 	1
2053 	1
2055 	1
2056 	1
2057 	1
2059 	1
2061 	1
2062 	1
2064 	1
2065 	1
2067 	1
2070 	1
2071 	1
2072 	1
2076 	1
2080 	1
2081 	1
2085 	1
2086 	1
2087 	1
2088 	1
2089 	1
2094 	1
2095 	1
2096 	1
2097 	1
2100 	1
2103 	1
2107 	1
2108 	1
2109 	1
2110 	1
2114 	1
2120 	1
2122 	1
2124 	1
2128 	1
2139 	1
2140 	1
2147 	1
2149 	1
2152 	1
2154 	1
2155 	1
2156 	1
2157 	1
2158 	1
2160 	1
2161 	1
2162 	1
2164 	1
2165 	1
2168 	1
2169 	1
2172 	1
2173 	1
2177 	1
2178 	1
2180 	1
2182 	1
2183 	1
2185 	1
2186 	1
2193 	1
2194 	1
2202 	1
2203 	1
2207 	1
2209 	1
2210 	1
2213 	1
2218 	1
2221 	1
2222 	1
2224 	1
2226 	1
2228 	1
2229 	1
2230 	1
2234 	1
2243 	1
2244 	1
2246 	1
2248 	1
2249 	1
2252 	1
2253 	1
2256 	1
2258 	1
2259 	1
2262 	1
2264 	1
2266 	1
2267 	1
2268 	1
2273 	1
2276 	1
2280 	1
2281 	1
2282 	1
2283 	1
2285 	1
2287 	1
2299 	1
2300 	1
2301 	1
2305 	1
2309 	1
2311 	1
2313 	1
2317 	1
2318 	1
2324 	1
2325 	1
2327 	1
2328 	1
2335 	1
2337 	1
2338 	1
2339 	1
2340 	1
2342 	1
2343 	1
2345 	1
2347 	1
2348 	1
2351 	1
2352 	1
2353 	1
2358 	1
2360 	1
2363 	1
2368 	1
2370 	1
2374 	1
2375 	1
2376 	1
2379 	1
2381 	1
2384 	1
2385 	1
2386 	1
2390 	1
2391 	1
2392 	1
2395 	1
2399 	1
2400 	1
2401 	1
2403 	1
2404 	1
2406 	1
2409 	1
2410 	1
2412 	1
2416 	1
2417 	1
2419 	1
2420 	1
2422 	1
2424 	1
2426 	1
2427 	1
2430 	1
2435 	1
2441 	1
2442 	1
2443 	1
2444 	1
2446 	1
2449 	1
2451 	1
2453 	1
2454 	1
2457 	1
2458 	1
2459 	1
2460 	1
2463 	1
2465 	1
2466 	1
2468 	1
2471 	1
2472 	1
2476 	1
2477 	1
2478 	1
2479 	1
2480 	1
2483 	1
2485 	1
2486 	1
2489 	1
2493 	1
2494 	1
2496 	1
2498 	1
2499 	1
2500 	1
2501 	1
2505 	1
2507 	1
2508 	1
2509 	1
2512 	1
2516 	1
2518 	1
2521 	1
2522 	1
2527 	1
2529 	1
2530 	1
2532 	1
2533 	1
2544 	1
2545 	1
2549 	1
2554 	1
2559 	1
2560 	1
2561 	1
2565 	1
2566 	1
2567 	1
2568 	1
2572 	1
2574 	1
2575 	1
2576 	1
2577 	1
2580 	1
2581 	1
2582 	1
2588 	1
2592 	1
2593 	1
2594 	1
2596 	1
2599 	1
2600 	1
2601 	1
2602 	1
2603 	1
2607 	1
2613 	1
2616 	1
2617 	1
2618 	1
2623 	1
2624 	1
2628 	1
2630 	1
2631 	1
2633 	1
2634 	1
2635 	1
2636 	1
2637 	1
2638 	1
2639 	1
2640 	1
2641 	1
2643 	1
2644 	1
2646 	1
2647 	1
2652 	1
2653 	1
2656 	1
2660 	1
2661 	1
2664 	1
2666 	1
2671 	1
2676 	1
2677 	1
2682 	1
2683 	1
2687 	1
2688 	1
2689 	1
2690 	1
2693 	1
2694 	1
2698 	1
2700 	1
2701 	1
2708 	1
2710 	1
2712 	1
2713 	1
2714 	1
2717 	1
2718 	1
2721 	1
2722 	1
2723 	1
2724 	1
2725 	1
2728 	1
2729 	1
2732 	1
2736 	1
2738 	1
2741 	1
2743 	1
2747 	1
2749 	1
2751 	1
2754 	1
2759 	1
2761 	1
2765 	1
2768 	1
2783 	1
2784 	1
2787 	1
2788 	1
2791 	1
2796 	1
2806 	1
2808 	1
2811 	1
2812 	1
2813 	1
2818 	1
2820 	1
2821 	1
2822 	1
2823 	1
2826 	1
2828 	1
2832 	1
2834 	1
2835 	1
2836 	1
2837 	1
2840 	1
2842 	1
2843 	1
2847 	1
2848 	1
2856 	1
2858 	1
2859 	1
2860 	1
2866 	1
2871 	1
2875 	1
2881 	1
2886 	1
2888 	1
2890 	1
2891 	1
2894 	1
2895 	1
2899 	1
2900 	1
2902 	1
2907 	1
2908 	1
2913 	1
2915 	1
2916 	1
2918 	1
2921 	1
2922 	1
2924 	1
2927 	1
2928 	1
2929 	1
2930 	1
2932 	1
2936 	1
2939 	1
2941 	1
2944 	1
2945 	1
2947 	1
2951 	1
2954 	1
2955 	1
2956 	1
2957 	1
2960 	1
2963 	1
2964 	1
2966 	1
2967 	1
2968 	1
2969 	1
2971 	1
2974 	1
2977 	1
2978 	1
2981 	1
2985 	1
2986 	1
2988 	1
2989 	1
2992 	1
2997 	1
2998 	1
2999 	1
3003 	1
3004 	1
3012 	1
3013 	1
3014 	1
3015 	1
3018 	1
3020 	1
3021 	1
3022 	1
3025 	1
3026 	1
3027 	1
3031 	1
3032 	1
3033 	1
3041 	1
3043 	1
3044 	1
3045 	1
3047 	1
3048 	1
3050 	1
3053 	1
3056 	1
3060 	1
3061 	1
3064 	1
3067 	1
3068 	1
3069 	1
3073 	1
3075 	1
3076 	1
3077 	1
3078 	1
3079 	1
3080 	1
3081 	1
3084 	1
3085 	1
3086 	1
3087 	1
3090 	1
3091 	1
3092 	1
3093 	1
3095 	1
3099 	1
3100 	1
3102 	1
3103 	1
3104 	1
3105 	1
3106 	1
3107 	1
3108 	1
3110 	1
3115 	1
3117 	1
3118 	1
3122 	1
3123 	1
3124 	1
3126 	1
3127 	1
3133 	1
3135 	1
3136 	1
3138 	1
3139 	1
3140 	1
3143 	1
3144 	1
3146 	1
3147 	1
3152 	1
3154 	1
3158 	1
3162 	1
3164 	1
3165 	1
3167 	1
3168 	1
3169 	1
3171 	1
3172 	1
3175 	1
3176 	1
3178 	1
3181 	1
3185 	1
3188 	1
3190 	1
3191 	1
3193 	1
3197 	1
3198 	1
3200 	1
3201 	1
3202 	1
3204 	1
3205 	1
3207 	1
3209 	1
3210 	1
3212 	1
3213 	1
3216 	1
3217 	1
3218 	1
3219 	1
3220 	1
3222 	1
3223 	1
3224 	1
3225 	1
3226 	1
3227 	1
3228 	1
3231 	1
3232 	1
3233 	1
3238 	1
3239 	1
3242 	1
3243 	1
3244 	1
3245 	1
3254 	1
3255 	1
3257 	1
3263 	1
3264 	1
3265 	1
3267 	1
3268 	1
3269 	1
3270 	1
3271 	1
3273 	1
3275 	1
3282 	1
3284 	1
3288 	1
3289 	1
3290 	1
3291 	1
3292 	1
3293 	1
3297 	1
3300 	1
3301 	1
3302 	1
3304 	1
3306 	1
3307 	1
3308 	1
3309 	1
3310 	1
3311 	1
3312 	1
3314 	1
3315 	1
3316 	1
3318 	1
3319 	1
3320 	1
3321 	1
3323 	1
3325 	1
3326 	1
3328 	1
3330 	1
3333 	1
3335 	1
3336 	1
3338 	1
3340 	1
3347 	1
3348 	1
3349 	1
3350 	1
3351 	1
3352 	1
3353 	1
3354 	1
3355 	1
3356 	1
3357 	1
3361 	1
3363 	1
3364 	1
3365 	1
3366 	1
3367 	1
3371 	1
3373 	1
3374 	1
3376 	1
3380 	1
3381 	1
3382 	1
3383 	1
3384 	1
3391 	1
3393 	1
3396 	1
3397 	1
3403 	1
3405 	1
3407 	1
3414 	1
3416 	1
3418 	1
3420 	1
3421 	1
3424 	1
3425 	1
3426 	1
3428 	1
3433 	1
3434 	1
3435 	1
3436 	1
3437 	1
3439 	1
3441 	1
3442 	1
3449 	1
3450 	1
3452 	1
3453 	1
3454 	1
3462 	1
3463 	1
3465 	1
3466 	1
3467 	1
3468 	1
3469 	1
3473 	1
3475 	1
3476 	1
3478 	1
3481 	1
3483 	1
3485 	1
3489 	1
3491 	1
3496 	1
3497 	1
3501 	1
3502 	1
3504 	1
3505 	1
3507 	1
3512 	1
3513 	1
3515 	1
3516 	1
3518 	1
3519 	1
3520 	1
3521 	1
3522 	1
3524 	1
3532 	1
3533 	1
3535 	1
3536 	1
3537 	1
3538 	1
3539 	1
3542 	1
3543 	1
3545 	1
3546 	1
3547 	1
3552 	1
3553 	1
3556 	1
3558 	1
3559 	1
3560 	1
3561 	1
3566 	1
3567 	1
3573 	1
3579 	1
3580 	1
3581 	1
3582 	1
3585 	1
3586 	1
3587 	1
3591 	1
3597 	1
3598 	1
3599 	1
3600 	1
3603 	1
3604 	1
3607 	1
3608 	1
3609 	1
3612 	1
3613 	1
3614 	1
3620 	1
3623 	1
3626 	1
3627 	1
3633 	1
3636 	1
3638 	1
3639 	1
3640 	1
3641 	1
3642 	1
3647 	1
3649 	1
3651 	1
3655 	1
3656 	1
3657 	1
3661 	1
3664 	1
3665 	1
3667 	1
3668 	1
3669 	1
3671 	1
3673 	1
3674 	1
3675 	1
3676 	1
3677 	1
3678 	1
3680 	1
3681 	1
3683 	1
3684 	1
3687 	1
3688 	1
3689 	1
3690 	1
3692 	1
3693 	1
3694 	1
3695 	1
3701 	1
3702 	1
3703 	1
3705 	1
3706 	1
3709 	1
3716 	1
3717 	1
3718 	1
3719 	1
3721 	1
3729 	1
3731 	1
3738 	1
3739 	1
3740 	1
3741 	1
3742 	1
3750 	1
3751 	1
3752 	1
3753 	1
3754 	1
3755 	1
3756 	1
3760 	1
3762 	1
3768 	1
3770 	1
3771 	1
3773 	1
3775 	1
3778 	1
3780 	1
3783 	1
3785 	1
3786 	1
3788 	1
3790 	1
3792 	1
3793 	1
3794 	1
3796 	1
3797 	1
3800 	1
3801 	1
3804 	1
3807 	1
3809 	1
3810 	1
3811 	1
3812 	1
3813 	1
3815 	1
3818 	1
3819 	1
3821 	1
3822 	1
3823 	1
3826 	1
3827 	1
3828 	1
3830 	1
3832 	1
3834 	1
3835 	1
3840 	1
3842 	1
3843 	1
3848 	1
3850 	1
3851 	1
3852 	1
3854 	1
3857 	1
3859 	1
3861 	1
3862 	1
3866 	1
3867 	1
3868 	1
3869 	1
3872 	1
3874 	1
3875 	1
3882 	1
3884 	1
3885 	0.141719745223
