Number of items 	Total Weight 	Total Profit 
7230 	2377306.25 	489307.404936 


Total time: 0.134525060654 s
Average time: 0.033632516861 s
Last call: 5.00679016113e-06 s
Stamp 1 of the total: 0h 0m 0s 134ms 134525\u00B5s
Stamp 2 of the total: 00:00:00.0134
Pattern that ignores zeros:
134ms 134525\u00B5s
0134

Item    Fraction

2 	1
3 	1
4 	1
5 	1
7 	1
11 	1
13 	1
15 	1
17 	1
18 	1
19 	1
23 	1
24 	1
25 	1
26 	1
27 	1
28 	1
29 	1
30 	1
31 	1
33 	1
34 	1
35 	1
36 	1
37 	1
38 	1
41 	1
44 	1
47 	1
48 	1
50 	1
57 	1
59 	1
62 	1
63 	1
64 	1
65 	1
66 	1
67 	1
68 	1
69 	1
70 	1
71 	1
72 	1
74 	1
78 	1
81 	1
83 	1
85 	1
86 	1
90 	1
91 	1
94 	1
95 	1
98 	1
99 	1
101 	1
104 	1
105 	1
108 	1
112 	1
118 	1
123 	1
124 	1
125 	1
126 	1
127 	1
130 	1
132 	1
133 	1
134 	1
138 	1
139 	1
143 	1
146 	1
148 	1
149 	1
153 	1
155 	1
156 	1
157 	1
158 	1
162 	1
172 	1
173 	1
177 	1
180 	1
181 	1
182 	1
183 	1
188 	1
189 	1
190 	1
193 	1
196 	1
198 	1
199 	1
200 	1
202 	1
203 	1
204 	1
205 	1
212 	1
214 	1
217 	1
218 	1
219 	1
220 	1
221 	1
223 	1
224 	1
227 	1
229 	1
230 	1
231 	1
232 	1
237 	1
240 	1
241 	1
243 	1
246 	1
248 	1
251 	1
252 	1
253 	1
254 	1
255 	1
256 	1
258 	1
262 	1
263 	1
264 	1
265 	1
271 	1
273 	1
275 	1
276 	1
278 	1
280 	1
281 	1
282 	1
284 	1
286 	1
289 	1
294 	1
295 	1
296 	1
298 	1
299 	1
300 	1
303 	1
306 	1
307 	1
308 	1
311 	1
312 	1
315 	1
316 	1
318 	1
319 	1
320 	1
324 	1
325 	1
328 	1
329 	1
335 	1
337 	1
338 	1
339 	1
340 	1
341 	1
343 	1
344 	1
345 	1
346 	1
348 	1
349 	1
350 	1
351 	1
353 	1
355 	1
356 	1
358 	1
359 	1
361 	1
363 	1
364 	1
365 	1
367 	1
368 	1
369 	1
374 	1
375 	1
376 	1
377 	1
379 	1
380 	1
384 	1
386 	1
387 	1
392 	1
393 	1
396 	1
398 	1
399 	1
400 	1
402 	1
405 	1
406 	1
407 	1
409 	1
412 	1
415 	1
417 	1
420 	1
421 	1
422 	1
423 	1
427 	1
430 	1
431 	1
433 	1
437 	1
439 	1
441 	1
444 	1
448 	1
450 	1
452 	1
457 	1
459 	1
464 	1
465 	1
468 	1
472 	1
474 	1
478 	1
480 	1
481 	1
482 	1
483 	1
486 	1
489 	1
494 	1
495 	1
496 	1
498 	1
499 	1
500 	1
501 	1
503 	1
504 	1
506 	1
507 	1
508 	1
510 	1
511 	1
512 	1
515 	1
516 	1
524 	1
525 	1
527 	1
529 	1
531 	1
537 	1
540 	1
542 	1
543 	1
545 	1
546 	1
547 	1
548 	1
549 	1
550 	1
553 	1
557 	1
558 	1
559 	1
560 	1
561 	1
562 	1
563 	1
566 	1
567 	1
568 	1
569 	1
570 	1
571 	1
573 	1
574 	1
576 	1
578 	1
580 	1
582 	1
585 	1
586 	1
588 	1
590 	1
593 	1
596 	1
597 	1
598 	1
600 	1
601 	1
602 	1
603 	1
604 	1
608 	1
609 	1
615 	1
618 	1
619 	1
620 	1
622 	1
626 	1
628 	1
629 	1
630 	1
631 	1
633 	1
635 	1
643 	1
644 	1
645 	1
647 	1
649 	1
652 	1
653 	1
654 	1
659 	1
663 	1
665 	1
668 	1
671 	1
672 	1
673 	1
674 	1
675 	1
676 	1
677 	1
678 	1
679 	1
681 	1
682 	1
686 	1
687 	1
688 	1
691 	1
692 	1
695 	1
704 	1
705 	1
706 	1
708 	1
711 	1
714 	1
715 	1
721 	1
722 	1
724 	1
727 	1
728 	1
729 	1
731 	1
743 	1
744 	1
746 	1
747 	1
749 	1
752 	1
756 	1
758 	1
759 	1
760 	1
761 	1
763 	1
764 	1
767 	1
769 	1
770 	1
772 	1
774 	1
777 	1
779 	1
781 	1
785 	1
786 	1
787 	1
788 	1
791 	1
792 	1
794 	1
796 	1
798 	1
799 	1
801 	1
803 	1
804 	1
807 	1
808 	1
809 	1
813 	1
817 	1
818 	1
823 	1
826 	1
828 	1
830 	1
831 	1
833 	1
834 	1
835 	1
836 	1
837 	1
838 	1
839 	1
840 	1
841 	1
844 	1
845 	1
848 	1
849 	1
850 	1
851 	1
852 	1
854 	1
855 	1
858 	1
861 	1
862 	1
866 	1
868 	1
869 	1
870 	1
871 	1
873 	1
874 	1
875 	1
879 	1
880 	1
881 	1
882 	1
883 	1
884 	1
885 	1
887 	1
889 	1
890 	1
891 	1
894 	1
895 	1
896 	1
897 	1
898 	1
900 	1
903 	1
904 	1
905 	1
908 	1
910 	1
912 	1
914 	1
916 	1
919 	1
920 	1
922 	1
928 	1
929 	1
930 	1
933 	1
934 	1
937 	1
939 	1
940 	1
941 	1
946 	1
948 	1
949 	1
951 	1
954 	1
960 	1
961 	1
962 	1
965 	1
966 	1
967 	1
969 	1
970 	1
971 	1
975 	1
979 	1
980 	1
981 	1
984 	1
985 	1
986 	1
989 	1
990 	1
991 	1
993 	1
994 	1
995 	1
996 	1
997 	1
998 	1
1004 	1
1005 	1
1008 	1
1010 	1
1011 	1
1013 	1
1014 	1
1015 	1
1016 	1
1017 	1
1018 	1
1019 	1
1021 	1
1023 	1
1025 	1
1026 	1
1028 	1
1029 	1
1030 	1
1034 	1
1035 	1
1040 	1
1041 	1
1042 	1
1043 	1
1044 	1
1045 	1
1046 	1
1054 	1
1055 	1
1059 	1
1060 	1
1062 	1
1068 	1
1069 	1
1071 	1
1072 	1
1075 	1
1086 	1
1087 	1
1089 	1
1091 	1
1092 	1
1094 	1
1097 	1
1098 	1
1099 	1
1101 	1
1102 	1
1104 	1
1105 	1
1107 	1
1110 	1
1111 	1
1112 	1
1113 	1
1114 	1
1117 	1
1120 	1
1123 	1
1124 	1
1126 	1
1128 	1
1129 	1
1131 	1
1132 	1
1133 	1
1134 	1
1135 	1
1138 	1
1139 	1
1140 	1
1143 	1
1145 	1
1147 	1
1150 	1
1151 	1
1155 	1
1159 	1
1160 	1
1161 	1
1162 	1
1167 	1
1170 	1
1172 	1
1174 	1
1178 	1
1179 	1
1182 	1
1185 	1
1186 	1
1188 	1
1189 	1
1190 	1
1193 	1
1194 	1
1199 	1
1203 	1
1204 	1
1207 	1
1208 	1
1210 	1
1212 	1
1215 	1
1218 	1
1220 	1
1221 	1
1222 	1
1224 	1
1225 	1
1226 	1
1227 	1
1229 	1
1230 	1
1231 	1
1232 	1
1233 	1
1236 	1
1237 	1
1241 	1
1242 	1
1247 	1
1248 	1
1249 	1
1253 	1
1257 	1
1264 	1
1269 	1
1271 	1
1272 	1
1273 	1
1274 	1
1276 	1
1279 	1
1282 	1
1285 	1
1287 	1
1288 	1
1291 	1
1295 	1
1300 	1
1302 	1
1304 	1
1305 	1
1308 	1
1314 	1
1315 	1
1318 	1
1320 	1
1322 	1
1323 	1
1325 	1
1326 	1
1328 	1
1330 	1
1331 	1
1332 	1
1333 	1
1334 	1
1336 	1
1338 	1
1340 	1
1346 	1
1347 	1
1349 	1
1352 	1
1353 	1
1354 	1
1355 	1
1356 	1
1357 	1
1358 	1
1359 	1
1361 	1
1364 	1
1365 	1
1367 	1
1368 	1
1370 	1
1371 	1
1373 	1
1375 	1
1377 	1
1379 	1
1380 	1
1383 	1
1385 	1
1389 	1
1393 	1
1394 	1
1395 	1
1396 	1
1397 	1
1400 	1
1401 	1
1403 	1
1406 	1
1408 	1
1410 	1
1415 	1
1418 	1
1419 	1
1420 	1
1421 	1
1422 	1
1423 	1
1425 	1
1427 	1
1428 	1
1429 	1
1430 	1
1431 	1
1433 	1
1435 	1
1437 	1
1442 	1
1445 	1
1446 	1
1451 	1
1454 	1
1457 	1
1459 	1
1460 	1
1463 	1
1465 	1
1468 	1
1469 	1
1471 	1
1472 	1
1473 	1
1474 	1
1476 	1
1479 	1
1480 	1
1483 	1
1485 	1
1487 	1
1488 	1
1491 	1
1492 	1
1493 	1
1495 	1
1497 	1
1498 	1
1501 	1
1503 	1
1505 	1
1506 	1
1510 	1
1511 	1
1512 	1
1513 	1
1514 	1
1515 	1
1516 	1
1519 	1
1520 	1
1521 	1
1526 	1
1528 	1
1531 	1
1532 	1
1536 	1
1537 	1
1541 	1
1543 	1
1545 	1
1546 	1
1549 	1
1550 	1
1551 	1
1553 	1
1554 	1
1556 	1
1557 	1
1559 	1
1562 	1
1563 	1
1564 	1
1567 	1
1570 	1
1571 	1
1572 	1
1583 	1
1584 	1
1585 	1
1586 	1
1588 	1
1589 	1
1592 	1
1595 	1
1596 	1
1597 	1
1599 	1
1601 	1
1605 	1
1606 	1
1607 	1
1608 	1
1609 	1
1612 	1
1615 	1
1618 	1
1621 	1
1623 	1
1627 	1
1629 	1
1630 	1
1632 	1
1633 	1
1634 	1
1636 	1
1637 	1
1638 	1
1639 	1
1641 	1
1643 	1
1647 	1
1648 	1
1649 	1
1650 	1
1652 	1
1657 	1
1659 	1
1660 	1
1661 	1
1663 	1
1664 	1
1665 	1
1667 	1
1668 	1
1670 	1
1672 	1
1673 	1
1674 	1
1676 	1
1677 	1
1679 	1
1682 	1
1683 	1
1684 	1
1691 	1
1695 	1
1696 	1
1697 	1
1698 	1
1700 	1
1701 	1
1702 	1
1705 	1
1707 	1
1710 	1
1712 	1
1713 	1
1715 	1
1719 	1
1720 	1
1721 	1
1722 	1
1724 	1
1725 	1
1726 	1
1727 	1
1729 	1
1730 	1
1737 	1
1740 	1
1741 	1
1748 	1
1750 	1
1751 	1
1755 	1
1756 	1
1758 	1
1759 	1
1765 	1
1769 	1
1770 	1
1771 	1
1773 	1
1774 	1
1775 	1
1776 	1
1778 	1
1782 	1
1785 	1
1786 	1
1787 	1
1791 	1
1792 	1
1794 	1
1799 	1
1800 	1
1801 	1
1802 	1
1804 	1
1808 	1
1809 	1
1811 	1
1812 	1
1814 	1
1815 	1
1824 	1
1825 	1
1826 	1
1827 	1
1828 	1
1830 	1
1833 	1
1836 	1
1838 	1
1840 	1
1841 	1
1843 	1
1844 	1
1845 	1
1846 	1
1847 	1
1848 	1
1849 	1
1850 	1
1852 	1
1853 	1
1854 	1
1855 	1
1857 	1
1859 	1
1862 	1
1865 	1
1866 	1
1872 	1
1873 	1
1874 	1
1879 	1
1882 	1
1884 	1
1885 	1
1890 	1
1892 	1
1899 	1
1905 	1
1907 	1
1908 	1
1910 	1
1914 	1
1918 	1
1920 	1
1921 	1
1922 	1
1925 	1
1927 	1
1930 	1
1931 	1
1933 	1
1934 	1
1937 	1
1938 	1
1939 	1
1941 	1
1942 	1
1943 	1
1949 	1
1950 	1
1951 	1
1959 	1
1960 	1
1964 	1
1965 	1
1966 	1
1967 	1
1969 	1
1970 	1
1971 	1
1972 	1
1973 	1
1974 	1
1975 	1
1976 	1
1978 	1
1979 	1
1981 	1
1986 	1
1987 	1
1988 	1
1989 	1
1990 	1
1991 	1
1992 	1
1993 	1
1994 	1
1998 	1
1999 	1
2007 	1
2008 	1
2009 	1
2014 	1
2016 	1
2019 	1
2020 	1
2023 	1
2024 	1
2026 	1
2031 	1
2036 	1
2037 	1
2038 	1
2040 	1
2041 	1
2046 	1
2048 	1
2051 	1
2052 	1
2058 	1
2059 	1
2061 	1
2062 	1
2065 	1
2067 	1
2068 	1
2071 	1
2074 	1
2076 	1
2077 	1
2078 	1
2079 	1
2083 	1
2084 	1
2085 	1
2087 	1
2089 	1
2090 	1
2091 	1
2092 	1
2094 	1
2097 	1
2099 	1
2103 	1
2106 	1
2107 	1
2111 	1
2112 	1
2115 	1
2116 	1
2117 	1
2118 	1
2119 	1
2120 	1
2121 	1
2122 	1
2126 	1
2128 	1
2129 	1
2131 	1
2133 	1
2134 	1
2135 	1
2139 	1
2140 	1
2141 	1
2142 	1
2144 	1
2145 	1
2147 	1
2148 	1
2149 	1
2151 	1
2153 	1
2155 	1
2159 	1
2162 	1
2164 	1
2165 	1
2169 	1
2172 	1
2173 	1
2174 	1
2175 	1
2176 	1
2177 	1
2178 	1
2181 	1
2182 	1
2184 	1
2185 	1
2186 	1
2187 	1
2189 	1
2190 	1
2194 	1
2200 	1
2201 	1
2205 	1
2207 	1
2211 	1
2212 	1
2214 	1
2216 	1
2218 	1
2220 	1
2223 	1
2224 	1
2226 	1
2228 	1
2230 	1
2232 	1
2234 	1
2235 	1
2237 	1
2242 	1
2243 	1
2244 	1
2245 	1
2246 	1
2247 	1
2249 	1
2251 	1
2256 	1
2259 	1
2260 	1
2263 	1
2264 	1
2265 	1
2266 	1
2269 	1
2270 	1
2274 	1
2275 	1
2276 	1
2277 	1
2281 	1
2282 	1
2287 	1
2289 	1
2291 	1
2295 	1
2296 	1
2297 	1
2298 	1
2301 	1
2302 	1
2304 	1
2306 	1
2307 	1
2308 	1
2312 	1
2314 	1
2318 	1
2322 	1
2323 	1
2324 	1
2326 	1
2328 	1
2329 	1
2337 	1
2338 	1
2339 	1
2340 	1
2344 	1
2349 	1
2350 	1
2354 	1
2355 	1
2359 	1
2360 	1
2361 	1
2362 	1
2364 	1
2368 	1
2370 	1
2374 	1
2375 	1
2376 	1
2377 	1
2378 	1
2380 	1
2381 	1
2384 	1
2386 	1
2390 	1
2391 	1
2392 	1
2393 	1
2394 	1
2395 	1
2401 	1
2402 	1
2404 	1
2408 	1
2409 	1
2410 	1
2411 	1
2413 	1
2416 	1
2418 	1
2420 	1
2422 	1
2423 	1
2427 	1
2429 	1
2431 	1
2432 	1
2434 	1
2435 	1
2437 	1
2438 	1
2439 	1
2440 	1
2441 	1
2446 	1
2447 	1
2449 	1
2450 	1
2451 	1
2453 	1
2454 	1
2455 	1
2458 	1
2459 	1
2460 	1
2465 	1
2466 	1
2467 	1
2469 	1
2476 	1
2479 	1
2483 	1
2489 	1
2490 	1
2492 	1
2494 	1
2495 	1
2498 	1
2503 	1
2505 	1
2506 	1
2509 	1
2510 	1
2513 	1
2514 	1
2515 	1
2523 	1
2527 	1
2528 	1
2531 	1
2532 	1
2533 	1
2534 	1
2536 	1
2537 	1
2541 	1
2542 	1
2543 	1
2545 	1
2546 	1
2547 	1
2548 	1
2549 	1
2550 	1
2553 	1
2555 	1
2556 	1
2557 	1
2559 	1
2561 	1
2562 	1
2564 	1
2566 	1
2569 	1
2571 	1
2572 	1
2573 	1
2575 	1
2577 	1
2580 	1
2584 	1
2589 	1
2593 	1
2595 	1
2596 	1
2597 	1
2598 	1
2599 	1
2602 	1
2605 	1
2606 	1
2607 	1
2608 	1
2609 	1
2610 	1
2612 	1
2614 	1
2615 	1
2616 	1
2617 	1
2618 	1
2620 	1
2623 	1
2627 	1
2628 	1
2629 	1
2631 	1
2633 	1
2635 	1
2636 	1
2638 	1
2640 	1
2647 	1
2650 	1
2651 	1
2654 	1
2659 	1
2661 	1
2662 	1
2663 	1
2666 	1
2669 	1
2670 	1
2672 	1
2675 	1
2677 	1
2681 	1
2682 	1
2683 	1
2686 	1
2687 	1
2690 	1
2693 	1
2694 	1
2695 	1
2696 	1
2699 	1
2701 	1
2706 	1
2707 	1
2709 	1
2710 	1
2714 	1
2717 	1
2719 	1
2720 	1
2721 	1
2726 	1
2732 	1
2737 	1
2738 	1
2739 	1
2743 	1
2744 	1
2745 	1
2746 	1
2747 	1
2749 	1
2752 	1
2753 	1
2755 	1
2756 	1
2758 	1
2760 	1
2761 	1
2762 	1
2764 	1
2765 	1
2766 	1
2768 	1
2769 	1
2770 	1
2773 	1
2774 	1
2775 	1
2781 	1
2785 	1
2786 	1
2788 	1
2790 	1
2796 	1
2798 	1
2799 	1
2801 	1
2802 	1
2807 	1
2808 	1
2813 	1
2814 	1
2815 	1
2817 	1
2818 	1
2819 	1
2820 	1
2822 	1
2824 	1
2826 	1
2829 	1
2830 	1
2831 	1
2833 	1
2834 	1
2835 	1
2838 	1
2839 	1
2841 	1
2842 	1
2849 	1
2852 	1
2855 	1
2856 	1
2861 	1
2864 	1
2865 	1
2867 	1
2869 	1
2870 	1
2874 	1
2875 	1
2878 	1
2879 	1
2881 	1
2883 	1
2885 	1
2888 	1
2892 	1
2894 	1
2896 	1
2898 	1
2899 	1
2902 	1
2903 	1
2906 	1
2907 	1
2909 	1
2910 	1
2913 	1
2914 	1
2919 	1
2920 	1
2921 	1
2922 	1
2923 	1
2925 	1
2926 	1
2929 	1
2931 	1
2938 	1
2943 	1
2945 	1
2946 	1
2947 	1
2949 	1
2951 	1
2952 	1
2953 	1
2959 	1
2961 	1
2962 	1
2963 	1
2964 	1
2966 	1
2969 	1
2973 	1
2974 	1
2975 	1
2976 	1
2978 	1
2983 	1
2985 	1
2986 	1
2989 	1
2990 	1
2992 	1
2995 	1
2996 	1
2999 	1
3005 	1
3007 	1
3010 	1
3012 	1
3013 	1
3014 	1
3016 	1
3018 	1
3020 	1
3024 	1
3025 	1
3026 	1
3029 	1
3031 	1
3033 	1
3034 	1
3037 	1
3038 	1
3039 	1
3044 	1
3045 	1
3047 	1
3050 	1
3051 	1
3053 	1
3054 	1
3056 	1
3057 	1
3061 	1
3064 	1
3070 	1
3071 	1
3073 	1
3074 	1
3076 	1
3077 	1
3078 	1
3079 	1
3082 	1
3084 	1
3085 	1
3087 	1
3089 	1
3099 	1
3100 	1
3101 	1
3104 	1
3105 	1
3110 	1
3112 	1
3114 	1
3115 	1
3116 	1
3118 	1
3121 	1
3122 	1
3123 	1
3124 	1
3125 	1
3126 	1
3127 	1
3129 	1
3131 	1
3133 	1
3138 	1
3140 	1
3141 	1
3142 	1
3144 	1
3145 	1
3146 	1
3156 	1
3157 	1
3161 	1
3168 	1
3169 	1
3170 	1
3173 	1
3175 	1
3176 	1
3179 	1
3180 	1
3181 	1
3183 	1
3184 	1
3185 	1
3186 	1
3188 	1
3189 	1
3190 	1
3195 	1
3197 	1
3198 	1
3199 	1
3200 	1
3202 	1
3203 	1
3208 	1
3210 	1
3211 	1
3213 	1
3215 	1
3218 	1
3219 	1
3222 	1
3223 	1
3225 	1
3230 	1
3232 	1
3235 	1
3236 	1
3237 	1
3242 	1
3244 	1
3246 	1
3247 	1
3248 	1
3251 	1
3253 	1
3255 	1
3256 	1
3261 	1
3264 	1
3265 	1
3267 	1
3268 	1
3270 	1
3271 	1
3272 	1
3273 	1
3274 	1
3276 	1
3277 	1
3280 	1
3286 	1
3287 	1
3290 	1
3291 	1
3292 	1
3293 	1
3294 	1
3295 	1
3297 	1
3298 	1
3299 	1
3300 	1
3303 	1
3304 	1
3305 	1
3308 	1
3309 	1
3312 	1
3314 	1
3316 	1
3317 	1
3319 	1
3322 	1
3323 	1
3324 	1
3325 	1
3327 	1
3331 	1
3335 	1
3336 	1
3338 	1
3339 	1
3340 	1
3341 	1
3343 	1
3344 	1
3345 	1
3347 	1
3348 	1
3349 	1
3352 	1
3353 	1
3354 	1
3356 	1
3358 	1
3360 	1
3362 	1
3363 	1
3365 	1
3366 	1
3370 	1
3371 	1
3372 	1
3373 	1
3375 	1
3377 	1
3378 	1
3379 	1
3380 	1
3382 	1
3384 	1
3386 	1
3388 	1
3392 	1
3399 	1
3403 	1
3406 	1
3408 	1
3409 	1
3412 	1
3415 	1
3416 	1
3419 	1
3422 	1
3425 	1
3428 	1
3430 	1
3432 	1
3433 	1
3434 	1
3435 	1
3436 	1
3438 	1
3440 	1
3449 	1
3450 	1
3451 	1
3452 	1
3453 	1
3455 	1
3461 	1
3462 	1
3463 	1
3464 	1
3465 	1
3466 	1
3467 	1
3468 	1
3469 	1
3470 	1
3473 	1
3475 	1
3478 	1
3481 	1
3482 	1
3492 	1
3493 	1
3494 	1
3495 	1
3496 	1
3497 	1
3501 	1
3502 	1
3503 	1
3504 	1
3506 	1
3507 	1
3508 	1
3509 	1
3510 	1
3513 	1
3514 	1
3515 	1
3516 	1
3517 	1
3518 	1
3522 	1
3524 	1
3526 	1
3530 	1
3531 	1
3533 	1
3538 	1
3539 	1
3541 	1
3542 	1
3548 	1
3550 	1
3552 	1
3553 	1
3556 	1
3557 	1
3560 	1
3566 	1
3567 	1
3573 	1
3576 	1
3577 	1
3580 	1
3581 	1
3582 	1
3587 	1
3589 	1
3590 	1
3591 	1
3592 	1
3595 	1
3602 	1
3604 	1
3609 	1
3610 	1
3611 	1
3612 	1
3616 	1
3624 	1
3625 	1
3626 	1
3627 	1
3628 	1
3629 	1
3631 	1
3634 	1
3635 	1
3640 	1
3645 	1
3646 	1
3651 	1
3652 	1
3653 	1
3657 	1
3658 	1
3659 	1
3660 	1
3663 	1
3664 	1
3669 	1
3670 	1
3672 	1
3673 	1
3674 	1
3675 	1
3679 	1
3683 	1
3684 	1
3685 	1
3686 	1
3688 	1
3689 	1
3692 	1
3693 	1
3696 	1
3697 	1
3698 	1
3699 	1
3700 	1
3706 	1
3707 	1
3709 	1
3713 	1
3717 	1
3718 	1
3719 	1
3725 	1
3726 	1
3727 	1
3728 	1
3729 	1
3730 	1
3731 	1
3732 	1
3733 	1
3735 	1
3736 	1
3739 	1
3742 	1
3744 	1
3745 	1
3746 	1
3748 	1
3749 	1
3750 	1
3751 	1
3753 	1
3754 	1
3760 	1
3761 	1
3762 	1
3765 	1
3766 	1
3767 	1
3768 	1
3769 	1
3772 	1
3773 	1
3775 	1
3776 	1
3777 	1
3778 	1
3780 	1
3782 	1
3783 	1
3784 	1
3785 	1
3789 	1
3790 	1
3793 	1
3794 	1
3795 	1
3797 	1
3800 	1
3801 	1
3803 	1
3804 	1
3811 	1
3812 	1
3814 	1
3818 	1
3821 	1
3823 	1
3824 	1
3826 	1
3827 	1
3830 	1
3833 	1
3835 	1
3836 	1
3837 	1
3842 	1
3843 	1
3846 	1
3847 	1
3850 	1
3852 	1
3853 	1
3854 	1
3855 	1
3859 	1
3861 	1
3863 	1
3868 	1
3869 	1
3870 	1
3871 	1
3872 	1
3873 	1
3875 	1
3876 	1
3878 	1
3880 	1
3882 	1
3884 	1
3885 	1
3886 	1
3887 	1
3889 	1
3890 	1
3895 	1
3896 	1
3897 	1
3898 	1
3900 	1
3902 	1
3903 	1
3904 	1
3907 	1
3910 	1
3913 	1
3914 	1
3915 	1
3918 	1
3920 	1
3921 	1
3925 	1
3927 	1
3928 	1
3929 	1
3930 	1
3931 	1
3934 	1
3937 	1
3939 	1
3940 	1
3943 	1
3944 	1
3949 	1
3950 	1
3954 	1
3955 	1
3956 	1
3958 	1
3960 	1
3962 	1
3963 	1
3964 	1
3965 	1
3968 	1
3972 	1
3975 	1
3979 	1
3981 	1
3982 	1
3983 	1
3984 	1
3985 	1
3988 	1
3989 	1
3991 	1
3993 	1
3995 	1
3998 	1
4001 	1
4006 	1
4011 	1
4017 	1
4018 	1
4020 	1
4021 	1
4023 	1
4025 	1
4026 	1
4027 	1
4030 	1
4031 	1
4032 	1
4033 	1
4034 	1
4035 	1
4036 	1
4037 	1
4040 	1
4041 	1
4042 	1
4045 	1
4046 	1
4053 	1
4056 	1
4057 	1
4059 	1
4060 	1
4062 	1
4063 	1
4068 	1
4075 	1
4078 	1
4079 	1
4085 	1
4088 	1
4091 	1
4092 	1
4094 	1
4095 	1
4097 	1
4099 	1
4100 	1
4101 	1
4103 	1
4104 	1
4105 	1
4107 	1
4109 	1
4112 	1
4115 	1
4119 	1
4120 	1
4122 	1
4124 	1
4126 	1
4130 	1
4131 	1
4134 	1
4136 	1
4138 	1
4139 	1
4140 	1
4141 	1
4144 	1
4145 	1
4146 	1
4147 	1
4148 	1
4149 	1
4155 	1
4156 	1
4159 	1
4160 	1
4161 	1
4163 	1
4164 	1
4170 	1
4172 	1
4173 	1
4174 	1
4175 	1
4176 	1
4179 	1
4183 	1
4186 	1
4188 	1
4189 	1
4190 	1
4196 	1
4197 	1
4198 	1
4199 	1
4200 	1
4201 	1
4202 	1
4206 	1
4207 	1
4208 	1
4214 	1
4215 	1
4216 	1
4217 	1
4218 	1
4219 	1
4220 	1
4221 	1
4222 	1
4223 	1
4225 	1
4228 	1
4230 	1
4232 	1
4233 	1
4234 	1
4238 	1
4240 	1
4242 	1
4243 	1
4244 	1
4245 	1
4246 	1
4248 	1
4249 	1
4252 	1
4255 	1
4256 	1
4258 	1
4259 	1
4260 	1
4261 	1
4262 	1
4267 	1
4268 	1
4270 	1
4272 	1
4273 	1
4274 	1
4280 	1
4281 	1
4282 	1
4283 	1
4284 	1
4285 	1
4286 	1
4290 	1
4292 	1
4295 	1
4298 	1
4302 	1
4306 	1
4307 	1
4308 	1
4309 	1
4310 	1
4312 	1
4313 	1
4317 	1
4319 	1
4320 	1
4321 	1
4324 	1
4325 	1
4326 	1
4330 	1
4332 	1
4334 	1
4336 	1
4340 	1
4342 	1
4343 	1
4347 	1
4348 	1
4353 	1
4355 	1
4356 	1
4357 	1
4358 	1
4362 	1
4365 	1
4366 	1
4368 	1
4373 	1
4377 	1
4380 	1
4383 	1
4384 	1
4385 	1
4386 	1
4387 	1
4389 	1
4391 	1
4392 	1
4393 	1
4394 	1
4397 	1
4399 	1
4401 	1
4403 	1
4405 	1
4407 	1
4410 	1
4412 	1
4413 	1
4415 	1
4419 	1
4421 	1
4422 	1
4424 	1
4426 	1
4427 	1
4428 	1
4429 	1
4433 	1
4434 	1
4435 	1
4436 	1
4437 	1
4438 	1
4439 	1
4440 	1
4441 	1
4444 	1
4445 	1
4447 	1
4448 	1
4449 	1
4451 	1
4456 	1
4457 	1
4460 	1
4462 	1
4469 	1
4470 	1
4472 	1
4474 	1
4475 	1
4476 	1
4477 	1
4479 	1
4480 	1
4484 	1
4486 	1
4487 	1
4488 	1
4491 	1
4493 	1
4494 	1
4498 	1
4499 	1
4500 	1
4501 	1
4502 	1
4507 	1
4508 	1
4509 	1
4511 	1
4512 	1
4514 	1
4515 	1
4517 	1
4521 	1
4522 	1
4523 	1
4524 	1
4526 	1
4531 	1
4534 	1
4535 	1
4539 	1
4542 	1
4543 	1
4544 	1
4547 	1
4548 	1
4549 	1
4550 	1
4553 	1
4555 	1
4556 	1
4561 	1
4562 	1
4564 	1
4567 	1
4568 	1
4569 	1
4571 	1
4574 	1
4575 	1
4579 	1
4584 	1
4587 	1
4588 	1
4591 	1
4593 	1
4594 	1
4598 	1
4602 	1
4604 	1
4606 	1
4614 	1
4618 	1
4619 	1
4621 	1
4627 	1
4629 	1
4630 	1
4633 	1
4637 	1
4638 	1
4639 	1
4641 	1
4643 	1
4645 	1
4646 	1
4647 	1
4649 	1
4650 	1
4654 	1
4656 	1
4657 	1
4658 	1
4660 	1
4661 	1
4663 	1
4665 	1
4666 	1
4667 	1
4668 	1
4670 	1
4671 	1
4672 	1
4673 	1
4677 	1
4680 	1
4681 	1
4682 	1
4686 	1
4687 	1
4689 	1
4690 	1
4691 	1
4693 	1
4694 	1
4695 	1
4697 	1
4699 	1
4700 	1
4702 	1
4704 	1
4705 	1
4706 	1
4707 	1
4708 	1
4709 	1
4710 	1
4712 	1
4713 	1
4714 	1
4717 	1
4720 	1
4723 	1
4724 	1
4725 	1
4726 	1
4727 	1
4730 	1
4732 	1
4735 	1
4738 	1
4740 	1
4747 	1
4748 	1
4750 	1
4752 	1
4754 	1
4756 	1
4757 	1
4758 	1
4759 	1
4761 	1
4765 	1
4766 	1
4767 	1
4769 	1
4771 	1
4772 	1
4773 	1
4779 	1
4780 	1
4781 	1
4784 	1
4786 	1
4790 	1
4791 	1
4793 	1
4794 	1
4797 	1
4800 	1
4802 	1
4803 	1
4804 	1
4807 	1
4808 	1
4810 	1
4811 	1
4814 	1
4815 	1
4816 	1
4817 	1
4820 	1
4821 	1
4825 	1
4826 	1
4829 	1
4830 	1
4831 	1
4833 	1
4834 	1
4839 	1
4840 	1
4841 	1
4843 	1
4844 	1
4845 	1
4849 	1
4853 	1
4854 	1
4857 	1
4858 	1
4860 	1
4865 	1
4866 	1
4867 	1
4869 	1
4870 	1
4872 	1
4873 	1
4874 	1
4876 	1
4877 	1
4879 	1
4881 	1
4882 	1
4884 	1
4885 	1
4886 	1
4890 	1
4892 	1
4893 	1
4896 	1
4900 	1
4902 	1
4903 	1
4904 	1
4905 	1
4906 	1
4907 	1
4910 	1
4914 	1
4915 	1
4916 	1
4917 	1
4920 	1
4921 	1
4926 	1
4930 	1
4931 	1
4935 	1
4938 	1
4941 	1
4943 	1
4945 	1
4946 	1
4949 	1
4950 	1
4951 	1
4952 	1
4953 	1
4955 	1
4958 	1
4959 	1
4965 	1
4966 	1
4967 	1
4968 	1
4969 	1
4970 	1
4972 	1
4974 	1
4977 	1
4979 	1
4981 	1
4982 	1
4983 	1
4986 	1
4987 	1
4991 	1
4995 	1
4996 	1
4997 	1
5002 	1
5003 	1
5005 	1
5009 	1
5010 	1
5011 	1
5013 	1
5014 	1
5015 	1
5017 	1
5018 	1
5023 	1
5025 	1
5026 	1
5027 	1
5028 	1
5029 	1
5031 	1
5032 	1
5034 	1
5035 	1
5036 	1
5040 	1
5041 	1
5042 	1
5043 	1
5044 	1
5046 	1
5047 	1
5049 	1
5050 	1
5052 	1
5054 	1
5055 	1
5061 	1
5063 	1
5065 	1
5066 	1
5068 	1
5069 	1
5070 	1
5071 	1
5073 	1
5075 	1
5076 	1
5078 	1
5081 	1
5083 	1
5088 	1
5089 	1
5090 	1
5095 	1
5098 	1
5101 	1
5102 	1
5103 	1
5104 	1
5105 	1
5106 	1
5108 	1
5109 	1
5111 	1
5113 	1
5114 	1
5115 	1
5116 	1
5117 	1
5118 	1
5119 	1
5120 	1
5122 	1
5124 	1
5125 	1
5126 	1
5127 	1
5128 	1
5130 	1
5137 	1
5139 	1
5141 	1
5143 	1
5144 	1
5145 	1
5150 	1
5152 	1
5153 	1
5154 	1
5155 	1
5160 	1
5162 	1
5163 	1
5164 	1
5170 	1
5173 	1
5174 	1
5176 	1
5177 	1
5180 	1
5182 	1
5183 	1
5184 	1
5188 	1
5189 	1
5194 	1
5195 	1
5196 	1
5197 	1
5198 	1
5200 	1
5208 	1
5209 	1
5210 	1
5211 	1
5212 	1
5213 	1
5214 	1
5216 	1
5218 	1
5220 	1
5222 	1
5223 	1
5224 	1
5225 	1
5226 	1
5228 	1
5229 	1
5233 	1
5238 	1
5240 	1
5243 	1
5244 	1
5250 	1
5252 	1
5256 	1
5258 	1
5259 	1
5261 	1
5262 	1
5263 	1
5264 	1
5265 	1
5266 	1
5269 	1
5272 	1
5275 	1
5277 	1
5278 	1
5279 	1
5281 	1
5282 	1
5283 	1
5284 	1
5294 	1
5295 	1
5297 	1
5298 	1
5300 	1
5301 	1
5303 	1
5307 	1
5309 	1
5313 	1
5314 	1
5316 	1
5317 	1
5321 	1
5322 	1
5323 	1
5325 	1
5326 	1
5327 	1
5331 	1
5332 	1
5334 	1
5340 	1
5341 	1
5342 	1
5343 	1
5344 	1
5347 	1
5349 	1
5350 	1
5353 	1
5355 	1
5356 	1
5360 	1
5363 	1
5364 	1
5365 	1
5370 	1
5372 	1
5373 	1
5375 	1
5381 	1
5383 	1
5386 	1
5387 	1
5390 	1
5392 	1
5398 	1
5403 	1
5406 	1
5412 	1
5415 	1
5416 	1
5418 	1
5422 	1
5424 	1
5426 	1
5429 	1
5431 	1
5436 	1
5437 	1
5438 	1
5439 	1
5440 	1
5441 	1
5443 	1
5444 	1
5445 	1
5447 	1
5448 	1
5451 	1
5453 	1
5454 	1
5455 	1
5457 	1
5463 	1
5464 	1
5465 	1
5466 	1
5468 	1
5469 	1
5472 	1
5473 	1
5475 	1
5479 	1
5481 	1
5482 	1
5483 	1
5486 	1
5487 	1
5489 	1
5492 	1
5493 	1
5494 	1
5497 	1
5500 	1
5503 	1
5505 	1
5507 	1
5510 	1
5512 	1
5515 	1
5516 	1
5517 	1
5518 	1
5522 	1
5523 	1
5524 	1
5526 	1
5527 	1
5529 	1
5530 	1
5531 	1
5534 	1
5536 	1
5537 	1
5539 	1
5542 	1
5546 	1
5548 	1
5551 	1
5553 	1
5556 	1
5561 	1
5563 	1
5565 	1
5567 	1
5568 	1
5569 	1
5570 	1
5573 	1
5574 	1
5576 	1
5581 	1
5583 	1
5584 	1
5586 	1
5587 	1
5589 	1
5590 	1
5591 	1
5592 	1
5593 	1
5594 	1
5595 	1
5596 	1
5601 	1
5602 	1
5603 	1
5605 	1
5606 	1
5607 	1
5609 	1
5610 	1
5612 	1
5613 	1
5614 	1
5615 	1
5616 	1
5617 	1
5618 	1
5619 	1
5620 	1
5621 	1
5622 	1
5624 	1
5629 	1
5631 	1
5632 	1
5635 	1
5636 	1
5638 	1
5641 	1
5643 	1
5645 	1
5646 	1
5647 	1
5650 	1
5651 	1
5653 	1
5656 	1
5657 	1
5658 	1
5659 	1
5660 	1
5662 	1
5663 	1
5664 	1
5666 	1
5667 	1
5668 	1
5670 	1
5671 	1
5672 	1
5673 	1
5676 	1
5677 	1
5679 	1
5680 	1
5682 	1
5683 	1
5687 	1
5694 	1
5695 	1
5698 	1
5700 	1
5702 	1
5704 	1
5705 	1
5706 	1
5708 	1
5709 	1
5710 	1
5711 	1
5714 	1
5721 	1
5722 	1
5723 	1
5725 	1
5727 	1
5728 	1
5729 	1
5730 	1
5732 	1
5733 	1
5736 	1
5737 	1
5738 	1
5741 	1
5744 	1
5747 	1
5748 	1
5749 	1
5750 	1
5751 	1
5752 	1
5758 	1
5759 	1
5760 	1
5761 	1
5762 	1
5763 	1
5766 	1
5767 	1
5768 	1
5769 	1
5772 	1
5773 	1
5774 	1
5776 	1
5778 	1
5780 	1
5787 	1
5790 	1
5792 	1
5793 	1
5794 	1
5796 	1
5797 	1
5798 	1
5799 	1
5800 	1
5801 	1
5803 	1
5804 	1
5805 	1
5806 	1
5807 	1
5809 	1
5810 	1
5811 	1
5814 	1
5816 	1
5818 	1
5819 	1
5823 	1
5824 	1
5827 	1
5834 	1
5837 	1
5840 	1
5842 	1
5843 	1
5844 	1
5845 	1
5846 	1
5849 	1
5854 	1
5855 	1
5856 	1
5857 	1
5862 	1
5866 	1
5868 	1
5869 	1
5871 	1
5877 	1
5878 	1
5881 	1
5884 	1
5887 	1
5892 	1
5897 	1
5899 	1
5905 	1
5906 	1
5907 	1
5908 	1
5909 	1
5910 	1
5911 	1
5912 	1
5914 	1
5915 	1
5917 	1
5919 	1
5920 	1
5921 	1
5923 	1
5927 	1
5929 	1
5934 	1
5935 	1
5936 	1
5938 	1
5941 	1
5943 	1
5944 	1
5947 	1
5950 	1
5951 	1
5952 	1
5953 	1
5954 	1
5955 	1
5958 	1
5960 	1
5961 	1
5962 	1
5963 	1
5964 	1
5970 	1
5971 	1
5972 	1
5973 	1
5976 	1
5978 	1
5983 	1
5984 	1
5986 	1
5988 	1
5991 	1
5992 	1
5993 	1
5995 	1
5997 	1
5998 	1
6000 	1
6001 	1
6005 	1
6006 	1
6008 	1
6011 	1
6012 	1
6014 	1
6016 	1
6017 	1
6018 	1
6019 	1
6020 	1
6022 	1
6023 	1
6024 	1
6026 	1
6027 	1
6028 	1
6033 	1
6034 	1
6035 	1
6037 	1
6041 	1
6042 	1
6044 	1
6046 	1
6051 	1
6052 	1
6053 	1
6056 	1
6057 	1
6058 	1
6059 	1
6062 	1
6064 	1
6065 	1
6066 	1
6067 	1
6069 	1
6070 	1
6072 	1
6074 	1
6075 	1
6076 	1
6079 	1
6085 	1
6087 	1
6091 	1
6093 	1
6095 	1
6096 	1
6097 	1
6100 	1
6101 	1
6103 	1
6107 	1
6108 	1
6109 	1
6110 	1
6112 	1
6116 	1
6117 	1
6118 	1
6120 	1
6122 	1
6123 	1
6125 	1
6129 	1
6130 	1
6135 	1
6136 	1
6138 	1
6139 	1
6140 	1
6142 	1
6144 	1
6146 	1
6148 	1
6149 	1
6150 	1
6151 	1
6156 	1
6157 	1
6161 	1
6164 	1
6169 	1
6170 	1
6172 	1
6174 	1
6176 	1
6179 	1
6184 	1
6186 	1
6187 	1
6188 	1
6190 	1
6192 	1
6193 	1
6195 	1
6197 	1
6199 	1
6200 	1
6203 	1
6204 	1
6205 	1
6207 	1
6209 	1
6210 	1
6217 	1
6218 	1
6219 	1
6220 	1
6223 	1
6224 	1
6225 	1
6230 	1
6233 	1
6236 	1
6237 	1
6241 	1
6243 	1
6246 	1
6248 	1
6250 	1
6256 	1
6261 	1
6262 	1
6263 	1
6265 	1
6270 	1
6271 	1
6274 	1
6275 	1
6276 	1
6278 	1
6280 	1
6281 	1
6286 	1
6287 	1
6290 	1
6291 	1
6292 	1
6294 	1
6295 	1
6297 	1
6299 	1
6303 	1
6304 	1
6305 	1
6310 	1
6312 	1
6313 	1
6319 	1
6320 	1
6324 	1
6328 	1
6331 	1
6334 	1
6335 	1
6336 	1
6339 	1
6340 	1
6342 	1
6343 	1
6348 	1
6350 	1
6352 	1
6353 	1
6355 	1
6356 	1
6357 	1
6358 	1
6362 	1
6363 	1
6364 	1
6367 	1
6371 	1
6372 	1
6373 	1
6377 	1
6378 	1
6379 	1
6380 	1
6381 	1
6384 	1
6385 	1
6387 	1
6388 	1
6397 	1
6398 	1
6400 	1
6401 	1
6403 	1
6404 	1
6405 	1
6406 	1
6409 	1
6410 	1
6412 	1
6413 	1
6415 	1
6417 	1
6418 	1
6421 	1
6423 	1
6425 	1
6427 	1
6428 	1
6429 	1
6430 	1
6431 	1
6432 	1
6433 	1
6435 	1
6436 	1
6437 	1
6438 	1
6440 	1
6442 	1
6448 	1
6451 	1
6452 	1
6453 	1
6454 	1
6457 	1
6460 	1
6463 	1
6464 	1
6465 	1
6469 	1
6471 	1
6472 	1
6473 	1
6474 	1
6476 	1
6478 	1
6481 	1
6485 	1
6491 	1
6495 	1
6497 	1
6498 	1
6499 	1
6500 	1
6501 	1
6502 	1
6503 	1
6505 	1
6506 	1
6508 	1
6512 	1
6514 	1
6516 	1
6518 	1
6520 	1
6521 	1
6525 	1
6527 	1
6529 	1
6531 	1
6533 	1
6534 	1
6535 	1
6539 	1
6540 	1
6541 	1
6545 	1
6546 	1
6547 	1
6551 	1
6556 	1
6557 	1
6561 	1
6563 	1
6564 	1
6565 	1
6570 	1
6571 	1
6572 	1
6577 	1
6582 	1
6583 	1
6586 	1
6588 	1
6589 	1
6593 	1
6594 	1
6595 	1
6598 	1
6600 	1
6605 	1
6606 	1
6607 	1
6608 	1
6615 	1
6617 	1
6618 	1
6622 	1
6623 	1
6624 	1
6625 	1
6628 	1
6629 	1
6631 	1
6632 	1
6636 	1
6637 	1
6643 	1
6645 	1
6649 	1
6650 	1
6654 	1
6656 	1
6658 	1
6659 	1
6661 	1
6662 	1
6663 	1
6665 	1
6667 	1
6668 	1
6669 	1
6670 	1
6671 	1
6672 	1
6673 	1
6677 	1
6678 	1
6679 	1
6681 	1
6682 	1
6683 	1
6685 	1
6687 	1
6689 	1
6690 	1
6695 	1
6698 	1
6699 	1
6703 	1
6707 	1
6709 	1
6710 	1
6711 	1
6713 	1
6715 	1
6717 	1
6718 	1
6719 	1
6720 	1
6721 	1
6723 	1
6724 	1
6725 	1
6726 	1
6727 	1
6729 	1
6730 	1
6738 	1
6741 	1
6742 	1
6743 	1
6746 	1
6748 	1
6751 	1
6752 	1
6753 	1
6755 	1
6760 	1
6761 	1
6764 	1
6766 	1
6767 	1
6769 	1
6770 	1
6771 	1
6773 	1
6774 	1
6775 	1
6780 	1
6784 	1
6792 	1
6796 	1
6797 	1
6798 	1
6800 	1
6801 	1
6802 	1
6806 	1
6808 	1
6809 	1
6811 	1
6813 	1
6814 	1
6815 	1
6816 	1
6817 	1
6819 	1
6821 	1
6825 	1
6828 	1
6831 	1
6835 	1
6836 	1
6837 	1
6838 	1
6839 	1
6843 	1
6844 	1
6848 	1
6852 	1
6853 	1
6854 	1
6856 	1
6857 	1
6860 	1
6861 	1
6863 	1
6864 	1
6866 	1
6871 	1
6872 	1
6874 	1
6879 	1
6881 	1
6882 	1
6885 	1
6886 	1
6888 	1
6889 	1
6891 	1
6892 	1
6894 	1
6898 	1
6900 	1
6901 	1
6902 	1
6905 	1
6906 	1
6908 	1
6909 	1
6910 	1
6911 	1
6914 	1
6915 	1
6916 	1
6918 	1
6920 	1
6921 	1
6923 	1
6924 	1
6927 	1
6929 	1
6932 	1
6934 	1
6937 	1
6939 	1
6940 	1
6941 	1
6950 	1
6955 	1
6956 	1
6957 	1
6958 	1
6963 	1
6964 	1
6965 	1
6967 	1
6970 	1
6972 	1
6977 	1
6986 	1
6987 	1
6991 	1
6992 	1
6995 	1
6998 	1
6999 	1
7000 	1
7001 	1
7004 	1
7006 	1
7008 	1
7010 	1
7013 	1
7014 	1
7016 	1
7017 	1
7018 	1
7021 	1
7022 	1
7031 	1
7039 	1
7043 	1
7047 	1
7048 	1
7049 	1
7052 	1
7054 	1
7055 	1
7059 	1
7060 	1
7061 	1
7068 	1
7069 	1
7070 	1
7072 	1
7073 	1
7074 	1
7076 	1
7077 	1
7079 	1
7082 	1
7083 	1
7085 	1
7086 	1
7087 	1
7090 	1
7091 	1
7092 	1
7096 	1
7099 	1
7102 	1
7103 	1
7104 	1
7107 	1
7110 	1
7112 	1
7114 	1
7115 	1
7116 	1
7120 	1
7125 	1
7126 	1
7131 	1
7133 	1
7136 	1
7139 	1
7140 	1
7141 	1
7144 	1
7148 	1
7150 	1
7151 	1
7154 	1
7155 	1
7157 	1
7159 	1
7164 	1
7165 	1
7167 	1
7170 	1
7171 	1
7173 	1
7174 	1
7175 	1
7177 	1
7178 	1
7182 	1
7185 	1
7187 	1
7194 	1
7195 	1
7197 	1
7198 	1
7199 	1
7200 	1
7201 	1
7206 	1
7207 	1
7208 	1
7210 	1
7213 	1
7216 	1
7218 	1
7219 	1
7220 	1
7221 	1
7224 	1
7225 	1
7228 	1
7229 	1
7231 	1
7233 	1
7236 	1
7238 	1
7239 	1
7240 	1
7242 	1
7243 	1
7248 	1
7250 	1
7252 	1
7253 	1
7257 	1
7260 	1
7262 	1
7266 	1
7269 	1
7272 	1
7273 	1
7274 	1
7276 	1
7278 	1
7281 	1
7284 	1
7288 	1
7291 	1
7292 	1
7294 	1
7297 	1
7298 	1
7300 	1
7301 	1
7303 	1
7305 	1
7307 	1
7308 	1
7309 	1
7313 	1
7314 	1
7315 	1
7317 	1
7319 	1
7322 	1
7323 	1
7325 	1
7327 	1
7328 	1
7332 	1
7336 	1
7337 	1
7338 	1
7340 	1
7341 	1
7342 	1
7343 	1
7346 	1
7351 	1
7352 	1
7356 	1
7357 	1
7360 	1
7361 	1
7362 	1
7364 	1
7365 	1
7367 	1
7368 	1
7369 	1
7370 	1
7372 	1
7373 	1
7374 	1
7375 	1
7377 	1
7379 	1
7380 	1
7381 	1
7382 	1
7383 	1
7384 	1
7389 	1
7391 	1
7392 	1
7395 	1
7398 	1
7399 	1
7400 	1
7403 	1
7404 	1
7405 	1
7406 	1
7408 	1
7412 	1
7413 	1
7414 	1
7415 	1
7422 	1
7426 	1
7427 	1
7429 	1
7431 	1
7435 	1
7437 	1
7440 	1
7443 	1
7444 	1
7446 	1
7447 	1
7449 	1
7450 	1
7451 	1
7452 	1
7453 	1
7455 	1
7457 	1
7462 	1
7464 	1
7465 	1
7466 	1
7468 	1
7471 	1
7472 	1
7475 	1
7479 	1
7483 	1
7487 	1
7488 	1
7490 	1
7492 	1
7493 	1
7494 	1
7496 	1
7497 	1
7498 	1
7499 	1
7501 	1
7503 	1
7505 	1
7507 	1
7509 	1
7510 	1
7516 	1
7520 	1
7521 	1
7524 	1
7526 	1
7527 	1
7529 	1
7532 	1
7533 	1
7534 	1
7536 	1
7537 	1
7539 	1
7542 	1
7543 	1
7544 	1
7546 	1
7547 	1
7549 	1
7550 	1
7551 	1
7552 	1
7554 	1
7555 	1
7560 	1
7561 	1
7562 	1
7568 	1
7570 	1
7571 	1
7572 	1
7573 	1
7576 	1
7579 	1
7580 	1
7582 	1
7584 	1
7585 	1
7586 	1
7587 	1
7588 	1
7590 	1
7592 	1
7593 	1
7600 	1
7602 	1
7603 	1
7607 	1
7610 	1
7612 	1
7613 	1
7615 	1
7617 	1
7618 	1
7620 	1
7621 	1
7622 	1
7624 	1
7633 	1
7635 	1
7636 	1
7637 	1
7639 	1
7642 	1
7644 	1
7646 	1
7647 	1
7650 	1
7654 	1
7660 	1
7666 	1
7667 	1
7669 	1
7671 	1
7672 	1
7673 	1
7676 	1
7678 	1
7679 	1
7683 	1
7684 	1
7686 	1
7687 	1
7689 	1
7690 	1
7694 	1
7698 	1
7701 	1
7702 	1
7703 	1
7706 	1
7708 	1
7711 	1
7712 	1
7714 	1
7715 	1
7717 	1
7718 	1
7720 	1
7724 	1
7725 	1
7727 	1
7728 	1
7729 	1
7737 	1
7738 	1
7739 	1
7740 	1
7741 	1
7744 	1
7745 	1
7746 	1
7747 	1
7750 	1
7752 	1
7753 	1
7754 	1
7759 	1
7763 	1
7766 	1
7768 	1
7769 	1
7770 	1
7772 	1
7773 	1
7777 	1
7778 	1
7781 	1
7783 	1
7784 	1
7785 	1
7786 	1
7788 	1
7791 	1
7792 	1
7793 	1
7794 	1
7796 	1
7800 	1
7803 	1
7804 	1
7805 	1
7807 	1
7808 	1
7809 	1
7813 	1
7815 	1
7817 	1
7818 	1
7819 	1
7823 	1
7824 	1
7825 	1
7830 	1
7832 	1
7833 	1
7837 	1
7838 	1
7840 	1
7841 	1
7842 	1
7845 	1
7848 	1
7849 	1
7851 	1
7852 	1
7855 	1
7857 	1
7858 	1
7864 	1
7865 	1
7867 	1
7871 	1
7874 	1
7878 	1
7879 	1
7881 	1
7882 	1
7885 	1
7886 	1
7887 	1
7889 	1
7891 	1
7893 	1
7895 	1
7897 	1
7898 	1
7899 	1
7900 	1
7901 	1
7902 	1
7903 	1
7904 	1
7905 	1
7907 	1
7910 	1
7913 	1
7915 	1
7917 	1
7919 	1
7920 	1
7921 	1
7923 	1
7925 	1
7927 	1
7931 	1
7934 	1
7936 	1
7937 	1
7941 	1
7942 	1
7943 	1
7944 	1
7945 	1
7946 	1
7947 	1
7948 	1
7949 	1
7950 	1
7951 	1
7952 	1
7955 	1
7956 	1
7957 	1
7958 	1
7959 	1
7961 	1
7963 	1
7966 	1
7967 	1
7969 	1
7971 	1
7975 	1
7976 	1
7979 	1
7981 	1
7984 	1
7985 	1
7989 	1
7990 	1
7991 	1
7992 	1
7994 	1
7995 	1
7997 	1
8002 	1
8004 	1
8005 	1
8009 	1
8010 	1
8014 	1
8017 	1
8018 	1
8019 	1
8021 	1
8023 	1
8024 	1
8025 	1
8026 	1
8031 	1
8033 	1
8034 	1
8037 	1
8039 	1
8040 	1
8041 	1
8042 	1
8048 	1
8052 	1
8053 	1
8056 	1
8058 	1
8061 	1
8062 	1
8063 	1
8066 	1
8067 	1
8070 	1
8071 	1
8072 	1
8074 	1
8075 	1
8076 	1
8077 	1
8079 	1
8082 	1
8084 	1
8085 	1
8087 	1
8089 	1
8090 	1
8091 	1
8092 	1
8095 	1
8096 	1
8097 	1
8099 	1
8102 	1
8104 	1
8105 	1
8106 	1
8110 	1
8112 	1
8113 	1
8114 	1
8119 	1
8120 	1
8122 	1
8123 	1
8124 	1
8127 	1
8128 	1
8129 	1
8130 	1
8131 	1
8133 	1
8140 	1
8142 	1
8146 	1
8148 	1
8150 	1
8152 	1
8154 	1
8155 	1
8158 	1
8160 	1
8163 	1
8164 	1
8168 	1
8169 	1
8171 	1
8172 	1
8173 	1
8174 	1
8176 	1
8177 	1
8178 	1
8179 	1
8180 	1
8181 	1
8182 	1
8183 	1
8184 	1
8185 	1
8189 	1
8190 	1
8191 	1
8192 	1
8196 	1
8198 	1
8203 	1
8204 	1
8205 	1
8206 	1
8207 	1
8208 	1
8210 	1
8212 	1
8214 	1
8217 	1
8218 	1
8219 	1
8224 	1
8226 	1
8227 	1
8228 	1
8229 	1
8232 	1
8234 	1
8240 	1
8242 	1
8243 	1
8244 	1
8246 	1
8247 	1
8248 	1
8253 	1
8254 	1
8255 	1
8258 	1
8262 	1
8266 	1
8268 	1
8271 	1
8272 	1
8276 	1
8278 	1
8279 	1
8283 	1
8284 	1
8285 	1
8286 	1
8287 	1
8289 	1
8292 	1
8293 	1
8298 	1
8302 	1
8303 	1
8306 	1
8307 	1
8308 	1
8309 	1
8311 	1
8312 	1
8313 	1
8314 	1
8315 	1
8316 	1
8317 	1
8318 	1
8320 	1
8323 	1
8325 	1
8326 	1
8331 	1
8332 	1
8335 	1
8338 	1
8341 	1
8342 	1
8348 	1
8350 	1
8357 	1
8358 	1
8359 	1
8360 	1
8361 	1
8362 	1
8364 	1
8365 	1
8367 	1
8370 	1
8371 	1
8372 	1
8374 	1
8377 	1
8378 	1
8380 	1
8381 	1
8384 	1
8387 	1
8390 	1
8391 	1
8393 	1
8394 	1
8398 	1
8402 	1
8403 	1
8404 	1
8405 	1
8406 	1
8407 	1
8409 	1
8410 	1
8413 	1
8415 	1
8416 	1
8419 	1
8422 	1
8427 	1
8428 	1
8430 	1
8431 	1
8435 	1
8437 	1
8442 	1
8444 	1
8448 	1
8450 	1
8451 	1
8453 	1
8457 	1
8459 	1
8460 	1
8463 	1
8464 	1
8465 	1
8466 	1
8468 	1
8470 	1
8472 	1
8474 	1
8476 	1
8478 	1
8479 	1
8481 	1
8484 	1
8485 	1
8486 	1
8488 	1
8493 	1
8494 	1
8496 	1
8498 	1
8502 	1
8505 	1
8506 	1
8508 	1
8509 	1
8510 	1
8511 	1
8512 	1
8515 	1
8517 	1
8518 	1
8521 	1
8522 	1
8523 	1
8524 	1
8525 	1
8526 	1
8528 	1
8529 	1
8531 	1
8533 	1
8534 	1
8539 	1
8540 	1
8541 	1
8543 	1
8546 	1
8550 	1
8552 	1
8553 	1
8555 	1
8556 	1
8557 	1
8559 	1
8562 	1
8568 	1
8573 	1
8577 	1
8583 	1
8584 	1
8585 	1
8587 	1
8589 	1
8592 	1
8596 	1
8597 	1
8600 	1
8601 	1
8603 	1
8604 	1
8607 	1
8608 	1
8610 	1
8613 	1
8616 	1
8617 	1
8619 	1
8621 	1
8623 	1
8627 	1
8628 	1
8629 	1
8632 	1
8635 	1
8636 	1
8637 	1
8638 	1
8641 	1
8644 	1
8646 	1
8651 	1
8652 	1
8653 	1
8655 	1
8656 	1
8658 	1
8660 	1
8661 	1
8662 	1
8663 	1
8665 	1
8666 	1
8669 	1
8670 	1
8671 	1
8672 	1
8673 	1
8675 	1
8677 	1
8678 	1
8679 	1
8680 	1
8686 	1
8687 	1
8689 	1
8690 	1
8691 	1
8695 	1
8697 	1
8700 	1
8703 	1
8706 	1
8707 	1
8713 	1
8714 	1
8717 	1
8719 	1
8721 	1
8722 	1
8724 	1
8727 	1
8732 	1
8734 	1
8735 	1
8736 	1
8737 	1
8739 	1
8740 	1
8741 	1
8746 	1
8748 	1
8749 	1
8750 	1
8751 	1
8752 	1
8753 	1
8757 	1
8759 	1
8761 	1
8762 	1
8763 	1
8764 	1
8766 	1
8767 	1
8768 	1
8779 	1
8781 	1
8782 	1
8785 	1
8786 	1
8790 	1
8792 	1
8793 	1
8794 	1
8796 	1
8798 	1
8799 	1
8800 	1
8801 	1
8802 	1
8804 	1
8805 	1
8810 	1
8812 	1
8813 	1
8817 	1
8818 	1
8819 	1
8820 	1
8822 	1
8825 	1
8826 	1
8828 	1
8830 	1
8833 	1
8835 	1
8836 	1
8837 	1
8840 	1
8841 	1
8844 	1
8845 	1
8846 	1
8847 	1
8848 	1
8849 	1
8852 	1
8853 	1
8854 	1
8855 	1
8857 	1
8858 	1
8862 	1
8863 	1
8865 	1
8868 	1
8869 	1
8870 	1
8871 	1
8872 	1
8875 	1
8876 	1
8881 	1
8884 	1
8887 	1
8890 	1
8893 	1
8894 	1
8896 	1
8900 	1
8902 	1
8904 	1
8905 	1
8906 	1
8911 	1
8912 	1
8914 	1
8917 	1
8919 	1
8921 	1
8923 	1
8926 	1
8927 	1
8928 	1
8930 	1
8931 	1
8934 	1
8935 	1
8936 	1
8937 	1
8939 	1
8941 	1
8943 	1
8945 	1
8946 	1
8948 	1
8949 	1
8950 	1
8952 	1
8953 	1
8957 	1
8960 	1
8961 	1
8963 	1
8966 	1
8967 	1
8968 	1
8971 	1
8973 	1
8974 	1
8977 	1
8978 	1
8981 	1
8982 	1
8983 	1
8990 	1
8992 	1
8993 	1
8994 	1
8995 	1
8997 	1
8998 	1
9000 	1
9002 	1
9004 	1
9006 	1
9008 	1
9009 	1
9011 	1
9019 	1
9020 	1
9021 	1
9024 	1
9025 	1
9027 	1
9030 	1
9031 	1
9032 	1
9033 	1
9034 	1
9035 	1
9038 	1
9040 	1
9042 	1
9044 	1
9045 	1
9046 	1
9048 	1
9049 	1
9050 	1
9051 	1
9052 	1
9053 	1
9057 	1
9059 	1
9060 	1
9061 	1
9062 	1
9064 	1
9065 	1
9070 	1
9075 	1
9085 	1
9086 	1
9089 	1
9090 	1
9094 	1
9098 	1
9099 	1
9100 	1
9108 	1
9109 	1
9110 	1
9112 	1
9113 	1
9114 	1
9115 	1
9117 	1
9118 	1
9124 	1
9126 	1
9127 	1
9128 	1
9129 	1
9130 	1
9131 	1
9132 	1
9133 	1
9134 	1
9136 	1
9138 	1
9139 	1
9140 	1
9142 	1
9145 	1
9148 	1
9149 	1
9153 	1
9154 	1
9155 	1
9156 	1
9157 	1
9158 	1
9162 	1
9165 	1
9172 	1
9173 	1
9180 	1
9181 	1
9183 	1
9184 	1
9186 	1
9187 	1
9191 	1
9192 	1
9193 	1
9197 	1
9198 	1
9199 	1
9203 	1
9205 	1
9207 	1
9208 	1
9209 	1
9211 	1
9213 	1
9216 	1
9217 	1
9220 	1
9223 	1
9227 	1
9230 	1
9231 	1
9232 	1
9235 	1
9236 	1
9240 	1
9244 	1
9245 	1
9246 	1
9247 	1
9248 	1
9251 	1
9252 	1
9255 	1
9259 	1
9262 	1
9264 	1
9266 	1
9268 	1
9274 	1
9275 	1
9277 	1
9278 	1
9286 	1
9289 	1
9290 	1
9291 	1
9294 	1
9296 	1
9297 	1
9299 	1
9303 	1
9309 	1
9310 	1
9311 	1
9312 	1
9316 	1
9317 	1
9318 	1
9319 	1
9321 	1
9322 	1
9325 	1
9326 	1
9327 	1
9329 	1
9330 	1
9331 	1
9332 	1
9333 	1
9338 	1
9341 	1
9342 	1
9343 	1
9344 	1
9346 	1
9350 	1
9353 	1
9355 	1
9359 	1
9360 	1
9361 	1
9364 	1
9366 	1
9367 	1
9368 	1
9372 	1
9373 	1
9374 	1
9375 	1
9377 	1
9380 	1
9382 	1
9383 	1
9385 	1
9386 	1
9391 	1
9395 	1
9397 	1
9399 	1
9401 	1
9404 	1
9405 	1
9410 	1
9412 	1
9416 	1
9417 	1
9420 	1
9422 	1
9424 	1
9429 	1
9430 	1
9431 	1
9443 	1
9444 	1
9445 	1
9446 	1
9447 	1
9449 	1
9450 	1
9451 	1
9452 	1
9454 	1
9455 	1
9456 	1
9460 	1
9462 	1
9465 	1
9466 	1
9467 	1
9469 	1
9472 	1
9474 	1
9475 	1
9476 	1
9477 	1
9478 	1
9479 	1
9480 	1
9481 	1
9483 	1
9485 	1
9487 	1
9488 	1
9489 	1
9490 	1
9491 	1
9493 	1
9494 	1
9496 	1
9497 	1
9498 	1
9500 	1
9501 	1
9503 	1
9506 	1
9507 	1
9508 	1
9513 	1
9514 	1
9515 	1
9517 	1
9519 	1
9520 	1
9521 	1
9523 	1
9524 	1
9525 	1
9526 	1
9527 	1
9528 	1
9530 	1
9532 	1
9534 	1
9535 	1
9536 	1
9537 	1
9539 	1
9541 	1
9542 	1
9543 	1
9544 	1
9545 	1
9548 	1
9549 	1
9551 	1
9554 	1
9555 	1
9556 	1
9559 	1
9560 	1
9562 	1
9563 	1
9565 	1
9566 	1
9569 	1
9573 	1
9575 	1
9577 	1
9578 	1
9579 	1
9580 	1
9582 	1
9583 	1
9584 	1
9589 	1
9590 	1
9594 	1
9595 	1
9597 	1
9599 	1
9600 	1
9602 	1
9604 	1
9605 	1
9609 	1
9611 	1
9612 	1
9613 	1
9614 	1
9615 	1
9616 	1
9617 	1
9621 	1
9624 	1
9627 	1
9629 	1
9630 	1
9633 	1
9634 	1
9635 	1
9636 	1
9638 	1
9644 	1
9646 	1
9649 	1
9651 	1
9652 	1
9655 	1
9656 	1
9658 	1
9662 	1
9663 	1
9664 	1
9669 	1
9670 	1
9673 	1
9674 	1
9675 	1
9677 	1
9678 	1
9679 	1
9680 	1
9683 	1
9684 	1
9685 	1
9686 	1
9687 	1
9688 	1
9690 	1
9691 	1
9692 	1
9693 	1
9695 	1
9696 	1
9698 	1
9700 	1
9701 	1
9705 	1
9709 	1
9710 	1
9712 	1
9713 	1
9714 	1
9716 	1
9720 	1
9724 	1
9727 	1
9729 	1
9731 	1
9732 	1
9734 	1
9736 	1
9737 	1
9740 	1
9741 	1
9742 	1
9744 	1
9745 	1
9746 	1
9751 	1
9755 	1
9756 	1
9758 	1
9759 	1
9760 	1
9761 	1
9762 	1
9765 	1
9770 	1
9772 	1
9773 	1
9774 	1
9775 	1
9779 	1
9783 	1
9786 	1
9788 	1
9789 	1
9790 	1
9793 	1
9797 	1
9798 	1
9799 	1
9800 	1
9804 	1
9806 	1
9807 	1
9810 	1
9812 	1
9813 	1
9815 	1
9818 	1
9819 	1
9820 	1
9821 	1
9822 	1
9823 	1
9825 	1
9827 	1
9831 	1
9832 	1
9834 	1
9836 	1
9837 	1
9838 	1
9839 	1
9840 	1
9841 	1
9842 	1
9844 	1
9845 	1
9847 	1
9848 	1
9849 	1
9851 	1
9853 	1
9854 	1
9855 	1
9860 	1
9862 	1
9863 	1
9864 	1
9870 	1
9875 	1
9879 	1
9883 	1
9884 	1
9887 	1
9888 	1
9891 	1
9894 	1
9896 	1
9898 	1
9899 	1
9900 	1
9901 	1
9902 	1
9906 	1
9907 	1
9908 	1
9909 	1
9911 	1
9915 	1
9918 	1
9919 	1
9922 	1
9923 	1
9924 	1
9925 	1
9927 	1
9929 	1
9930 	1
9931 	1
9932 	1
9935 	1
9936 	1
9938 	1
9939 	1
9940 	1
9942 	1
9943 	1
9945 	1
9946 	1
9948 	1
9951 	1
9952 	1
9954 	1
9955 	1
9956 	1
9958 	1
9961 	1
9966 	1
9968 	1
9972 	1
9976 	1
9977 	1
9981 	1
9982 	1
9983 	1
9984 	1
9987 	1
9991 	1
9992 	1
9995 	1
9997 	1
10000 	1
10004 	1
10005 	1
10007 	1
10008 	1
10010 	1
10013 	1
10015 	1
10016 	1
10019 	1
10022 	1
10024 	1
10027 	1
10028 	1
10030 	1
10031 	1
10035 	1
10041 	1
10042 	1
10045 	1
10046 	1
10048 	1
10051 	1
10052 	1
10053 	1
10055 	1
10056 	1
10059 	1
10063 	1
10064 	1
10066 	1
10067 	1
10069 	1
10071 	1
10075 	1
10076 	1
10077 	1
10083 	1
10085 	1
10086 	1
10087 	1
10088 	1
10090 	1
10091 	1
10092 	1
10093 	1
10094 	1
10095 	1
10096 	1
10098 	1
10099 	1
10100 	1
10104 	1
10105 	1
10106 	1
10108 	1
10110 	1
10114 	1
10115 	1
10118 	1
10122 	1
10123 	1
10124 	1
10125 	1
10128 	1
10129 	1
10130 	1
10136 	1
10138 	1
10140 	1
10147 	1
10149 	1
10153 	1
10154 	1
10157 	1
10159 	1
10160 	1
10161 	1
10163 	1
10167 	1
10168 	1
10170 	1
10175 	1
10177 	1
10178 	1
10179 	1
10181 	1
10182 	1
10183 	1
10185 	1
10188 	1
10189 	1
10190 	1
10192 	1
10196 	1
10210 	1
10212 	1
10213 	1
10215 	1
10217 	1
10218 	1
10221 	1
10224 	1
10226 	1
10230 	1
10234 	1
10237 	1
10241 	1
10242 	1
10243 	1
10245 	1
10246 	1
10247 	1
10249 	1
10251 	1
10253 	1
10254 	1
10257 	1
10258 	1
10260 	1
10261 	1
10262 	1
10263 	1
10265 	1
10266 	1
10267 	1
10268 	1
10269 	1
10270 	1
10272 	1
10274 	1
10275 	1
10280 	1
10281 	1
10294 	1
10300 	1
10301 	1
10303 	1
10304 	1
10306 	1
10309 	1
10311 	1
10312 	1
10315 	1
10318 	1
10319 	1
10320 	1
10322 	1
10323 	1
10325 	1
10329 	1
10332 	1
10336 	1
10339 	1
10340 	1
10341 	1
10343 	1
10344 	1
10346 	1
10347 	1
10351 	1
10353 	1
10356 	1
10358 	1
10359 	1
10360 	1
10361 	1
10362 	1
10363 	1
10364 	1
10365 	1
10366 	1
10368 	1
10369 	1
10370 	1
10371 	1
10372 	1
10373 	1
10375 	1
10378 	1
10380 	1
10381 	1
10382 	1
10391 	1
10395 	1
10396 	1
10397 	1
10399 	1
10401 	1
10402 	1
10403 	1
10405 	1
10408 	1
10409 	1
10413 	1
10414 	1
10415 	1
10416 	1
10417 	1
10419 	1
10424 	1
10427 	1
10429 	1
10430 	1
10431 	1
10432 	1
10438 	1
10440 	1
10441 	1
10443 	1
10444 	1
10445 	1
10447 	1
10451 	1
10454 	1
10455 	1
10456 	1
10462 	1
10465 	1
10467 	1
10468 	1
10470 	1
10471 	1
10472 	1
10474 	1
10477 	1
10479 	1
10480 	1
10483 	1
10487 	1
10488 	1
10489 	1
10490 	1
10493 	1
10494 	1
10495 	1
10496 	1
10499 	1
10501 	1
10502 	1
10507 	1
10509 	1
10510 	1
10511 	1
10512 	1
10513 	1
10515 	1
10517 	1
10518 	1
10522 	1
10523 	1
10527 	1
10530 	1
10531 	1
10532 	1
10534 	1
10535 	1
10536 	1
10537 	1
10539 	1
10540 	1
10541 	1
10546 	1
10551 	1
10554 	1
10555 	1
10557 	1
10558 	1
10559 	1
10561 	1
10564 	1
10567 	1
10569 	1
10572 	1
10573 	1
10576 	1
10578 	1
10579 	1
10581 	1
10583 	1
10584 	1
10585 	1
10587 	1
10588 	1
10589 	1
10594 	1
10595 	1
10596 	1
10598 	1
10600 	1
10601 	1
10603 	1
10604 	1
10609 	1
10610 	1
10611 	1
10612 	1
10613 	1
10614 	1
10615 	1
10620 	1
10621 	1
10622 	1
10623 	1
10624 	1
10625 	1
10626 	1
10627 	1
10633 	1
10634 	1
10636 	1
10637 	1
10638 	1
10642 	1
10643 	1
10647 	1
10651 	1
10652 	1
10654 	1
10656 	1
10658 	1
10659 	1
10660 	1
10662 	1
10667 	1
10669 	1
10672 	1
10673 	1
10675 	1
10676 	1
10677 	1
10678 	1
10682 	1
10683 	1
10685 	1
10688 	1
10690 	1
10691 	1
10694 	1
10696 	1
10698 	1
10700 	1
10701 	1
10703 	1
10705 	1
10708 	1
10709 	1
10710 	1
10711 	1
10713 	1
10715 	1
10717 	1
10718 	1
10719 	1
10722 	1
10726 	1
10727 	1
10728 	1
10731 	1
10739 	1
10744 	1
10746 	1
10747 	1
10748 	1
10750 	1
10753 	1
10754 	1
10757 	1
10758 	1
10760 	1
10761 	1
10762 	1
10763 	1
10764 	1
10766 	1
10769 	1
10770 	1
10776 	1
10779 	1
10783 	1
10787 	1
10788 	1
10790 	1
10791 	1
10792 	1
10795 	1
10796 	1
10801 	1
10802 	1
10803 	1
10805 	1
10806 	1
10808 	1
10809 	1
10811 	1
10813 	1
10815 	1
10818 	1
10819 	1
10820 	1
10821 	1
10822 	1
10826 	1
10832 	1
10834 	1
10835 	1
10837 	1
10838 	1
10841 	1
10844 	1
10845 	1
10848 	1
10852 	1
10853 	1
10854 	1
10857 	1
10860 	1
10861 	1
10863 	1
10864 	1
10865 	1
10867 	1
10868 	1
10870 	1
10871 	1
10873 	1
10876 	1
10877 	1
10881 	1
10882 	1
10884 	1
10886 	1
10887 	1
10890 	1
10893 	1
10894 	1
10895 	1
10896 	1
10903 	1
10905 	1
10906 	1
10907 	1
10911 	1
10912 	1
10913 	1
10916 	1
10917 	1
10919 	1
10920 	1
10924 	1
10925 	1
10928 	1
10929 	1
10933 	1
10934 	1
10938 	1
10941 	1
10942 	1
10949 	1
10951 	1
10952 	1
10958 	1
10961 	1
10964 	1
10965 	1
10968 	1
10969 	1
10973 	1
10974 	1
10975 	1
10976 	1
10978 	1
10982 	1
10983 	1
10987 	1
10992 	1
10995 	1
10998 	1
11000 	1
11003 	1
11005 	1
11009 	1
11010 	1
11011 	1
11012 	1
11013 	1
11014 	1
11018 	1
11022 	1
11023 	1
11024 	1
11025 	1
11028 	1
11029 	1
11030 	1
11033 	1
11035 	1
11037 	1
11038 	1
11040 	1
11041 	1
11042 	1
11043 	1
11044 	1
11046 	1
11048 	1
11050 	1
11051 	1
11052 	1
11055 	1
11056 	1
11057 	1
11060 	1
11062 	1
11063 	1
11064 	1
11066 	1
11068 	1
11071 	1
11072 	1
11073 	1
11078 	1
11079 	1
11081 	1
11083 	1
11085 	1
11086 	1
11088 	1
11090 	1
11091 	1
11094 	1
11095 	1
11096 	1
11097 	1
11098 	1
11099 	1
11100 	1
11101 	1
11102 	1
11103 	1
11104 	1
11108 	1
11110 	1
11112 	1
11115 	1
11120 	1
11121 	1
11124 	1
11125 	1
11130 	1
11131 	1
11133 	1
11136 	1
11139 	1
11141 	1
11143 	1
11147 	1
11148 	1
11150 	1
11153 	1
11155 	1
11158 	1
11159 	1
11160 	1
11161 	1
11163 	1
11164 	1
11165 	1
11167 	1
11168 	1
11169 	1
11173 	1
11174 	1
11175 	1
11176 	1
11178 	1
11183 	1
11186 	1
11187 	1
11192 	1
11193 	1
11195 	1
11198 	1
11199 	1
11201 	1
11206 	1
11209 	1
11210 	1
11211 	1
11212 	1
11213 	1
11214 	1
11215 	1
11216 	1
11221 	1
11223 	1
11224 	1
11225 	1
11226 	1
11227 	1
11229 	1
11231 	1
11233 	1
11234 	1
11235 	1
11237 	1
11239 	1
11241 	1
11242 	1
11243 	1
11244 	1
11247 	1
11248 	1
11249 	1
11255 	1
11257 	1
11259 	1
11260 	1
11262 	1
11264 	1
11265 	1
11267 	1
11268 	1
11271 	1
11272 	1
11274 	1
11278 	1
11279 	1
11282 	1
11284 	1
11285 	1
11286 	1
11287 	1
11289 	1
11290 	1
11292 	1
11294 	1
11298 	1
11304 	1
11305 	1
11308 	1
11309 	1
11310 	1
11311 	1
11315 	1
11318 	1
11324 	1
11327 	1
11331 	1
11332 	1
11333 	1
11334 	1
11335 	1
11339 	1
11340 	1
11341 	1
11342 	1
11343 	1
11346 	1
11347 	1
11349 	1
11351 	1
11352 	1
11353 	1
11355 	1
11358 	1
11361 	1
11370 	1
11371 	1
11372 	1
11376 	1
11377 	1
11379 	1
11380 	1
11381 	1
11382 	1
11385 	1
11386 	1
11387 	1
11388 	1
11390 	1
11391 	1
11392 	1
11395 	1
11396 	1
11397 	1
11398 	1
11400 	1
11402 	1
11403 	1
11407 	1
11408 	1
11409 	1
11412 	1
11414 	1
11416 	1
11418 	1
11419 	1
11420 	1
11424 	1
11426 	1
11433 	1
11434 	1
11435 	1
11436 	1
11437 	1
11441 	1
11442 	1
11443 	1
11444 	1
11447 	1
11450 	1
11451 	1
11453 	1
11456 	1
11457 	1
11458 	1
11459 	1
11464 	1
11465 	1
11466 	1
11468 	1
11469 	1
11471 	1
11472 	1
11473 	1
11474 	1
11475 	1
11476 	1
11477 	1
11478 	1
11481 	1
11482 	1
11483 	1
11484 	1
11485 	1
11489 	1
11490 	1
11493 	1
11494 	1
11495 	1
11497 	1
11498 	1
11502 	1
11503 	1
11505 	1
11506 	1
11507 	1
11508 	1
11509 	1
11511 	1
11518 	1
11519 	1
11520 	1
11521 	1
11522 	1
11523 	1
11524 	1
11525 	1
11528 	1
11529 	1
11530 	1
11541 	1
11542 	1
11544 	1
11550 	1
11551 	1
11552 	1
11553 	1
11554 	1
11555 	1
11557 	1
11558 	1
11560 	1
11562 	1
11563 	1
11565 	1
11570 	1
11571 	1
11572 	1
11574 	1
11578 	1
11579 	1
11585 	1
11586 	1
11587 	1
11591 	1
11596 	1
11600 	1
11601 	1
11603 	1
11605 	1
11606 	1
11607 	1
11608 	1
11610 	1
11613 	1
11615 	1
11616 	1
11621 	1
11624 	1
11625 	1
11626 	1
11631 	1
11632 	1
11639 	1
11642 	1
11643 	1
11644 	1
11646 	1
11647 	1
11648 	1
11649 	1
11650 	1
11653 	1
11654 	1
11656 	1
11657 	1
11659 	1
11660 	1
11663 	1
11664 	1
11665 	1
11669 	1
11670 	1
11671 	1
11672 	1
11673 	1
11674 	1
11676 	1
11677 	1
11679 	1
11681 	1
11682 	1
11683 	1
11684 	1
11685 	1
11686 	1
11687 	1
11688 	1
11689 	1
11690 	1
11692 	1
11694 	1
11695 	1
11696 	1
11698 	1
11700 	1
11701 	1
11702 	1
11705 	1
11706 	1
11708 	1
11713 	1
11714 	1
11716 	1
11720 	1
11721 	1
11722 	1
11723 	1
11724 	1
11726 	1
11727 	1
11731 	1
11735 	1
11736 	1
11740 	1
11741 	1
11742 	1
11744 	1
11746 	1
11747 	1
11752 	1
11753 	1
11754 	1
11756 	1
11759 	1
11760 	1
11762 	1
11763 	1
11767 	1
11771 	1
11772 	1
11775 	1
11777 	1
11778 	1
11783 	1
11784 	1
11785 	1
11786 	1
11787 	1
11790 	1
11791 	1
11792 	1
11793 	1
11794 	1
11796 	1
11799 	1
11811 	1
11813 	1
11814 	1
11817 	1
11818 	1
11819 	1
11821 	1
11822 	1
11823 	1
11827 	1
11829 	1
11831 	1
11832 	1
11834 	1
11841 	1
11842 	1
11843 	1
11849 	1
11852 	1
11854 	1
11858 	1
11859 	1
11865 	1
11867 	1
11869 	1
11871 	1
11872 	1
11873 	1
11875 	1
11876 	1
11877 	1
11880 	1
11882 	1
11883 	1
11884 	1
11886 	1
11887 	1
11888 	1
11892 	1
11893 	1
11894 	1
11896 	1
11897 	1
11899 	1
11902 	1
11903 	1
11904 	1
11905 	1
11906 	1
11911 	1
11916 	1
11921 	1
11922 	1
11923 	1
11924 	1
11927 	1
11928 	1
11931 	1
11932 	1
11934 	1
11935 	1
11936 	1
11937 	1
11938 	1
11940 	1
11941 	1
11944 	1
11946 	1
11947 	1
11949 	1
11951 	1
11952 	1
11956 	1
11959 	1
11960 	1
11963 	1
11964 	1
11966 	1
11969 	1
11970 	1
11971 	1
11972 	1
11973 	1
11975 	1
11977 	1
11981 	1
11982 	1
11984 	1
11986 	1
11987 	1
11988 	1
11992 	1
11993 	1
11994 	1
11996 	1
11998 	1
12000 	1
12001 	1
12004 	1
12007 	1
12011 	1
12012 	1
12018 	1
12021 	1
12022 	1
12024 	1
12026 	1
12027 	1
12028 	1
12031 	1
12034 	1
12037 	1
12039 	1
12040 	1
12042 	1
12046 	1
12047 	1
12048 	1
12049 	1
12050 	1
12056 	1
12057 	1
12058 	1
12059 	1
12060 	1
12064 	1
12065 	1
12071 	1
12074 	1
12075 	1
12076 	1
12078 	1
12084 	1
12085 	1
12086 	1
12091 	1
12094 	1
12095 	1
12096 	1
12097 	1
12104 	1
12106 	1
12108 	1
12110 	1
12111 	1
12112 	1
12114 	1
12115 	1
12118 	1
12119 	1
12120 	1
12122 	1
12124 	1
12125 	1
12126 	1
12129 	1
12131 	1
12133 	1
12134 	1
12135 	1
12136 	1
12138 	1
12142 	1
12144 	1
12146 	1
12147 	1
12148 	1
12152 	1
12154 	1
12155 	1
12156 	1
12157 	1
12159 	1
12160 	1
12163 	1
12164 	1
12165 	1
12166 	1
12168 	1
12171 	1
12174 	1
12176 	1
12179 	1
12180 	1
12183 	1
12184 	1
12185 	1
12187 	1
12188 	1
12192 	1
12193 	1
12194 	1
12198 	1
12204 	1
12205 	1
12207 	1
12208 	1
12214 	1
12216 	1
12217 	1
12219 	1
12222 	1
12223 	1
12225 	1
12227 	1
12228 	1
12229 	1
12233 	1
12234 	1
12236 	1
12238 	1
12244 	1
12245 	1
12246 	1
12250 	1
12252 	1
12255 	1
12256 	1
12257 	1
12258 	1
12260 	1
12262 	1
12263 	1
12266 	1
12269 	1
12270 	1
12275 	1
12280 	1
12282 	1
12284 	1
12285 	1
12289 	1
12290 	1
12293 	1
12298 	1
12300 	1
12301 	1
12302 	1
12306 	1
12310 	1
12311 	1
12312 	1
12313 	1
12314 	1
12317 	1
12323 	1
12328 	1
12331 	1
12332 	1
12337 	1
12339 	1
12340 	1
12342 	1
12346 	1
12347 	1
12348 	1
12349 	1
12350 	1
12357 	1
12361 	1
12362 	1
12365 	1
12366 	1
12370 	1
12371 	1
12374 	1
12375 	1
12378 	1
12381 	1
12382 	1
12384 	1
12387 	1
12389 	1
12390 	1
12391 	1
12392 	1
12395 	1
12397 	1
12398 	1
12401 	1
12404 	1
12405 	1
12406 	1
12410 	1
12411 	1
12412 	1
12413 	1
12415 	1
12417 	1
12419 	1
12420 	1
12422 	1
12424 	1
12427 	1
12428 	1
12430 	1
12431 	1
12433 	1
12434 	1
12435 	1
12437 	1
12438 	1
12440 	1
12442 	1
12445 	1
12447 	1
12450 	1
12451 	1
12453 	1
12455 	1
12456 	1
12457 	1
12459 	1
12460 	1
12462 	1
12463 	1
12464 	1
12465 	1
12468 	1
12469 	1
12470 	1
12473 	1
12478 	1
12480 	1
12482 	1
12483 	1
12484 	1
12485 	1
12487 	1
12490 	1
12491 	1
12492 	1
12493 	1
12494 	1
12500 	1
12502 	1
12504 	1
12505 	1
12509 	1
12513 	1
12514 	1
12515 	1
12516 	1
12517 	1
12518 	1
12520 	1
12523 	1
12531 	1
12533 	1
12536 	1
12541 	1
12543 	1
12544 	1
12545 	1
12549 	1
12550 	1
12551 	1
12555 	1
12558 	1
12560 	1
12562 	1
12563 	1
12564 	1
12565 	1
12568 	1
12570 	1
12572 	1
12574 	1
12576 	1
12577 	1
12578 	1
12582 	1
12583 	1
12584 	1
12587 	1
12589 	1
12590 	1
12591 	1
12594 	1
12596 	1
12597 	1
12599 	1
12600 	1
12604 	1
12606 	1
12608 	1
12612 	1
12613 	1
12614 	1
12618 	1
12622 	1
12623 	1
12624 	1
12628 	1
12629 	1
12632 	1
12637 	1
12638 	1
12639 	1
12640 	1
12643 	1
12647 	1
12648 	1
12653 	1
12654 	1
12656 	1
12657 	1
12661 	1
12662 	1
12665 	1
12666 	1
12671 	1
12675 	1
12678 	1
12683 	1
12685 	1
12686 	1
12688 	1
12689 	1
12694 	1
12695 	1
12699 	1
12700 	1
12702 	1
12704 	1
12706 	1
12707 	1
12709 	1
12710 	1
12712 	1
12714 	1
12715 	1
12722 	1
12724 	1
12727 	1
12728 	1
12734 	1
12736 	1
12737 	1
12738 	1
12739 	1
12741 	1
12743 	1
12746 	1
12749 	1
12750 	1
12753 	1
12754 	1
12755 	1
12757 	1
12758 	1
12761 	1
12765 	1
12767 	1
12768 	1
12775 	1
12781 	1
12782 	1
12784 	1
12785 	1
12786 	1
12788 	1
12789 	1
12791 	1
12794 	1
12797 	1
12798 	1
12802 	1
12803 	1
12805 	1
12807 	1
12810 	1
12812 	1
12814 	1
12815 	1
12817 	1
12818 	1
12819 	1
12820 	1
12823 	1
12824 	1
12826 	1
12827 	1
12830 	1
12832 	1
12840 	1
12841 	1
12843 	1
12847 	1
12848 	1
12850 	1
12852 	1
12853 	1
12854 	1
12855 	1
12856 	1
12857 	1
12861 	1
12865 	1
12866 	1
12869 	1
12870 	1
12872 	1
12875 	1
12877 	1
12879 	1
12880 	1
12883 	1
12885 	1
12886 	1
12888 	1
12890 	1
12891 	1
12895 	1
12896 	1
12898 	1
12899 	1
12900 	1
12903 	1
12907 	1
12909 	1
12910 	1
12912 	1
12919 	1
12922 	1
12923 	1
12924 	1
12925 	1
12927 	1
12928 	1
12929 	1
12932 	1
12934 	1
12937 	1
12939 	1
12940 	1
12943 	1
12944 	1
12954 	1
12957 	1
12959 	1
12961 	1
12962 	1
12963 	1
12965 	1
12969 	1
12970 	1
12975 	1
12976 	1
12978 	1
12979 	1
12981 	1
12984 	1
12985 	1
12987 	1
12988 	1
12990 	1
12991 	1
12992 	1
12994 	1
12999 	1
13000 	1
13001 	1
13004 	1
13006 	1
13009 	1
13014 	1
13016 	1
13018 	1
13022 	1
13023 	1
13024 	1
13025 	1
13027 	1
13029 	1
13031 	1
13032 	1
13034 	1
13035 	1
13036 	1
13038 	1
13040 	1
13043 	1
13044 	1
13045 	1
13048 	1
13049 	1
13051 	1
13054 	1
13056 	1
13057 	1
13064 	1
13066 	1
13068 	1
13071 	1
13073 	1
13075 	1
13076 	1
13077 	1
13079 	1
13082 	1
13084 	1
13087 	1
13088 	1
13089 	1
13090 	1
13091 	1
13092 	1
13093 	1
13094 	1
13096 	1
13097 	1
13100 	1
13101 	1
13103 	1
13105 	1
13112 	1
13113 	1
13114 	1
13117 	1
13119 	1
13120 	1
13124 	1
13125 	1
13126 	1
13130 	1
13131 	1
13133 	1
13135 	1
13136 	1
13139 	1
13141 	1
13144 	1
13145 	1
13150 	1
13152 	1
13157 	1
13159 	1
13160 	1
13162 	1
13164 	1
13166 	1
13168 	1
13169 	1
13171 	1
13177 	1
13179 	1
13182 	1
13185 	1
13186 	1
13188 	1
13189 	1
13191 	1
13194 	1
13196 	1
13199 	1
13205 	1
13206 	1
13207 	1
13208 	1
13209 	1
13224 	1
13229 	1
13230 	1
13232 	1
13235 	1
13236 	1
13240 	1
13242 	1
13243 	1
13244 	1
13246 	1
13248 	1
13249 	1
13254 	1
13255 	1
13258 	1
13265 	1
13270 	1
13271 	1
13272 	1
13273 	1
13274 	1
13279 	1
13280 	1
13284 	1
13285 	1
13286 	1
13288 	1
13290 	1
13291 	1
13292 	1
13293 	1
13294 	1
13295 	1
13301 	1
13302 	1
13303 	1
13305 	1
13307 	1
13309 	1
13310 	1
13311 	1
13312 	1
13313 	1
13314 	1
13316 	1
13317 	1
13318 	1
13320 	1
13321 	1
13322 	1
13327 	1
13330 	1
13332 	1
13335 	1
13336 	1
13338 	1
13339 	1
13341 	1
13342 	1
13349 	1
13350 	1
13351 	1
13354 	1
13355 	1
13357 	1
13359 	1
13361 	1
13362 	1
13364 	1
13366 	1
13367 	1
13368 	1
13369 	1
13371 	1
13372 	1
13373 	1
13375 	1
13378 	1
13379 	1
13383 	1
13384 	1
13385 	1
13388 	1
13390 	1
13391 	1
13392 	1
13393 	1
13395 	1
13397 	1
13398 	1
13401 	1
13403 	1
13406 	1
13407 	1
13409 	1
13410 	1
13411 	1
13413 	1
13415 	1
13416 	1
13417 	1
13422 	1
13425 	1
13426 	1
13431 	1
13433 	1
13434 	1
13438 	1
13442 	1
13443 	1
13450 	1
13451 	1
13453 	1
13457 	1
13459 	1
13463 	1
13464 	1
13466 	1
13468 	1
13469 	1
13470 	1
13471 	1
13474 	1
13477 	1
13478 	1
13479 	1
13480 	1
13481 	1
13483 	1
13484 	1
13486 	1
13488 	1
13490 	1
13494 	1
13495 	1
13502 	1
13503 	1
13504 	1
13507 	1
13509 	1
13510 	1
13512 	1
13514 	1
13517 	1
13520 	1
13522 	1
13523 	1
13529 	1
13532 	1
13534 	1
13535 	1
13537 	1
13543 	1
13546 	1
13552 	1
13555 	1
13558 	1
13559 	1
13560 	1
13563 	1
13564 	1
13566 	1
13567 	1
13570 	1
13573 	1
13575 	1
13576 	1
13581 	1
13584 	1
13585 	1
13587 	1
13589 	1
13590 	1
13592 	1
13594 	1
13595 	1
13596 	1
13598 	1
13600 	1
13601 	1
13604 	1
13607 	1
13609 	1
13610 	1
13613 	1
13614 	1
13615 	1
13616 	1
13617 	1
13618 	1
13620 	1
13621 	1
13622 	1
13624 	1
13626 	1
13627 	1
13628 	1
13630 	1
13633 	1
13634 	1
13635 	1
13637 	1
13639 	1
13640 	1
13643 	1
13646 	1
13647 	1
13650 	1
13651 	1
13653 	1
13654 	1
13656 	1
13657 	1
13658 	1
13660 	1
13664 	1
13666 	1
13670 	1
13673 	1
13678 	1
13681 	1
13682 	1
13683 	1
13685 	1
13687 	1
13690 	1
13691 	1
13692 	1
13695 	1
13698 	1
13702 	1
13705 	1
13708 	1
13709 	1
13710 	1
13711 	1
13712 	1
13713 	1
13717 	1
13719 	1
13720 	1
13721 	1
13722 	1
13723 	1
13727 	1
13733 	1
13734 	1
13735 	1
13736 	1
13739 	1
13741 	1
13743 	1
13745 	1
13752 	1
13753 	1
13754 	1
13755 	1
13756 	1
13764 	1
13765 	1
13769 	1
13770 	1
13776 	1
13777 	1
13778 	1
13779 	1
13783 	1
13785 	1
13787 	1
13789 	1
13790 	1
13791 	1
13793 	1
13794 	1
13796 	1
13799 	1
13802 	1
13806 	1
13807 	1
13810 	1
13811 	1
13813 	1
13814 	1
13815 	1
13816 	1
13817 	1
13818 	1
13819 	1
13820 	1
13821 	1
13828 	1
13829 	1
13830 	1
13831 	1
13834 	1
13840 	1
13841 	1
13843 	1
13844 	1
13846 	1
13851 	1
13852 	1
13853 	1
13857 	1
13858 	1
13861 	1
13862 	1
13863 	1
13866 	1
13871 	1
13872 	1
13874 	1
13876 	1
13879 	1
13880 	1
13883 	1
13884 	1
13886 	1
13887 	1
13889 	1
13891 	1
13894 	1
13895 	1
13900 	1
13901 	1
13902 	1
13903 	1
13905 	1
13907 	1
13908 	1
13909 	1
13912 	1
13913 	1
13915 	1
13917 	1
13922 	1
13923 	1
13924 	1
13926 	1
13932 	1
13933 	1
13936 	1
13938 	1
13939 	1
13941 	1
13944 	1
13945 	1
13947 	1
13948 	1
13950 	1
13951 	1
13955 	1
13956 	1
13957 	1
13960 	1
13964 	1
13965 	1
13966 	1
13969 	1
13970 	1
13975 	1
13978 	1
13980 	1
13983 	1
13985 	1
13986 	1
13987 	1
13988 	1
13991 	1
13993 	1
13994 	1
13996 	1
13997 	1
13998 	1
14001 	1
14002 	1
14003 	1
14004 	1
14005 	1
14006 	1
14008 	1
14010 	1
14011 	1
14012 	1
14013 	1
14018 	1
14020 	1
14021 	1
14022 	1
14024 	1
14026 	1
14027 	1
14030 	1
14031 	1
14033 	1
14036 	1
14039 	1
14042 	1
14043 	1
14045 	1
14046 	1
14052 	1
14053 	1
14056 	1
14057 	1
14058 	1
14059 	1
14061 	1
14063 	1
14065 	1
14066 	1
14068 	1
14072 	1
14075 	1
14076 	1
14078 	1
14081 	1
14084 	1
14085 	1
14086 	1
14087 	1
14090 	1
14093 	1
14094 	1
14095 	1
14099 	1
14102 	1
14105 	1
14106 	1
14107 	1
14108 	1
14109 	1
14110 	1
14113 	1
14116 	1
14117 	1
14118 	1
14119 	1
14121 	1
14122 	1
14123 	1
14125 	1
14126 	1
14127 	1
14128 	1
14134 	1
14136 	1
14138 	1
14140 	1
14141 	1
14143 	1
14144 	1
14146 	1
14147 	1
14149 	1
14151 	1
14152 	1
14153 	1
14154 	1
14156 	1
14157 	1
14158 	1
14159 	1
14160 	1
14162 	1
14163 	1
14168 	1
14169 	1
14171 	1
14174 	1
14176 	1
14178 	1
14181 	1
14182 	1
14184 	1
14187 	1
14189 	1
14191 	1
14195 	1
14197 	1
14199 	1
14202 	1
14203 	1
14209 	1
14211 	1
14215 	1
14220 	1
14221 	1
14223 	1
14225 	1
14226 	1
14228 	1
14231 	1
14233 	1
14234 	1
14238 	1
14240 	1
14241 	1
14242 	1
14244 	1
14247 	1
14248 	1
14251 	1
14253 	1
14254 	1
14255 	1
14257 	1
14261 	1
14262 	1
14263 	1
14266 	1
14267 	1
14270 	1
14273 	1
14274 	1
14277 	1
14278 	1
14285 	1
14286 	1
14287 	1
14288 	1
14292 	1
14295 	1
14296 	1
14300 	1
14301 	1
14303 	1
14305 	1
14310 	1
14311 	1
14314 	1
14316 	1
14317 	1
14321 	1
14324 	1
14325 	1
14326 	1
14327 	1
14329 	1
14330 	1
14332 	1
14333 	1
14334 	1
14335 	1
14336 	1
14338 	1
14343 	1
14344 	1
14345 	1
14351 	1
14352 	1
14353 	1
14354 	1
14355 	1
14356 	1
14357 	1
14358 	1
14362 	1
14364 	1
14366 	1
14367 	1
14375 	1
14376 	1
14377 	1
14378 	1
14379 	1
14384 	1
14385 	1
14387 	1
14390 	1
14393 	1
14394 	1
14401 	1
14402 	1
14403 	1
14404 	1
14405 	1
14408 	1
14410 	1
14411 	1
14412 	1
14415 	1
14416 	1
14418 	1
14420 	1
14421 	1
14422 	1
14423 	1
14427 	1
14428 	1
14429 	1
14430 	1
14431 	1
14433 	1
14434 	1
14437 	1
14440 	1
14445 	1
14447 	1
14448 	1
14449 	1
14450 	1
14451 	1
14457 	1
14459 	1
14460 	1
14465 	1
14466 	1
14470 	1
14471 	1
14472 	1
14476 	1
14477 	1
14479 	1
14481 	1
14483 	1
14485 	1
14488 	1
14489 	1
14490 	1
14491 	1
14495 	1
14496 	1
14501 	1
14504 	1
14506 	1
14507 	1
14508 	1
14509 	1
14510 	1
14511 	1
14512 	1
14513 	1
14514 	1
14516 	1
14517 	1
14519 	1
14520 	1
14521 	1
14522 	1
14523 	1
14524 	1
14526 	1
14527 	1
14528 	1
14529 	1
14530 	1
14531 	1
14533 	1
14536 	1
14540 	1
14541 	1
14542 	1
14543 	1
14547 	1
14549 	1
14551 	1
14552 	1
14554 	1
14556 	1
14557 	1
14558 	1
14559 	1
14560 	1
14561 	1
14564 	1
14567 	1
14568 	1
14569 	1
14570 	1
14571 	1
14573 	1
14574 	1
14575 	1
14576 	1
14577 	1
14578 	1
14579 	1
14583 	1
14585 	1
14586 	1
14587 	1
14590 	1
14595 	1
14596 	1
14599 	1
14602 	1
14603 	1
14604 	1
14605 	1
14607 	1
14610 	1
14611 	1
14612 	1
14613 	1
14614 	1
14617 	1
14618 	1
14620 	1
14621 	1
14624 	1
14625 	1
14627 	1
14629 	1
14639 	1
14640 	1
14642 	1
14644 	1
14650 	1
14654 	1
14658 	1
14659 	0.691499085923
