Number of items 	Total Weight 	Total Profit 
7644 	2523395.75 	511379.68314 


Total time: 0.131148815155 s
Average time: 0.0327879190445 s
Last call: 2.86102294922e-06 s
Stamp 1 of the total: 0h 0m 0s 131ms 131148\u00B5s
Stamp 2 of the total: 00:00:00.0131
Pattern that ignores zeros:
131ms 131148\u00B5s
0131

Item    Fraction

3 	1
4 	1
7 	1
8 	1
9 	1
10 	1
14 	1
15 	1
16 	1
18 	1
20 	1
22 	1
23 	1
29 	1
31 	1
32 	1
35 	1
37 	1
41 	1
47 	1
51 	1
53 	1
58 	1
59 	1
60 	1
61 	1
63 	1
65 	1
66 	1
67 	1
69 	1
70 	1
73 	1
74 	1
76 	1
77 	1
78 	1
81 	1
82 	1
84 	1
86 	1
87 	1
88 	1
89 	1
92 	1
93 	1
94 	1
96 	1
97 	1
101 	1
102 	1
103 	1
104 	1
105 	1
106 	1
107 	1
110 	1
112 	1
113 	1
114 	1
116 	1
118 	1
126 	1
127 	1
128 	1
130 	1
134 	1
137 	1
139 	1
141 	1
143 	1
146 	1
149 	1
152 	1
153 	1
155 	1
156 	1
158 	1
159 	1
160 	1
161 	1
163 	1
164 	1
165 	1
170 	1
172 	1
173 	1
177 	1
181 	1
182 	1
185 	1
186 	1
188 	1
191 	1
193 	1
195 	1
196 	1
197 	1
198 	1
199 	1
202 	1
203 	1
204 	1
207 	1
210 	1
213 	1
215 	1
216 	1
218 	1
220 	1
221 	1
222 	1
224 	1
226 	1
228 	1
229 	1
230 	1
232 	1
233 	1
234 	1
235 	1
238 	1
239 	1
240 	1
241 	1
242 	1
243 	1
244 	1
248 	1
249 	1
250 	1
252 	1
253 	1
257 	1
258 	1
259 	1
267 	1
268 	1
269 	1
271 	1
272 	1
273 	1
275 	1
278 	1
279 	1
280 	1
282 	1
283 	1
288 	1
289 	1
290 	1
295 	1
298 	1
299 	1
300 	1
302 	1
305 	1
306 	1
309 	1
311 	1
313 	1
315 	1
316 	1
319 	1
323 	1
326 	1
329 	1
330 	1
331 	1
336 	1
339 	1
341 	1
343 	1
345 	1
347 	1
348 	1
354 	1
356 	1
358 	1
361 	1
362 	1
363 	1
366 	1
368 	1
370 	1
371 	1
372 	1
374 	1
379 	1
384 	1
390 	1
392 	1
393 	1
395 	1
396 	1
399 	1
400 	1
402 	1
403 	1
408 	1
409 	1
410 	1
411 	1
412 	1
413 	1
415 	1
419 	1
424 	1
425 	1
426 	1
428 	1
429 	1
430 	1
433 	1
437 	1
438 	1
439 	1
441 	1
442 	1
444 	1
445 	1
446 	1
449 	1
451 	1
455 	1
457 	1
459 	1
463 	1
465 	1
466 	1
468 	1
473 	1
474 	1
475 	1
476 	1
480 	1
483 	1
484 	1
485 	1
489 	1
490 	1
491 	1
497 	1
500 	1
501 	1
502 	1
503 	1
504 	1
508 	1
509 	1
512 	1
517 	1
518 	1
519 	1
521 	1
522 	1
523 	1
525 	1
529 	1
530 	1
531 	1
532 	1
533 	1
534 	1
537 	1
538 	1
539 	1
541 	1
542 	1
546 	1
549 	1
550 	1
551 	1
553 	1
556 	1
557 	1
558 	1
561 	1
562 	1
563 	1
565 	1
566 	1
568 	1
574 	1
576 	1
578 	1
580 	1
585 	1
586 	1
587 	1
590 	1
596 	1
597 	1
598 	1
604 	1
606 	1
607 	1
609 	1
612 	1
615 	1
616 	1
622 	1
626 	1
631 	1
635 	1
639 	1
642 	1
644 	1
645 	1
646 	1
650 	1
655 	1
657 	1
658 	1
663 	1
665 	1
666 	1
670 	1
673 	1
676 	1
677 	1
678 	1
680 	1
684 	1
686 	1
687 	1
690 	1
694 	1
697 	1
699 	1
700 	1
701 	1
703 	1
704 	1
706 	1
707 	1
708 	1
714 	1
715 	1
717 	1
718 	1
721 	1
722 	1
723 	1
724 	1
725 	1
726 	1
728 	1
730 	1
734 	1
735 	1
737 	1
738 	1
739 	1
742 	1
743 	1
744 	1
746 	1
748 	1
749 	1
750 	1
752 	1
755 	1
756 	1
758 	1
759 	1
762 	1
763 	1
769 	1
770 	1
772 	1
773 	1
777 	1
781 	1
782 	1
783 	1
784 	1
786 	1
796 	1
799 	1
801 	1
802 	1
803 	1
806 	1
816 	1
819 	1
820 	1
821 	1
823 	1
827 	1
828 	1
829 	1
831 	1
832 	1
836 	1
838 	1
839 	1
842 	1
844 	1
846 	1
851 	1
852 	1
856 	1
858 	1
859 	1
861 	1
864 	1
865 	1
867 	1
869 	1
871 	1
872 	1
873 	1
876 	1
879 	1
881 	1
884 	1
885 	1
886 	1
889 	1
890 	1
891 	1
893 	1
895 	1
897 	1
899 	1
901 	1
904 	1
905 	1
909 	1
911 	1
912 	1
914 	1
917 	1
918 	1
919 	1
921 	1
922 	1
926 	1
928 	1
929 	1
932 	1
933 	1
936 	1
944 	1
946 	1
951 	1
958 	1
959 	1
960 	1
964 	1
965 	1
967 	1
968 	1
973 	1
975 	1
979 	1
984 	1
985 	1
988 	1
990 	1
992 	1
999 	1
1000 	1
1001 	1
1002 	1
1003 	1
1010 	1
1011 	1
1015 	1
1016 	1
1018 	1
1020 	1
1021 	1
1024 	1
1026 	1
1027 	1
1029 	1
1031 	1
1035 	1
1037 	1
1043 	1
1046 	1
1047 	1
1049 	1
1050 	1
1051 	1
1053 	1
1054 	1
1055 	1
1057 	1
1059 	1
1060 	1
1061 	1
1063 	1
1064 	1
1065 	1
1070 	1
1072 	1
1074 	1
1077 	1
1080 	1
1083 	1
1084 	1
1086 	1
1087 	1
1088 	1
1089 	1
1091 	1
1093 	1
1094 	1
1097 	1
1099 	1
1100 	1
1102 	1
1105 	1
1106 	1
1107 	1
1111 	1
1115 	1
1116 	1
1117 	1
1118 	1
1119 	1
1123 	1
1127 	1
1128 	1
1129 	1
1133 	1
1135 	1
1136 	1
1138 	1
1139 	1
1140 	1
1141 	1
1143 	1
1145 	1
1146 	1
1147 	1
1149 	1
1150 	1
1152 	1
1154 	1
1163 	1
1170 	1
1171 	1
1172 	1
1174 	1
1175 	1
1176 	1
1178 	1
1183 	1
1185 	1
1191 	1
1192 	1
1195 	1
1196 	1
1197 	1
1200 	1
1201 	1
1203 	1
1207 	1
1208 	1
1209 	1
1213 	1
1214 	1
1215 	1
1216 	1
1217 	1
1218 	1
1219 	1
1223 	1
1224 	1
1225 	1
1227 	1
1228 	1
1229 	1
1230 	1
1231 	1
1236 	1
1237 	1
1238 	1
1240 	1
1242 	1
1243 	1
1245 	1
1246 	1
1251 	1
1252 	1
1253 	1
1254 	1
1256 	1
1258 	1
1260 	1
1261 	1
1262 	1
1264 	1
1266 	1
1267 	1
1268 	1
1271 	1
1272 	1
1273 	1
1274 	1
1276 	1
1279 	1
1281 	1
1282 	1
1283 	1
1285 	1
1289 	1
1292 	1
1293 	1
1296 	1
1300 	1
1302 	1
1309 	1
1310 	1
1311 	1
1312 	1
1316 	1
1317 	1
1320 	1
1323 	1
1324 	1
1326 	1
1327 	1
1328 	1
1330 	1
1331 	1
1334 	1
1335 	1
1336 	1
1337 	1
1339 	1
1342 	1
1348 	1
1349 	1
1350 	1
1353 	1
1356 	1
1358 	1
1359 	1
1360 	1
1361 	1
1363 	1
1366 	1
1368 	1
1370 	1
1371 	1
1373 	1
1374 	1
1376 	1
1381 	1
1382 	1
1385 	1
1386 	1
1388 	1
1390 	1
1392 	1
1393 	1
1394 	1
1399 	1
1400 	1
1401 	1
1402 	1
1403 	1
1406 	1
1408 	1
1411 	1
1412 	1
1418 	1
1420 	1
1421 	1
1424 	1
1426 	1
1428 	1
1429 	1
1431 	1
1436 	1
1438 	1
1440 	1
1441 	1
1442 	1
1443 	1
1445 	1
1446 	1
1450 	1
1453 	1
1454 	1
1456 	1
1457 	1
1458 	1
1461 	1
1465 	1
1466 	1
1467 	1
1472 	1
1473 	1
1474 	1
1479 	1
1480 	1
1481 	1
1484 	1
1486 	1
1487 	1
1492 	1
1493 	1
1494 	1
1497 	1
1498 	1
1501 	1
1502 	1
1504 	1
1505 	1
1506 	1
1507 	1
1508 	1
1511 	1
1512 	1
1514 	1
1515 	1
1518 	1
1520 	1
1521 	1
1522 	1
1523 	1
1524 	1
1525 	1
1527 	1
1528 	1
1529 	1
1530 	1
1531 	1
1532 	1
1533 	1
1534 	1
1539 	1
1540 	1
1541 	1
1542 	1
1543 	1
1544 	1
1546 	1
1547 	1
1549 	1
1550 	1
1554 	1
1556 	1
1557 	1
1558 	1
1560 	1
1561 	1
1562 	1
1566 	1
1567 	1
1570 	1
1571 	1
1573 	1
1574 	1
1576 	1
1577 	1
1578 	1
1580 	1
1581 	1
1582 	1
1586 	1
1589 	1
1590 	1
1591 	1
1592 	1
1595 	1
1597 	1
1598 	1
1604 	1
1605 	1
1606 	1
1608 	1
1611 	1
1612 	1
1613 	1
1614 	1
1616 	1
1617 	1
1621 	1
1629 	1
1631 	1
1634 	1
1639 	1
1642 	1
1645 	1
1647 	1
1649 	1
1654 	1
1660 	1
1666 	1
1667 	1
1668 	1
1670 	1
1671 	1
1673 	1
1674 	1
1676 	1
1677 	1
1680 	1
1682 	1
1684 	1
1685 	1
1687 	1
1691 	1
1692 	1
1693 	1
1694 	1
1700 	1
1703 	1
1705 	1
1706 	1
1707 	1
1711 	1
1715 	1
1716 	1
1717 	1
1718 	1
1720 	1
1721 	1
1722 	1
1723 	1
1724 	1
1725 	1
1726 	1
1727 	1
1728 	1
1729 	1
1730 	1
1734 	1
1737 	1
1738 	1
1739 	1
1741 	1
1743 	1
1747 	1
1749 	1
1752 	1
1754 	1
1757 	1
1758 	1
1760 	1
1761 	1
1765 	1
1766 	1
1769 	1
1773 	1
1774 	1
1775 	1
1776 	1
1780 	1
1781 	1
1783 	1
1789 	1
1791 	1
1793 	1
1795 	1
1802 	1
1803 	1
1804 	1
1806 	1
1807 	1
1808 	1
1812 	1
1813 	1
1815 	1
1816 	1
1820 	1
1821 	1
1824 	1
1826 	1
1827 	1
1828 	1
1831 	1
1833 	1
1836 	1
1839 	1
1841 	1
1844 	1
1847 	1
1851 	1
1852 	1
1854 	1
1856 	1
1857 	1
1858 	1
1859 	1
1861 	1
1862 	1
1865 	1
1866 	1
1869 	1
1871 	1
1874 	1
1877 	1
1879 	1
1881 	1
1882 	1
1883 	1
1885 	1
1887 	1
1890 	1
1894 	1
1896 	1
1899 	1
1900 	1
1902 	1
1909 	1
1912 	1
1914 	1
1915 	1
1917 	1
1921 	1
1922 	1
1923 	1
1925 	1
1929 	1
1930 	1
1931 	1
1932 	1
1934 	1
1935 	1
1941 	1
1942 	1
1946 	1
1948 	1
1949 	1
1950 	1
1951 	1
1953 	1
1954 	1
1955 	1
1957 	1
1958 	1
1960 	1
1964 	1
1965 	1
1969 	1
1970 	1
1973 	1
1974 	1
1976 	1
1982 	1
1984 	1
1990 	1
1993 	1
1995 	1
1996 	1
1999 	1
2000 	1
2002 	1
2013 	1
2014 	1
2017 	1
2018 	1
2023 	1
2025 	1
2026 	1
2027 	1
2028 	1
2030 	1
2031 	1
2032 	1
2033 	1
2034 	1
2036 	1
2038 	1
2039 	1
2044 	1
2045 	1
2054 	1
2055 	1
2056 	1
2059 	1
2060 	1
2064 	1
2066 	1
2067 	1
2068 	1
2069 	1
2070 	1
2071 	1
2072 	1
2073 	1
2079 	1
2080 	1
2081 	1
2083 	1
2085 	1
2086 	1
2087 	1
2090 	1
2091 	1
2092 	1
2095 	1
2096 	1
2097 	1
2099 	1
2101 	1
2102 	1
2104 	1
2105 	1
2109 	1
2110 	1
2114 	1
2121 	1
2122 	1
2124 	1
2125 	1
2127 	1
2131 	1
2133 	1
2134 	1
2135 	1
2136 	1
2142 	1
2147 	1
2148 	1
2150 	1
2151 	1
2152 	1
2153 	1
2156 	1
2158 	1
2159 	1
2160 	1
2164 	1
2165 	1
2167 	1
2168 	1
2172 	1
2173 	1
2179 	1
2180 	1
2181 	1
2182 	1
2183 	1
2184 	1
2185 	1
2187 	1
2191 	1
2192 	1
2193 	1
2195 	1
2197 	1
2202 	1
2203 	1
2204 	1
2207 	1
2210 	1
2213 	1
2214 	1
2215 	1
2216 	1
2221 	1
2222 	1
2223 	1
2224 	1
2226 	1
2227 	1
2228 	1
2229 	1
2230 	1
2232 	1
2233 	1
2234 	1
2235 	1
2236 	1
2239 	1
2241 	1
2245 	1
2248 	1
2250 	1
2251 	1
2252 	1
2258 	1
2260 	1
2263 	1
2266 	1
2267 	1
2270 	1
2271 	1
2272 	1
2273 	1
2275 	1
2277 	1
2279 	1
2280 	1
2282 	1
2283 	1
2285 	1
2287 	1
2293 	1
2298 	1
2302 	1
2307 	1
2312 	1
2314 	1
2315 	1
2316 	1
2317 	1
2327 	1
2328 	1
2330 	1
2331 	1
2332 	1
2334 	1
2335 	1
2336 	1
2339 	1
2341 	1
2344 	1
2345 	1
2347 	1
2349 	1
2353 	1
2355 	1
2359 	1
2363 	1
2365 	1
2367 	1
2368 	1
2369 	1
2374 	1
2377 	1
2381 	1
2389 	1
2390 	1
2391 	1
2395 	1
2396 	1
2397 	1
2400 	1
2402 	1
2405 	1
2406 	1
2407 	1
2408 	1
2409 	1
2411 	1
2416 	1
2417 	1
2419 	1
2422 	1
2423 	1
2424 	1
2425 	1
2426 	1
2427 	1
2432 	1
2434 	1
2436 	1
2437 	1
2440 	1
2441 	1
2443 	1
2445 	1
2446 	1
2452 	1
2453 	1
2454 	1
2455 	1
2457 	1
2458 	1
2459 	1
2464 	1
2467 	1
2471 	1
2473 	1
2474 	1
2476 	1
2477 	1
2479 	1
2480 	1
2482 	1
2483 	1
2487 	1
2488 	1
2491 	1
2492 	1
2493 	1
2500 	1
2501 	1
2503 	1
2507 	1
2508 	1
2510 	1
2513 	1
2514 	1
2515 	1
2516 	1
2517 	1
2518 	1
2520 	1
2522 	1
2523 	1
2525 	1
2527 	1
2528 	1
2535 	1
2537 	1
2539 	1
2541 	1
2542 	1
2544 	1
2545 	1
2548 	1
2550 	1
2551 	1
2553 	1
2554 	1
2555 	1
2556 	1
2559 	1
2567 	1
2570 	1
2572 	1
2580 	1
2581 	1
2583 	1
2584 	1
2585 	1
2586 	1
2588 	1
2590 	1
2592 	1
2593 	1
2597 	1
2600 	1
2601 	1
2602 	1
2603 	1
2604 	1
2605 	1
2606 	1
2608 	1
2609 	1
2612 	1
2614 	1
2617 	1
2618 	1
2622 	1
2627 	1
2628 	1
2629 	1
2630 	1
2633 	1
2638 	1
2640 	1
2642 	1
2645 	1
2647 	1
2653 	1
2654 	1
2656 	1
2658 	1
2659 	1
2662 	1
2664 	1
2666 	1
2667 	1
2668 	1
2672 	1
2674 	1
2675 	1
2677 	1
2678 	1
2679 	1
2681 	1
2683 	1
2685 	1
2686 	1
2687 	1
2688 	1
2689 	1
2691 	1
2692 	1
2693 	1
2694 	1
2695 	1
2696 	1
2700 	1
2701 	1
2702 	1
2703 	1
2707 	1
2708 	1
2710 	1
2711 	1
2712 	1
2715 	1
2718 	1
2721 	1
2724 	1
2725 	1
2726 	1
2727 	1
2728 	1
2729 	1
2731 	1
2732 	1
2735 	1
2738 	1
2739 	1
2743 	1
2744 	1
2746 	1
2747 	1
2752 	1
2759 	1
2760 	1
2762 	1
2764 	1
2770 	1
2773 	1
2776 	1
2777 	1
2778 	1
2780 	1
2781 	1
2782 	1
2783 	1
2784 	1
2786 	1
2787 	1
2788 	1
2789 	1
2790 	1
2793 	1
2795 	1
2796 	1
2797 	1
2798 	1
2801 	1
2802 	1
2806 	1
2809 	1
2810 	1
2812 	1
2818 	1
2819 	1
2820 	1
2821 	1
2827 	1
2828 	1
2829 	1
2835 	1
2836 	1
2837 	1
2839 	1
2840 	1
2842 	1
2843 	1
2850 	1
2851 	1
2852 	1
2853 	1
2855 	1
2856 	1
2858 	1
2860 	1
2862 	1
2869 	1
2870 	1
2872 	1
2875 	1
2876 	1
2881 	1
2882 	1
2887 	1
2888 	1
2889 	1
2891 	1
2894 	1
2895 	1
2896 	1
2897 	1
2898 	1
2899 	1
2901 	1
2902 	1
2903 	1
2904 	1
2907 	1
2909 	1
2911 	1
2913 	1
2915 	1
2917 	1
2918 	1
2919 	1
2921 	1
2922 	1
2923 	1
2924 	1
2925 	1
2927 	1
2930 	1
2931 	1
2937 	1
2944 	1
2946 	1
2948 	1
2951 	1
2952 	1
2953 	1
2954 	1
2955 	1
2961 	1
2968 	1
2969 	1
2971 	1
2972 	1
2974 	1
2975 	1
2978 	1
2979 	1
2981 	1
2982 	1
2984 	1
2986 	1
2988 	1
2990 	1
2991 	1
2992 	1
2997 	1
2998 	1
2999 	1
3004 	1
3005 	1
3007 	1
3010 	1
3011 	1
3012 	1
3016 	1
3017 	1
3019 	1
3020 	1
3021 	1
3024 	1
3027 	1
3028 	1
3031 	1
3033 	1
3036 	1
3037 	1
3038 	1
3041 	1
3046 	1
3048 	1
3050 	1
3052 	1
3053 	1
3054 	1
3055 	1
3057 	1
3059 	1
3060 	1
3061 	1
3064 	1
3066 	1
3067 	1
3070 	1
3073 	1
3079 	1
3080 	1
3081 	1
3082 	1
3083 	1
3088 	1
3094 	1
3095 	1
3096 	1
3098 	1
3099 	1
3101 	1
3103 	1
3105 	1
3108 	1
3112 	1
3113 	1
3115 	1
3116 	1
3119 	1
3120 	1
3122 	1
3124 	1
3126 	1
3127 	1
3131 	1
3132 	1
3136 	1
3137 	1
3138 	1
3139 	1
3141 	1
3142 	1
3143 	1
3149 	1
3150 	1
3151 	1
3158 	1
3161 	1
3162 	1
3163 	1
3164 	1
3167 	1
3168 	1
3170 	1
3172 	1
3174 	1
3175 	1
3180 	1
3181 	1
3182 	1
3184 	1
3186 	1
3188 	1
3189 	1
3191 	1
3194 	1
3195 	1
3199 	1
3200 	1
3203 	1
3204 	1
3205 	1
3206 	1
3207 	1
3208 	1
3209 	1
3210 	1
3213 	1
3214 	1
3218 	1
3219 	1
3223 	1
3224 	1
3225 	1
3226 	1
3227 	1
3228 	1
3229 	1
3230 	1
3234 	1
3235 	1
3243 	1
3244 	1
3246 	1
3247 	1
3248 	1
3250 	1
3251 	1
3252 	1
3254 	1
3256 	1
3257 	1
3260 	1
3262 	1
3263 	1
3264 	1
3265 	1
3269 	1
3270 	1
3272 	1
3274 	1
3275 	1
3276 	1
3277 	1
3278 	1
3279 	1
3281 	1
3287 	1
3288 	1
3291 	1
3294 	1
3295 	1
3299 	1
3300 	1
3302 	1
3304 	1
3305 	1
3306 	1
3307 	1
3308 	1
3309 	1
3313 	1
3315 	1
3316 	1
3318 	1
3319 	1
3322 	1
3326 	1
3327 	1
3329 	1
3330 	1
3334 	1
3336 	1
3337 	1
3339 	1
3340 	1
3341 	1
3348 	1
3351 	1
3353 	1
3355 	1
3358 	1
3366 	1
3368 	1
3370 	1
3374 	1
3376 	1
3378 	1
3380 	1
3386 	1
3387 	1
3388 	1
3390 	1
3392 	1
3394 	1
3397 	1
3398 	1
3399 	1
3401 	1
3403 	1
3404 	1
3405 	1
3408 	1
3409 	1
3411 	1
3412 	1
3413 	1
3416 	1
3417 	1
3424 	1
3427 	1
3428 	1
3430 	1
3431 	1
3432 	1
3433 	1
3434 	1
3435 	1
3436 	1
3437 	1
3438 	1
3439 	1
3440 	1
3442 	1
3443 	1
3444 	1
3447 	1
3448 	1
3450 	1
3454 	1
3456 	1
3458 	1
3462 	1
3463 	1
3464 	1
3465 	1
3466 	1
3470 	1
3471 	1
3473 	1
3474 	1
3475 	1
3476 	1
3478 	1
3480 	1
3482 	1
3484 	1
3485 	1
3486 	1
3489 	1
3492 	1
3493 	1
3494 	1
3495 	1
3499 	1
3502 	1
3508 	1
3509 	1
3510 	1
3512 	1
3513 	1
3514 	1
3515 	1
3516 	1
3517 	1
3518 	1
3521 	1
3523 	1
3526 	1
3527 	1
3531 	1
3534 	1
3536 	1
3540 	1
3541 	1
3542 	1
3545 	1
3548 	1
3549 	1
3551 	1
3553 	1
3554 	1
3555 	1
3556 	1
3558 	1
3560 	1
3564 	1
3565 	1
3566 	1
3570 	1
3571 	1
3572 	1
3573 	1
3574 	1
3578 	1
3579 	1
3581 	1
3582 	1
3583 	1
3584 	1
3586 	1
3590 	1
3591 	1
3593 	1
3595 	1
3600 	1
3601 	1
3603 	1
3608 	1
3609 	1
3612 	1
3614 	1
3615 	1
3617 	1
3618 	1
3620 	1
3622 	1
3625 	1
3626 	1
3627 	1
3629 	1
3631 	1
3633 	1
3634 	1
3635 	1
3636 	1
3637 	1
3638 	1
3639 	1
3640 	1
3641 	1
3643 	1
3644 	1
3645 	1
3646 	1
3648 	1
3649 	1
3653 	1
3654 	1
3655 	1
3657 	1
3658 	1
3659 	1
3662 	1
3666 	1
3670 	1
3671 	1
3673 	1
3674 	1
3676 	1
3677 	1
3678 	1
3681 	1
3685 	1
3689 	1
3690 	1
3692 	1
3696 	1
3697 	1
3698 	1
3703 	1
3705 	1
3706 	1
3707 	1
3712 	1
3713 	1
3715 	1
3716 	1
3718 	1
3722 	1
3723 	1
3724 	1
3726 	1
3730 	1
3734 	1
3735 	1
3741 	1
3742 	1
3743 	1
3745 	1
3750 	1
3751 	1
3752 	1
3754 	1
3756 	1
3757 	1
3759 	1
3760 	1
3763 	1
3764 	1
3766 	1
3769 	1
3770 	1
3773 	1
3774 	1
3775 	1
3777 	1
3782 	1
3787 	1
3791 	1
3792 	1
3799 	1
3801 	1
3803 	1
3811 	1
3815 	1
3816 	1
3817 	1
3822 	1
3824 	1
3825 	1
3827 	1
3828 	1
3829 	1
3830 	1
3832 	1
3833 	1
3839 	1
3842 	1
3844 	1
3846 	1
3848 	1
3851 	1
3852 	1
3854 	1
3856 	1
3858 	1
3862 	1
3865 	1
3867 	1
3869 	1
3870 	1
3872 	1
3874 	1
3875 	1
3876 	1
3877 	1
3878 	1
3881 	1
3883 	1
3884 	1
3885 	1
3886 	1
3887 	1
3889 	1
3890 	1
3895 	1
3896 	1
3897 	1
3898 	1
3899 	1
3901 	1
3906 	1
3910 	1
3914 	1
3918 	1
3919 	1
3923 	1
3927 	1
3930 	1
3931 	1
3933 	1
3936 	1
3937 	1
3939 	1
3944 	1
3947 	1
3949 	1
3951 	1
3953 	1
3954 	1
3955 	1
3957 	1
3962 	1
3965 	1
3966 	1
3967 	1
3968 	1
3970 	1
3971 	1
3974 	1
3976 	1
3980 	1
3981 	1
3983 	1
3984 	1
3986 	1
3987 	1
3988 	1
3989 	1
3990 	1
3992 	1
3993 	1
3994 	1
3996 	1
3998 	1
4000 	1
4001 	1
4004 	1
4005 	1
4006 	1
4008 	1
4011 	1
4015 	1
4016 	1
4020 	1
4021 	1
4022 	1
4025 	1
4027 	1
4032 	1
4035 	1
4038 	1
4039 	1
4041 	1
4044 	1
4045 	1
4046 	1
4047 	1
4049 	1
4050 	1
4051 	1
4054 	1
4056 	1
4058 	1
4059 	1
4060 	1
4062 	1
4064 	1
4065 	1
4069 	1
4070 	1
4073 	1
4075 	1
4079 	1
4082 	1
4084 	1
4085 	1
4086 	1
4087 	1
4088 	1
4090 	1
4092 	1
4093 	1
4095 	1
4097 	1
4101 	1
4102 	1
4103 	1
4105 	1
4112 	1
4113 	1
4114 	1
4115 	1
4120 	1
4122 	1
4124 	1
4125 	1
4127 	1
4129 	1
4134 	1
4136 	1
4137 	1
4138 	1
4140 	1
4141 	1
4144 	1
4148 	1
4151 	1
4152 	1
4153 	1
4156 	1
4157 	1
4158 	1
4159 	1
4160 	1
4162 	1
4163 	1
4165 	1
4166 	1
4167 	1
4168 	1
4169 	1
4170 	1
4171 	1
4174 	1
4175 	1
4176 	1
4177 	1
4184 	1
4186 	1
4188 	1
4192 	1
4195 	1
4197 	1
4199 	1
4200 	1
4201 	1
4203 	1
4204 	1
4205 	1
4206 	1
4211 	1
4214 	1
4215 	1
4216 	1
4219 	1
4221 	1
4224 	1
4225 	1
4228 	1
4229 	1
4230 	1
4233 	1
4234 	1
4235 	1
4238 	1
4239 	1
4240 	1
4241 	1
4242 	1
4244 	1
4245 	1
4246 	1
4247 	1
4248 	1
4250 	1
4252 	1
4254 	1
4255 	1
4256 	1
4257 	1
4258 	1
4261 	1
4263 	1
4266 	1
4267 	1
4276 	1
4280 	1
4281 	1
4283 	1
4285 	1
4287 	1
4289 	1
4294 	1
4296 	1
4297 	1
4299 	1
4304 	1
4305 	1
4306 	1
4312 	1
4313 	1
4318 	1
4322 	1
4326 	1
4327 	1
4328 	1
4329 	1
4331 	1
4332 	1
4333 	1
4335 	1
4340 	1
4341 	1
4347 	1
4351 	1
4354 	1
4355 	1
4356 	1
4357 	1
4362 	1
4363 	1
4364 	1
4368 	1
4369 	1
4370 	1
4373 	1
4375 	1
4379 	1
4382 	1
4384 	1
4385 	1
4387 	1
4390 	1
4391 	1
4392 	1
4394 	1
4395 	1
4397 	1
4398 	1
4400 	1
4402 	1
4406 	1
4407 	1
4408 	1
4411 	1
4412 	1
4413 	1
4414 	1
4415 	1
4416 	1
4417 	1
4419 	1
4420 	1
4422 	1
4429 	1
4431 	1
4432 	1
4435 	1
4441 	1
4443 	1
4444 	1
4445 	1
4447 	1
4448 	1
4449 	1
4450 	1
4452 	1
4455 	1
4456 	1
4458 	1
4459 	1
4462 	1
4467 	1
4468 	1
4469 	1
4473 	1
4476 	1
4481 	1
4483 	1
4484 	1
4487 	1
4489 	1
4490 	1
4491 	1
4494 	1
4495 	1
4496 	1
4497 	1
4499 	1
4502 	1
4504 	1
4506 	1
4510 	1
4513 	1
4514 	1
4515 	1
4516 	1
4518 	1
4519 	1
4522 	1
4523 	1
4524 	1
4526 	1
4529 	1
4536 	1
4537 	1
4538 	1
4539 	1
4542 	1
4543 	1
4544 	1
4545 	1
4546 	1
4547 	1
4551 	1
4552 	1
4553 	1
4555 	1
4556 	1
4557 	1
4558 	1
4560 	1
4561 	1
4564 	1
4569 	1
4570 	1
4573 	1
4575 	1
4577 	1
4578 	1
4579 	1
4580 	1
4585 	1
4587 	1
4588 	1
4592 	1
4593 	1
4594 	1
4596 	1
4597 	1
4598 	1
4601 	1
4602 	1
4603 	1
4604 	1
4606 	1
4608 	1
4609 	1
4610 	1
4614 	1
4616 	1
4617 	1
4618 	1
4619 	1
4621 	1
4622 	1
4623 	1
4624 	1
4625 	1
4626 	1
4628 	1
4629 	1
4630 	1
4631 	1
4632 	1
4633 	1
4636 	1
4639 	1
4641 	1
4642 	1
4643 	1
4644 	1
4648 	1
4649 	1
4650 	1
4651 	1
4653 	1
4654 	1
4656 	1
4662 	1
4663 	1
4664 	1
4665 	1
4666 	1
4667 	1
4668 	1
4669 	1
4672 	1
4674 	1
4675 	1
4679 	1
4681 	1
4683 	1
4685 	1
4686 	1
4689 	1
4690 	1
4691 	1
4692 	1
4694 	1
4697 	1
4698 	1
4704 	1
4705 	1
4710 	1
4713 	1
4714 	1
4716 	1
4719 	1
4721 	1
4723 	1
4725 	1
4727 	1
4728 	1
4729 	1
4731 	1
4732 	1
4740 	1
4742 	1
4743 	1
4746 	1
4749 	1
4753 	1
4754 	1
4756 	1
4760 	1
4761 	1
4762 	1
4763 	1
4764 	1
4766 	1
4767 	1
4770 	1
4772 	1
4773 	1
4774 	1
4775 	1
4776 	1
4778 	1
4779 	1
4780 	1
4785 	1
4786 	1
4787 	1
4788 	1
4789 	1
4791 	1
4794 	1
4795 	1
4796 	1
4800 	1
4801 	1
4802 	1
4809 	1
4810 	1
4812 	1
4814 	1
4819 	1
4820 	1
4822 	1
4823 	1
4826 	1
4831 	1
4836 	1
4837 	1
4838 	1
4839 	1
4841 	1
4842 	1
4846 	1
4852 	1
4853 	1
4854 	1
4855 	1
4856 	1
4859 	1
4862 	1
4864 	1
4866 	1
4869 	1
4872 	1
4876 	1
4877 	1
4879 	1
4880 	1
4881 	1
4884 	1
4885 	1
4886 	1
4887 	1
4888 	1
4892 	1
4893 	1
4894 	1
4900 	1
4903 	1
4907 	1
4908 	1
4909 	1
4914 	1
4915 	1
4917 	1
4920 	1
4922 	1
4923 	1
4926 	1
4928 	1
4929 	1
4931 	1
4936 	1
4937 	1
4938 	1
4943 	1
4947 	1
4948 	1
4949 	1
4951 	1
4953 	1
4954 	1
4955 	1
4958 	1
4959 	1
4961 	1
4962 	1
4967 	1
4970 	1
4973 	1
4974 	1
4976 	1
4977 	1
4979 	1
4980 	1
4982 	1
4984 	1
4987 	1
4991 	1
4992 	1
4994 	1
4997 	1
5002 	1
5004 	1
5006 	1
5007 	1
5011 	1
5014 	1
5015 	1
5016 	1
5017 	1
5018 	1
5021 	1
5023 	1
5024 	1
5025 	1
5027 	1
5029 	1
5034 	1
5036 	1
5038 	1
5039 	1
5040 	1
5041 	1
5042 	1
5045 	1
5047 	1
5048 	1
5049 	1
5051 	1
5052 	1
5053 	1
5054 	1
5056 	1
5057 	1
5059 	1
5062 	1
5063 	1
5065 	1
5068 	1
5069 	1
5070 	1
5071 	1
5076 	1
5078 	1
5079 	1
5080 	1
5082 	1
5083 	1
5084 	1
5086 	1
5087 	1
5089 	1
5091 	1
5094 	1
5096 	1
5097 	1
5098 	1
5101 	1
5103 	1
5105 	1
5106 	1
5107 	1
5111 	1
5113 	1
5115 	1
5117 	1
5118 	1
5121 	1
5122 	1
5123 	1
5126 	1
5128 	1
5129 	1
5131 	1
5132 	1
5138 	1
5139 	1
5142 	1
5143 	1
5145 	1
5146 	1
5147 	1
5148 	1
5149 	1
5153 	1
5154 	1
5155 	1
5158 	1
5161 	1
5162 	1
5166 	1
5167 	1
5171 	1
5173 	1
5174 	1
5176 	1
5180 	1
5181 	1
5182 	1
5184 	1
5185 	1
5187 	1
5191 	1
5194 	1
5197 	1
5202 	1
5203 	1
5210 	1
5211 	1
5212 	1
5213 	1
5218 	1
5220 	1
5221 	1
5222 	1
5223 	1
5224 	1
5228 	1
5229 	1
5232 	1
5235 	1
5237 	1
5238 	1
5240 	1
5242 	1
5245 	1
5248 	1
5249 	1
5250 	1
5253 	1
5254 	1
5256 	1
5263 	1
5264 	1
5265 	1
5267 	1
5271 	1
5272 	1
5275 	1
5278 	1
5279 	1
5281 	1
5283 	1
5284 	1
5286 	1
5287 	1
5288 	1
5289 	1
5293 	1
5295 	1
5296 	1
5298 	1
5299 	1
5300 	1
5301 	1
5303 	1
5307 	1
5311 	1
5313 	1
5314 	1
5315 	1
5319 	1
5320 	1
5321 	1
5322 	1
5323 	1
5327 	1
5328 	1
5329 	1
5330 	1
5332 	1
5333 	1
5335 	1
5336 	1
5337 	1
5339 	1
5343 	1
5345 	1
5353 	1
5354 	1
5357 	1
5358 	1
5360 	1
5362 	1
5364 	1
5365 	1
5366 	1
5370 	1
5372 	1
5377 	1
5378 	1
5379 	1
5386 	1
5388 	1
5389 	1
5390 	1
5391 	1
5393 	1
5396 	1
5397 	1
5399 	1
5402 	1
5404 	1
5405 	1
5409 	1
5413 	1
5414 	1
5420 	1
5421 	1
5422 	1
5424 	1
5428 	1
5430 	1
5431 	1
5432 	1
5436 	1
5438 	1
5445 	1
5446 	1
5447 	1
5449 	1
5452 	1
5453 	1
5454 	1
5455 	1
5456 	1
5458 	1
5459 	1
5461 	1
5462 	1
5463 	1
5465 	1
5468 	1
5469 	1
5470 	1
5473 	1
5474 	1
5475 	1
5476 	1
5478 	1
5479 	1
5480 	1
5482 	1
5484 	1
5486 	1
5493 	1
5494 	1
5495 	1
5498 	1
5500 	1
5502 	1
5503 	1
5507 	1
5508 	1
5509 	1
5510 	1
5511 	1
5512 	1
5515 	1
5516 	1
5517 	1
5518 	1
5524 	1
5525 	1
5527 	1
5529 	1
5530 	1
5532 	1
5533 	1
5535 	1
5537 	1
5538 	1
5542 	1
5543 	1
5544 	1
5548 	1
5555 	1
5557 	1
5558 	1
5559 	1
5562 	1
5565 	1
5566 	1
5567 	1
5572 	1
5573 	1
5577 	1
5578 	1
5580 	1
5585 	1
5586 	1
5589 	1
5592 	1
5598 	1
5599 	1
5600 	1
5601 	1
5603 	1
5605 	1
5607 	1
5608 	1
5610 	1
5613 	1
5614 	1
5615 	1
5619 	1
5622 	1
5624 	1
5625 	1
5626 	1
5627 	1
5631 	1
5632 	1
5634 	1
5635 	1
5640 	1
5643 	1
5644 	1
5647 	1
5649 	1
5651 	1
5652 	1
5654 	1
5655 	1
5657 	1
5658 	1
5660 	1
5662 	1
5663 	1
5666 	1
5667 	1
5668 	1
5671 	1
5674 	1
5679 	1
5680 	1
5682 	1
5683 	1
5684 	1
5686 	1
5687 	1
5688 	1
5689 	1
5692 	1
5695 	1
5701 	1
5705 	1
5706 	1
5710 	1
5714 	1
5715 	1
5718 	1
5719 	1
5720 	1
5721 	1
5727 	1
5733 	1
5734 	1
5736 	1
5738 	1
5739 	1
5757 	1
5759 	1
5760 	1
5761 	1
5762 	1
5764 	1
5769 	1
5770 	1
5773 	1
5776 	1
5778 	1
5779 	1
5782 	1
5784 	1
5791 	1
5792 	1
5798 	1
5802 	1
5806 	1
5808 	1
5809 	1
5810 	1
5812 	1
5815 	1
5816 	1
5821 	1
5822 	1
5825 	1
5831 	1
5835 	1
5836 	1
5843 	1
5844 	1
5845 	1
5846 	1
5848 	1
5850 	1
5852 	1
5856 	1
5857 	1
5859 	1
5861 	1
5862 	1
5863 	1
5867 	1
5872 	1
5876 	1
5877 	1
5878 	1
5880 	1
5881 	1
5884 	1
5885 	1
5887 	1
5888 	1
5891 	1
5892 	1
5893 	1
5894 	1
5896 	1
5898 	1
5899 	1
5900 	1
5902 	1
5903 	1
5904 	1
5906 	1
5907 	1
5908 	1
5909 	1
5915 	1
5917 	1
5919 	1
5920 	1
5921 	1
5923 	1
5924 	1
5925 	1
5926 	1
5927 	1
5928 	1
5931 	1
5932 	1
5933 	1
5934 	1
5935 	1
5936 	1
5938 	1
5942 	1
5944 	1
5948 	1
5949 	1
5952 	1
5954 	1
5955 	1
5956 	1
5957 	1
5958 	1
5961 	1
5963 	1
5967 	1
5968 	1
5969 	1
5971 	1
5973 	1
5975 	1
5977 	1
5978 	1
5983 	1
5984 	1
5990 	1
5992 	1
5993 	1
5999 	1
6001 	1
6003 	1
6004 	1
6006 	1
6007 	1
6008 	1
6009 	1
6014 	1
6018 	1
6019 	1
6020 	1
6025 	1
6026 	1
6030 	1
6031 	1
6033 	1
6037 	1
6040 	1
6041 	1
6043 	1
6047 	1
6049 	1
6050 	1
6055 	1
6056 	1
6058 	1
6059 	1
6061 	1
6062 	1
6063 	1
6065 	1
6069 	1
6072 	1
6078 	1
6080 	1
6081 	1
6082 	1
6084 	1
6085 	1
6086 	1
6089 	1
6090 	1
6093 	1
6097 	1
6099 	1
6101 	1
6104 	1
6106 	1
6108 	1
6109 	1
6111 	1
6112 	1
6114 	1
6115 	1
6116 	1
6117 	1
6118 	1
6121 	1
6125 	1
6126 	1
6127 	1
6129 	1
6131 	1
6133 	1
6134 	1
6142 	1
6146 	1
6149 	1
6150 	1
6151 	1
6154 	1
6157 	1
6158 	1
6160 	1
6165 	1
6166 	1
6168 	1
6171 	1
6172 	1
6173 	1
6179 	1
6180 	1
6181 	1
6182 	1
6185 	1
6190 	1
6194 	1
6195 	1
6198 	1
6201 	1
6203 	1
6204 	1
6205 	1
6206 	1
6209 	1
6210 	1
6213 	1
6214 	1
6215 	1
6220 	1
6223 	1
6225 	1
6226 	1
6227 	1
6229 	1
6230 	1
6231 	1
6232 	1
6233 	1
6234 	1
6238 	1
6240 	1
6241 	1
6243 	1
6244 	1
6245 	1
6246 	1
6248 	1
6252 	1
6253 	1
6257 	1
6258 	1
6261 	1
6263 	1
6266 	1
6267 	1
6268 	1
6269 	1
6271 	1
6275 	1
6278 	1
6279 	1
6280 	1
6281 	1
6284 	1
6285 	1
6290 	1
6292 	1
6293 	1
6295 	1
6297 	1
6298 	1
6299 	1
6300 	1
6303 	1
6304 	1
6305 	1
6307 	1
6310 	1
6311 	1
6312 	1
6318 	1
6320 	1
6322 	1
6324 	1
6327 	1
6328 	1
6330 	1
6332 	1
6337 	1
6340 	1
6341 	1
6342 	1
6344 	1
6345 	1
6347 	1
6351 	1
6353 	1
6356 	1
6357 	1
6358 	1
6363 	1
6364 	1
6366 	1
6368 	1
6369 	1
6371 	1
6372 	1
6375 	1
6383 	1
6386 	1
6388 	1
6394 	1
6396 	1
6398 	1
6403 	1
6407 	1
6408 	1
6411 	1
6412 	1
6413 	1
6416 	1
6417 	1
6419 	1
6421 	1
6427 	1
6428 	1
6429 	1
6431 	1
6432 	1
6436 	1
6437 	1
6443 	1
6445 	1
6450 	1
6451 	1
6455 	1
6456 	1
6462 	1
6465 	1
6466 	1
6467 	1
6468 	1
6469 	1
6471 	1
6473 	1
6475 	1
6477 	1
6478 	1
6479 	1
6482 	1
6485 	1
6489 	1
6491 	1
6493 	1
6495 	1
6498 	1
6499 	1
6501 	1
6503 	1
6505 	1
6506 	1
6507 	1
6508 	1
6512 	1
6515 	1
6516 	1
6517 	1
6519 	1
6524 	1
6525 	1
6527 	1
6528 	1
6529 	1
6530 	1
6533 	1
6536 	1
6537 	1
6540 	1
6541 	1
6542 	1
6543 	1
6545 	1
6548 	1
6549 	1
6550 	1
6551 	1
6552 	1
6554 	1
6556 	1
6559 	1
6561 	1
6570 	1
6572 	1
6573 	1
6574 	1
6575 	1
6576 	1
6577 	1
6579 	1
6581 	1
6582 	1
6585 	1
6588 	1
6591 	1
6595 	1
6596 	1
6598 	1
6601 	1
6602 	1
6603 	1
6605 	1
6606 	1
6607 	1
6608 	1
6609 	1
6612 	1
6613 	1
6616 	1
6617 	1
6621 	1
6627 	1
6628 	1
6630 	1
6631 	1
6632 	1
6635 	1
6638 	1
6643 	1
6644 	1
6647 	1
6648 	1
6651 	1
6652 	1
6655 	1
6656 	1
6657 	1
6658 	1
6664 	1
6666 	1
6668 	1
6670 	1
6675 	1
6678 	1
6679 	1
6680 	1
6681 	1
6682 	1
6684 	1
6686 	1
6688 	1
6690 	1
6691 	1
6693 	1
6700 	1
6701 	1
6702 	1
6703 	1
6708 	1
6709 	1
6711 	1
6713 	1
6715 	1
6716 	1
6718 	1
6719 	1
6720 	1
6722 	1
6723 	1
6728 	1
6729 	1
6730 	1
6733 	1
6736 	1
6737 	1
6740 	1
6741 	1
6743 	1
6744 	1
6745 	1
6747 	1
6749 	1
6750 	1
6752 	1
6753 	1
6754 	1
6756 	1
6757 	1
6760 	1
6763 	1
6764 	1
6766 	1
6767 	1
6771 	1
6772 	1
6773 	1
6775 	1
6776 	1
6778 	1
6781 	1
6785 	1
6786 	1
6787 	1
6788 	1
6789 	1
6790 	1
6791 	1
6793 	1
6795 	1
6797 	1
6799 	1
6801 	1
6802 	1
6804 	1
6811 	1
6812 	1
6814 	1
6816 	1
6817 	1
6819 	1
6823 	1
6825 	1
6826 	1
6828 	1
6830 	1
6831 	1
6832 	1
6834 	1
6835 	1
6836 	1
6839 	1
6840 	1
6844 	1
6845 	1
6846 	1
6849 	1
6853 	1
6854 	1
6859 	1
6862 	1
6863 	1
6865 	1
6867 	1
6868 	1
6870 	1
6871 	1
6873 	1
6874 	1
6875 	1
6877 	1
6882 	1
6884 	1
6888 	1
6889 	1
6890 	1
6892 	1
6893 	1
6895 	1
6897 	1
6899 	1
6901 	1
6902 	1
6903 	1
6904 	1
6906 	1
6907 	1
6908 	1
6911 	1
6912 	1
6913 	1
6914 	1
6916 	1
6918 	1
6920 	1
6921 	1
6922 	1
6925 	1
6926 	1
6927 	1
6929 	1
6930 	1
6935 	1
6936 	1
6937 	1
6938 	1
6942 	1
6948 	1
6951 	1
6952 	1
6953 	1
6954 	1
6956 	1
6957 	1
6958 	1
6963 	1
6965 	1
6966 	1
6968 	1
6971 	1
6973 	1
6974 	1
6976 	1
6978 	1
6979 	1
6980 	1
6983 	1
6984 	1
6986 	1
6988 	1
6991 	1
6994 	1
6995 	1
6996 	1
6997 	1
6998 	1
7001 	1
7002 	1
7003 	1
7004 	1
7006 	1
7007 	1
7008 	1
7009 	1
7013 	1
7014 	1
7015 	1
7018 	1
7020 	1
7021 	1
7022 	1
7024 	1
7027 	1
7028 	1
7029 	1
7031 	1
7033 	1
7034 	1
7036 	1
7038 	1
7039 	1
7042 	1
7043 	1
7046 	1
7050 	1
7051 	1
7052 	1
7053 	1
7054 	1
7057 	1
7060 	1
7064 	1
7065 	1
7068 	1
7072 	1
7074 	1
7076 	1
7077 	1
7078 	1
7079 	1
7080 	1
7082 	1
7088 	1
7089 	1
7090 	1
7091 	1
7093 	1
7095 	1
7097 	1
7098 	1
7100 	1
7102 	1
7103 	1
7104 	1
7105 	1
7107 	1
7111 	1
7114 	1
7115 	1
7116 	1
7118 	1
7119 	1
7120 	1
7121 	1
7123 	1
7124 	1
7127 	1
7130 	1
7131 	1
7132 	1
7133 	1
7136 	1
7137 	1
7142 	1
7146 	1
7148 	1
7151 	1
7152 	1
7154 	1
7155 	1
7158 	1
7159 	1
7160 	1
7161 	1
7162 	1
7164 	1
7167 	1
7170 	1
7174 	1
7175 	1
7176 	1
7180 	1
7181 	1
7182 	1
7186 	1
7187 	1
7188 	1
7190 	1
7192 	1
7193 	1
7198 	1
7199 	1
7200 	1
7201 	1
7202 	1
7204 	1
7206 	1
7207 	1
7209 	1
7210 	1
7211 	1
7212 	1
7213 	1
7215 	1
7217 	1
7218 	1
7221 	1
7223 	1
7224 	1
7225 	1
7226 	1
7227 	1
7229 	1
7231 	1
7232 	1
7237 	1
7238 	1
7239 	1
7241 	1
7243 	1
7244 	1
7247 	1
7248 	1
7250 	1
7259 	1
7260 	1
7261 	1
7265 	1
7266 	1
7268 	1
7269 	1
7270 	1
7273 	1
7277 	1
7278 	1
7279 	1
7281 	1
7282 	1
7283 	1
7286 	1
7287 	1
7289 	1
7291 	1
7293 	1
7294 	1
7295 	1
7296 	1
7297 	1
7301 	1
7303 	1
7307 	1
7308 	1
7312 	1
7313 	1
7314 	1
7315 	1
7316 	1
7321 	1
7328 	1
7329 	1
7330 	1
7331 	1
7332 	1
7334 	1
7337 	1
7338 	1
7339 	1
7340 	1
7341 	1
7343 	1
7352 	1
7353 	1
7354 	1
7356 	1
7360 	1
7361 	1
7363 	1
7364 	1
7365 	1
7366 	1
7367 	1
7368 	1
7369 	1
7370 	1
7371 	1
7372 	1
7374 	1
7377 	1
7378 	1
7379 	1
7380 	1
7381 	1
7382 	1
7383 	1
7384 	1
7385 	1
7389 	1
7390 	1
7391 	1
7392 	1
7394 	1
7395 	1
7396 	1
7398 	1
7400 	1
7402 	1
7405 	1
7407 	1
7408 	1
7414 	1
7417 	1
7419 	1
7420 	1
7421 	1
7427 	1
7428 	1
7430 	1
7434 	1
7435 	1
7437 	1
7440 	1
7441 	1
7442 	1
7443 	1
7444 	1
7449 	1
7450 	1
7451 	1
7455 	1
7456 	1
7457 	1
7458 	1
7459 	1
7460 	1
7462 	1
7463 	1
7466 	1
7468 	1
7469 	1
7470 	1
7474 	1
7476 	1
7480 	1
7483 	1
7485 	1
7491 	1
7492 	1
7493 	1
7495 	1
7498 	1
7501 	1
7502 	1
7503 	1
7504 	1
7505 	1
7508 	1
7510 	1
7513 	1
7514 	1
7517 	1
7518 	1
7520 	1
7522 	1
7523 	1
7524 	1
7525 	1
7526 	1
7527 	1
7528 	1
7531 	1
7533 	1
7534 	1
7535 	1
7539 	1
7541 	1
7542 	1
7544 	1
7549 	1
7551 	1
7552 	1
7553 	1
7554 	1
7556 	1
7558 	1
7560 	1
7562 	1
7564 	1
7565 	1
7568 	1
7569 	1
7571 	1
7572 	1
7573 	1
7575 	1
7577 	1
7581 	1
7585 	1
7588 	1
7589 	1
7591 	1
7593 	1
7595 	1
7596 	1
7597 	1
7601 	1
7603 	1
7604 	1
7606 	1
7607 	1
7608 	1
7609 	1
7610 	1
7616 	1
7617 	1
7618 	1
7619 	1
7623 	1
7624 	1
7625 	1
7626 	1
7631 	1
7632 	1
7633 	1
7636 	1
7639 	1
7640 	1
7641 	1
7642 	1
7645 	1
7646 	1
7647 	1
7648 	1
7649 	1
7651 	1
7653 	1
7654 	1
7658 	1
7661 	1
7662 	1
7664 	1
7665 	1
7666 	1
7667 	1
7669 	1
7670 	1
7671 	1
7672 	1
7673 	1
7677 	1
7678 	1
7681 	1
7683 	1
7684 	1
7687 	1
7688 	1
7689 	1
7690 	1
7692 	1
7693 	1
7696 	1
7697 	1
7700 	1
7701 	1
7703 	1
7704 	1
7707 	1
7708 	1
7709 	1
7711 	1
7713 	1
7714 	1
7715 	1
7717 	1
7718 	1
7719 	1
7720 	1
7724 	1
7728 	1
7729 	1
7731 	1
7733 	1
7734 	1
7736 	1
7737 	1
7739 	1
7740 	1
7745 	1
7746 	1
7747 	1
7751 	1
7753 	1
7755 	1
7756 	1
7759 	1
7762 	1
7764 	1
7765 	1
7768 	1
7769 	1
7770 	1
7771 	1
7772 	1
7774 	1
7776 	1
7777 	1
7779 	1
7782 	1
7785 	1
7787 	1
7788 	1
7789 	1
7790 	1
7793 	1
7794 	1
7795 	1
7796 	1
7798 	1
7799 	1
7800 	1
7801 	1
7803 	1
7804 	1
7805 	1
7807 	1
7808 	1
7809 	1
7812 	1
7814 	1
7815 	1
7816 	1
7817 	1
7820 	1
7821 	1
7823 	1
7828 	1
7829 	1
7830 	1
7831 	1
7832 	1
7834 	1
7843 	1
7844 	1
7845 	1
7846 	1
7847 	1
7850 	1
7853 	1
7854 	1
7855 	1
7856 	1
7859 	1
7860 	1
7862 	1
7863 	1
7865 	1
7866 	1
7867 	1
7868 	1
7869 	1
7872 	1
7875 	1
7878 	1
7880 	1
7881 	1
7882 	1
7884 	1
7885 	1
7886 	1
7887 	1
7888 	1
7892 	1
7893 	1
7894 	1
7895 	1
7896 	1
7899 	1
7901 	1
7902 	1
7903 	1
7904 	1
7907 	1
7910 	1
7911 	1
7912 	1
7913 	1
7916 	1
7917 	1
7920 	1
7925 	1
7928 	1
7930 	1
7935 	1
7936 	1
7937 	1
7938 	1
7942 	1
7943 	1
7944 	1
7946 	1
7947 	1
7948 	1
7950 	1
7951 	1
7952 	1
7954 	1
7957 	1
7958 	1
7959 	1
7960 	1
7961 	1
7964 	1
7966 	1
7971 	1
7972 	1
7974 	1
7976 	1
7978 	1
7979 	1
7982 	1
7983 	1
7985 	1
7990 	1
7992 	1
7994 	1
7996 	1
7997 	1
7998 	1
8003 	1
8004 	1
8007 	1
8011 	1
8012 	1
8015 	1
8016 	1
8017 	1
8018 	1
8019 	1
8020 	1
8028 	1
8029 	1
8030 	1
8032 	1
8033 	1
8034 	1
8035 	1
8037 	1
8043 	1
8048 	1
8050 	1
8051 	1
8052 	1
8053 	1
8054 	1
8057 	1
8060 	1
8061 	1
8062 	1
8064 	1
8065 	1
8068 	1
8070 	1
8072 	1
8075 	1
8076 	1
8077 	1
8078 	1
8081 	1
8086 	1
8091 	1
8093 	1
8096 	1
8097 	1
8098 	1
8100 	1
8101 	1
8104 	1
8105 	1
8107 	1
8110 	1
8111 	1
8112 	1
8117 	1
8119 	1
8122 	1
8124 	1
8129 	1
8130 	1
8131 	1
8134 	1
8136 	1
8138 	1
8141 	1
8142 	1
8147 	1
8150 	1
8151 	1
8152 	1
8153 	1
8156 	1
8158 	1
8159 	1
8162 	1
8163 	1
8164 	1
8165 	1
8166 	1
8167 	1
8169 	1
8170 	1
8171 	1
8174 	1
8176 	1
8177 	1
8179 	1
8180 	1
8181 	1
8183 	1
8185 	1
8186 	1
8187 	1
8188 	1
8189 	1
8191 	1
8194 	1
8196 	1
8197 	1
8198 	1
8201 	1
8203 	1
8205 	1
8208 	1
8210 	1
8211 	1
8212 	1
8213 	1
8214 	1
8216 	1
8217 	1
8219 	1
8223 	1
8224 	1
8226 	1
8227 	1
8230 	1
8231 	1
8232 	1
8233 	1
8236 	1
8238 	1
8240 	1
8241 	1
8242 	1
8243 	1
8244 	1
8245 	1
8246 	1
8247 	1
8248 	1
8251 	1
8257 	1
8260 	1
8262 	1
8264 	1
8267 	1
8269 	1
8270 	1
8271 	1
8276 	1
8278 	1
8280 	1
8282 	1
8284 	1
8285 	1
8290 	1
8292 	1
8296 	1
8297 	1
8299 	1
8300 	1
8305 	1
8306 	1
8308 	1
8309 	1
8310 	1
8311 	1
8312 	1
8314 	1
8316 	1
8317 	1
8318 	1
8319 	1
8321 	1
8322 	1
8324 	1
8325 	1
8326 	1
8329 	1
8330 	1
8331 	1
8332 	1
8333 	1
8334 	1
8336 	1
8337 	1
8339 	1
8340 	1
8342 	1
8343 	1
8345 	1
8346 	1
8350 	1
8352 	1
8353 	1
8356 	1
8358 	1
8359 	1
8361 	1
8364 	1
8367 	1
8369 	1
8370 	1
8371 	1
8374 	1
8375 	1
8377 	1
8380 	1
8381 	1
8382 	1
8384 	1
8385 	1
8387 	1
8388 	1
8389 	1
8390 	1
8397 	1
8398 	1
8400 	1
8401 	1
8405 	1
8408 	1
8411 	1
8413 	1
8416 	1
8421 	1
8423 	1
8428 	1
8429 	1
8430 	1
8432 	1
8434 	1
8435 	1
8436 	1
8437 	1
8438 	1
8439 	1
8440 	1
8441 	1
8443 	1
8446 	1
8447 	1
8450 	1
8452 	1
8454 	1
8455 	1
8456 	1
8459 	1
8460 	1
8462 	1
8472 	1
8473 	1
8475 	1
8476 	1
8477 	1
8482 	1
8484 	1
8485 	1
8489 	1
8492 	1
8494 	1
8496 	1
8497 	1
8498 	1
8499 	1
8501 	1
8502 	1
8504 	1
8505 	1
8506 	1
8507 	1
8509 	1
8510 	1
8511 	1
8513 	1
8517 	1
8518 	1
8519 	1
8521 	1
8522 	1
8523 	1
8524 	1
8525 	1
8526 	1
8529 	1
8532 	1
8533 	1
8537 	1
8538 	1
8539 	1
8540 	1
8541 	1
8543 	1
8548 	1
8551 	1
8552 	1
8553 	1
8556 	1
8558 	1
8559 	1
8562 	1
8565 	1
8566 	1
8567 	1
8570 	1
8574 	1
8577 	1
8579 	1
8582 	1
8583 	1
8587 	1
8590 	1
8593 	1
8594 	1
8595 	1
8598 	1
8600 	1
8601 	1
8602 	1
8603 	1
8607 	1
8608 	1
8609 	1
8610 	1
8611 	1
8613 	1
8616 	1
8617 	1
8620 	1
8621 	1
8622 	1
8624 	1
8625 	1
8626 	1
8629 	1
8630 	1
8631 	1
8635 	1
8636 	1
8637 	1
8638 	1
8640 	1
8649 	1
8650 	1
8651 	1
8654 	1
8656 	1
8657 	1
8660 	1
8663 	1
8664 	1
8665 	1
8668 	1
8669 	1
8671 	1
8674 	1
8675 	1
8677 	1
8681 	1
8684 	1
8687 	1
8691 	1
8692 	1
8694 	1
8696 	1
8700 	1
8701 	1
8706 	1
8707 	1
8711 	1
8712 	1
8713 	1
8716 	1
8718 	1
8723 	1
8724 	1
8726 	1
8728 	1
8729 	1
8733 	1
8737 	1
8751 	1
8752 	1
8753 	1
8755 	1
8761 	1
8763 	1
8766 	1
8768 	1
8770 	1
8772 	1
8774 	1
8776 	1
8777 	1
8779 	1
8780 	1
8781 	1
8782 	1
8787 	1
8789 	1
8790 	1
8793 	1
8794 	1
8797 	1
8798 	1
8800 	1
8802 	1
8813 	1
8816 	1
8817 	1
8818 	1
8819 	1
8822 	1
8827 	1
8828 	1
8829 	1
8830 	1
8831 	1
8832 	1
8833 	1
8835 	1
8836 	1
8837 	1
8838 	1
8839 	1
8841 	1
8844 	1
8845 	1
8846 	1
8847 	1
8848 	1
8849 	1
8851 	1
8852 	1
8853 	1
8854 	1
8855 	1
8856 	1
8859 	1
8864 	1
8865 	1
8866 	1
8869 	1
8871 	1
8873 	1
8874 	1
8875 	1
8878 	1
8882 	1
8883 	1
8884 	1
8885 	1
8887 	1
8888 	1
8892 	1
8895 	1
8897 	1
8900 	1
8901 	1
8903 	1
8905 	1
8911 	1
8912 	1
8915 	1
8919 	1
8920 	1
8922 	1
8923 	1
8925 	1
8928 	1
8930 	1
8933 	1
8935 	1
8937 	1
8938 	1
8939 	1
8944 	1
8946 	1
8947 	1
8949 	1
8951 	1
8952 	1
8953 	1
8954 	1
8955 	1
8958 	1
8959 	1
8960 	1
8963 	1
8965 	1
8966 	1
8967 	1
8968 	1
8969 	1
8973 	1
8974 	1
8976 	1
8978 	1
8979 	1
8982 	1
8983 	1
8985 	1
8986 	1
8988 	1
8989 	1
8990 	1
8996 	1
8997 	1
8999 	1
9001 	1
9004 	1
9006 	1
9007 	1
9008 	1
9009 	1
9011 	1
9012 	1
9014 	1
9016 	1
9019 	1
9021 	1
9022 	1
9024 	1
9026 	1
9027 	1
9030 	1
9034 	1
9035 	1
9039 	1
9040 	1
9043 	1
9047 	1
9048 	1
9049 	1
9051 	1
9053 	1
9054 	1
9057 	1
9058 	1
9059 	1
9060 	1
9061 	1
9062 	1
9063 	1
9065 	1
9066 	1
9069 	1
9070 	1
9072 	1
9073 	1
9075 	1
9077 	1
9078 	1
9081 	1
9083 	1
9087 	1
9088 	1
9090 	1
9094 	1
9095 	1
9096 	1
9097 	1
9098 	1
9099 	1
9102 	1
9103 	1
9104 	1
9106 	1
9109 	1
9111 	1
9112 	1
9116 	1
9121 	1
9122 	1
9124 	1
9128 	1
9132 	1
9133 	1
9137 	1
9142 	1
9143 	1
9145 	1
9146 	1
9153 	1
9154 	1
9158 	1
9162 	1
9164 	1
9165 	1
9166 	1
9167 	1
9168 	1
9169 	1
9174 	1
9175 	1
9176 	1
9178 	1
9179 	1
9180 	1
9184 	1
9185 	1
9187 	1
9188 	1
9189 	1
9192 	1
9193 	1
9195 	1
9196 	1
9198 	1
9200 	1
9202 	1
9204 	1
9208 	1
9209 	1
9210 	1
9211 	1
9213 	1
9217 	1
9219 	1
9224 	1
9225 	1
9228 	1
9229 	1
9230 	1
9231 	1
9232 	1
9233 	1
9234 	1
9235 	1
9237 	1
9238 	1
9239 	1
9240 	1
9241 	1
9246 	1
9247 	1
9248 	1
9254 	1
9255 	1
9256 	1
9257 	1
9259 	1
9262 	1
9263 	1
9264 	1
9267 	1
9270 	1
9272 	1
9273 	1
9275 	1
9277 	1
9279 	1
9280 	1
9281 	1
9282 	1
9283 	1
9285 	1
9288 	1
9290 	1
9292 	1
9293 	1
9295 	1
9296 	1
9298 	1
9300 	1
9301 	1
9302 	1
9303 	1
9304 	1
9307 	1
9311 	1
9317 	1
9318 	1
9320 	1
9321 	1
9322 	1
9323 	1
9324 	1
9325 	1
9327 	1
9328 	1
9329 	1
9337 	1
9342 	1
9344 	1
9345 	1
9346 	1
9347 	1
9354 	1
9356 	1
9358 	1
9359 	1
9360 	1
9366 	1
9368 	1
9369 	1
9370 	1
9371 	1
9372 	1
9373 	1
9375 	1
9376 	1
9377 	1
9378 	1
9380 	1
9382 	1
9383 	1
9385 	1
9387 	1
9392 	1
9394 	1
9395 	1
9397 	1
9400 	1
9402 	1
9405 	1
9407 	1
9410 	1
9412 	1
9413 	1
9418 	1
9420 	1
9424 	1
9425 	1
9428 	1
9430 	1
9435 	1
9436 	1
9437 	1
9441 	1
9442 	1
9444 	1
9446 	1
9447 	1
9448 	1
9449 	1
9450 	1
9453 	1
9454 	1
9456 	1
9457 	1
9458 	1
9459 	1
9460 	1
9466 	1
9467 	1
9468 	1
9470 	1
9476 	1
9479 	1
9483 	1
9485 	1
9487 	1
9489 	1
9491 	1
9492 	1
9493 	1
9494 	1
9495 	1
9496 	1
9498 	1
9500 	1
9501 	1
9504 	1
9505 	1
9506 	1
9507 	1
9508 	1
9511 	1
9512 	1
9515 	1
9517 	1
9520 	1
9521 	1
9522 	1
9523 	1
9527 	1
9530 	1
9531 	1
9533 	1
9536 	1
9537 	1
9538 	1
9541 	1
9546 	1
9548 	1
9549 	1
9551 	1
9553 	1
9555 	1
9556 	1
9558 	1
9560 	1
9564 	1
9565 	1
9568 	1
9572 	1
9573 	1
9578 	1
9581 	1
9582 	1
9584 	1
9589 	1
9593 	1
9594 	1
9595 	1
9600 	1
9601 	1
9605 	1
9608 	1
9610 	1
9611 	1
9612 	1
9615 	1
9616 	1
9617 	1
9618 	1
9623 	1
9628 	1
9630 	1
9633 	1
9634 	1
9635 	1
9636 	1
9640 	1
9642 	1
9644 	1
9645 	1
9649 	1
9650 	1
9655 	1
9659 	1
9661 	1
9662 	1
9666 	1
9673 	1
9674 	1
9675 	1
9676 	1
9680 	1
9681 	1
9685 	1
9686 	1
9688 	1
9690 	1
9691 	1
9693 	1
9694 	1
9696 	1
9697 	1
9698 	1
9699 	1
9700 	1
9701 	1
9702 	1
9703 	1
9704 	1
9709 	1
9711 	1
9713 	1
9718 	1
9719 	1
9721 	1
9723 	1
9725 	1
9726 	1
9727 	1
9730 	1
9731 	1
9732 	1
9734 	1
9735 	1
9736 	1
9740 	1
9741 	1
9743 	1
9747 	1
9749 	1
9750 	1
9751 	1
9753 	1
9754 	1
9755 	1
9758 	1
9759 	1
9761 	1
9763 	1
9766 	1
9769 	1
9770 	1
9771 	1
9773 	1
9776 	1
9777 	1
9779 	1
9781 	1
9783 	1
9785 	1
9786 	1
9788 	1
9789 	1
9790 	1
9792 	1
9794 	1
9795 	1
9801 	1
9802 	1
9804 	1
9806 	1
9807 	1
9809 	1
9811 	1
9813 	1
9815 	1
9817 	1
9818 	1
9819 	1
9821 	1
9827 	1
9828 	1
9830 	1
9831 	1
9833 	1
9834 	1
9838 	1
9840 	1
9847 	1
9848 	1
9849 	1
9852 	1
9853 	1
9860 	1
9863 	1
9865 	1
9868 	1
9869 	1
9871 	1
9872 	1
9873 	1
9877 	1
9880 	1
9881 	1
9883 	1
9884 	1
9885 	1
9892 	1
9894 	1
9899 	1
9903 	1
9910 	1
9911 	1
9917 	1
9918 	1
9920 	1
9921 	1
9927 	1
9928 	1
9932 	1
9936 	1
9938 	1
9940 	1
9941 	1
9942 	1
9945 	1
9946 	1
9949 	1
9951 	1
9952 	1
9958 	1
9959 	1
9960 	1
9964 	1
9965 	1
9968 	1
9970 	1
9972 	1
9975 	1
9977 	1
9978 	1
9979 	1
9981 	1
9982 	1
9983 	1
9986 	1
9987 	1
9990 	1
9996 	1
9997 	1
9998 	1
9999 	1
10001 	1
10002 	1
10003 	1
10004 	1
10005 	1
10006 	1
10007 	1
10009 	1
10012 	1
10013 	1
10014 	1
10018 	1
10020 	1
10021 	1
10022 	1
10023 	1
10028 	1
10030 	1
10032 	1
10035 	1
10036 	1
10040 	1
10042 	1
10043 	1
10044 	1
10045 	1
10048 	1
10049 	1
10050 	1
10051 	1
10052 	1
10053 	1
10055 	1
10058 	1
10059 	1
10061 	1
10062 	1
10063 	1
10066 	1
10067 	1
10070 	1
10072 	1
10073 	1
10074 	1
10076 	1
10077 	1
10078 	1
10079 	1
10081 	1
10083 	1
10084 	1
10086 	1
10087 	1
10088 	1
10089 	1
10092 	1
10093 	1
10097 	1
10101 	1
10103 	1
10105 	1
10106 	1
10107 	1
10108 	1
10109 	1
10111 	1
10113 	1
10115 	1
10116 	1
10117 	1
10120 	1
10130 	1
10135 	1
10136 	1
10137 	1
10138 	1
10141 	1
10146 	1
10148 	1
10150 	1
10151 	1
10152 	1
10154 	1
10155 	1
10156 	1
10158 	1
10162 	1
10163 	1
10164 	1
10165 	1
10167 	1
10171 	1
10172 	1
10173 	1
10176 	1
10177 	1
10179 	1
10182 	1
10185 	1
10187 	1
10188 	1
10189 	1
10190 	1
10194 	1
10199 	1
10201 	1
10202 	1
10203 	1
10206 	1
10209 	1
10210 	1
10212 	1
10213 	1
10214 	1
10215 	1
10216 	1
10217 	1
10218 	1
10222 	1
10223 	1
10232 	1
10235 	1
10236 	1
10240 	1
10242 	1
10244 	1
10245 	1
10248 	1
10252 	1
10253 	1
10257 	1
10260 	1
10262 	1
10263 	1
10267 	1
10268 	1
10269 	1
10270 	1
10272 	1
10273 	1
10277 	1
10278 	1
10281 	1
10282 	1
10283 	1
10285 	1
10286 	1
10287 	1
10289 	1
10291 	1
10294 	1
10298 	1
10299 	1
10300 	1
10301 	1
10302 	1
10306 	1
10308 	1
10309 	1
10310 	1
10313 	1
10316 	1
10318 	1
10319 	1
10320 	1
10330 	1
10332 	1
10334 	1
10335 	1
10336 	1
10339 	1
10340 	1
10341 	1
10343 	1
10346 	1
10349 	1
10350 	1
10353 	1
10355 	1
10356 	1
10358 	1
10360 	1
10362 	1
10363 	1
10364 	1
10370 	1
10375 	1
10377 	1
10380 	1
10381 	1
10386 	1
10387 	1
10392 	1
10395 	1
10396 	1
10398 	1
10400 	1
10404 	1
10406 	1
10407 	1
10408 	1
10411 	1
10412 	1
10413 	1
10414 	1
10416 	1
10417 	1
10420 	1
10424 	1
10425 	1
10430 	1
10432 	1
10433 	1
10435 	1
10436 	1
10437 	1
10439 	1
10441 	1
10443 	1
10445 	1
10446 	1
10450 	1
10453 	1
10455 	1
10456 	1
10457 	1
10460 	1
10461 	1
10462 	1
10463 	1
10465 	1
10467 	1
10468 	1
10469 	1
10472 	1
10473 	1
10475 	1
10477 	1
10478 	1
10480 	1
10481 	1
10483 	1
10484 	1
10485 	1
10486 	1
10487 	1
10488 	1
10491 	1
10492 	1
10494 	1
10495 	1
10496 	1
10497 	1
10498 	1
10499 	1
10500 	1
10502 	1
10504 	1
10507 	1
10508 	1
10510 	1
10511 	1
10512 	1
10515 	1
10516 	1
10518 	1
10520 	1
10521 	1
10524 	1
10527 	1
10533 	1
10534 	1
10537 	1
10540 	1
10544 	1
10545 	1
10548 	1
10550 	1
10551 	1
10552 	1
10553 	1
10554 	1
10555 	1
10556 	1
10557 	1
10558 	1
10559 	1
10561 	1
10563 	1
10564 	1
10565 	1
10566 	1
10567 	1
10569 	1
10570 	1
10572 	1
10573 	1
10578 	1
10580 	1
10584 	1
10585 	1
10587 	1
10588 	1
10589 	1
10592 	1
10594 	1
10595 	1
10596 	1
10597 	1
10601 	1
10605 	1
10607 	1
10608 	1
10609 	1
10610 	1
10611 	1
10613 	1
10615 	1
10622 	1
10623 	1
10624 	1
10625 	1
10627 	1
10628 	1
10629 	1
10630 	1
10631 	1
10632 	1
10633 	1
10634 	1
10635 	1
10638 	1
10639 	1
10647 	1
10648 	1
10651 	1
10652 	1
10653 	1
10656 	1
10657 	1
10659 	1
10660 	1
10661 	1
10662 	1
10664 	1
10665 	1
10670 	1
10671 	1
10675 	1
10683 	1
10686 	1
10687 	1
10689 	1
10699 	1
10701 	1
10702 	1
10705 	1
10706 	1
10709 	1
10714 	1
10715 	1
10716 	1
10717 	1
10718 	1
10720 	1
10722 	1
10723 	1
10725 	1
10730 	1
10731 	1
10732 	1
10735 	1
10737 	1
10738 	1
10740 	1
10741 	1
10742 	1
10746 	1
10750 	1
10751 	1
10752 	1
10753 	1
10756 	1
10757 	1
10760 	1
10762 	1
10766 	1
10768 	1
10771 	1
10774 	1
10775 	1
10776 	1
10778 	1
10779 	1
10782 	1
10783 	1
10784 	1
10786 	1
10788 	1
10795 	1
10797 	1
10799 	1
10801 	1
10802 	1
10804 	1
10808 	1
10809 	1
10811 	1
10814 	1
10815 	1
10817 	1
10818 	1
10820 	1
10823 	1
10825 	1
10826 	1
10827 	1
10828 	1
10830 	1
10835 	1
10837 	1
10838 	1
10839 	1
10841 	1
10842 	1
10844 	1
10847 	1
10848 	1
10849 	1
10855 	1
10856 	1
10857 	1
10858 	1
10860 	1
10861 	1
10862 	1
10866 	1
10867 	1
10870 	1
10871 	1
10872 	1
10874 	1
10875 	1
10877 	1
10879 	1
10880 	1
10881 	1
10882 	1
10883 	1
10885 	1
10889 	1
10890 	1
10893 	1
10894 	1
10896 	1
10897 	1
10903 	1
10904 	1
10905 	1
10907 	1
10909 	1
10915 	1
10916 	1
10917 	1
10919 	1
10922 	1
10923 	1
10926 	1
10927 	1
10929 	1
10930 	1
10932 	1
10935 	1
10937 	1
10941 	1
10944 	1
10946 	1
10947 	1
10950 	1
10953 	1
10957 	1
10958 	1
10959 	1
10964 	1
10965 	1
10967 	1
10970 	1
10971 	1
10972 	1
10973 	1
10974 	1
10975 	1
10976 	1
10980 	1
10982 	1
10983 	1
10984 	1
10986 	1
10987 	1
10989 	1
10991 	1
10992 	1
10994 	1
10995 	1
10996 	1
11000 	1
11004 	1
11007 	1
11009 	1
11010 	1
11011 	1
11014 	1
11019 	1
11021 	1
11022 	1
11026 	1
11028 	1
11029 	1
11031 	1
11033 	1
11034 	1
11035 	1
11036 	1
11039 	1
11041 	1
11043 	1
11045 	1
11046 	1
11047 	1
11048 	1
11050 	1
11051 	1
11055 	1
11059 	1
11062 	1
11065 	1
11068 	1
11075 	1
11076 	1
11080 	1
11082 	1
11083 	1
11085 	1
11086 	1
11087 	1
11090 	1
11092 	1
11094 	1
11098 	1
11099 	1
11100 	1
11103 	1
11107 	1
11108 	1
11111 	1
11116 	1
11117 	1
11118 	1
11120 	1
11123 	1
11128 	1
11131 	1
11132 	1
11133 	1
11134 	1
11136 	1
11137 	1
11140 	1
11141 	1
11142 	1
11143 	1
11146 	1
11147 	1
11148 	1
11150 	1
11152 	1
11153 	1
11156 	1
11157 	1
11159 	1
11161 	1
11162 	1
11163 	1
11164 	1
11165 	1
11166 	1
11167 	1
11168 	1
11169 	1
11170 	1
11174 	1
11175 	1
11176 	1
11178 	1
11179 	1
11180 	1
11185 	1
11186 	1
11189 	1
11190 	1
11193 	1
11194 	1
11199 	1
11200 	1
11201 	1
11202 	1
11203 	1
11205 	1
11206 	1
11209 	1
11211 	1
11212 	1
11213 	1
11218 	1
11219 	1
11220 	1
11223 	1
11225 	1
11228 	1
11230 	1
11232 	1
11237 	1
11238 	1
11243 	1
11245 	1
11247 	1
11250 	1
11258 	1
11261 	1
11262 	1
11263 	1
11267 	1
11269 	1
11273 	1
11274 	1
11275 	1
11279 	1
11280 	1
11288 	1
11289 	1
11292 	1
11294 	1
11295 	1
11297 	1
11299 	1
11300 	1
11306 	1
11307 	1
11312 	1
11313 	1
11315 	1
11316 	1
11322 	1
11323 	1
11324 	1
11325 	1
11326 	1
11327 	1
11328 	1
11329 	1
11330 	1
11331 	1
11332 	1
11333 	1
11334 	1
11335 	1
11337 	1
11339 	1
11341 	1
11342 	1
11343 	1
11344 	1
11345 	1
11347 	1
11353 	1
11354 	1
11355 	1
11356 	1
11359 	1
11360 	1
11363 	1
11365 	1
11366 	1
11369 	1
11370 	1
11371 	1
11376 	1
11377 	1
11378 	1
11381 	1
11382 	1
11384 	1
11386 	1
11387 	1
11389 	1
11390 	1
11391 	1
11392 	1
11397 	1
11398 	1
11399 	1
11400 	1
11401 	1
11402 	1
11404 	1
11407 	1
11408 	1
11409 	1
11411 	1
11414 	1
11415 	1
11417 	1
11419 	1
11424 	1
11428 	1
11432 	1
11433 	1
11435 	1
11436 	1
11438 	1
11442 	1
11443 	1
11446 	1
11447 	1
11449 	1
11450 	1
11451 	1
11452 	1
11464 	1
11465 	1
11467 	1
11471 	1
11472 	1
11474 	1
11475 	1
11476 	1
11480 	1
11481 	1
11482 	1
11483 	1
11484 	1
11485 	1
11488 	1
11489 	1
11490 	1
11491 	1
11494 	1
11497 	1
11498 	1
11499 	1
11500 	1
11501 	1
11502 	1
11503 	1
11504 	1
11505 	1
11506 	1
11509 	1
11516 	1
11517 	1
11518 	1
11519 	1
11522 	1
11529 	1
11532 	1
11534 	1
11535 	1
11537 	1
11540 	1
11542 	1
11545 	1
11547 	1
11548 	1
11549 	1
11550 	1
11551 	1
11552 	1
11554 	1
11555 	1
11558 	1
11562 	1
11563 	1
11565 	1
11566 	1
11567 	1
11568 	1
11569 	1
11572 	1
11576 	1
11577 	1
11578 	1
11579 	1
11580 	1
11581 	1
11583 	1
11588 	1
11591 	1
11593 	1
11594 	1
11595 	1
11596 	1
11597 	1
11598 	1
11601 	1
11605 	1
11609 	1
11610 	1
11611 	1
11612 	1
11614 	1
11615 	1
11618 	1
11620 	1
11622 	1
11626 	1
11628 	1
11629 	1
11636 	1
11640 	1
11643 	1
11644 	1
11647 	1
11649 	1
11652 	1
11653 	1
11655 	1
11659 	1
11660 	1
11661 	1
11662 	1
11665 	1
11667 	1
11672 	1
11673 	1
11676 	1
11677 	1
11678 	1
11679 	1
11680 	1
11681 	1
11684 	1
11685 	1
11686 	1
11689 	1
11694 	1
11696 	1
11697 	1
11698 	1
11699 	1
11700 	1
11704 	1
11705 	1
11707 	1
11708 	1
11710 	1
11712 	1
11716 	1
11717 	1
11719 	1
11720 	1
11721 	1
11722 	1
11723 	1
11725 	1
11726 	1
11727 	1
11728 	1
11730 	1
11731 	1
11733 	1
11734 	1
11735 	1
11738 	1
11743 	1
11744 	1
11747 	1
11748 	1
11749 	1
11750 	1
11751 	1
11752 	1
11753 	1
11755 	1
11757 	1
11758 	1
11763 	1
11764 	1
11766 	1
11770 	1
11771 	1
11772 	1
11774 	1
11775 	1
11776 	1
11780 	1
11781 	1
11782 	1
11783 	1
11784 	1
11786 	1
11787 	1
11789 	1
11791 	1
11792 	1
11793 	1
11794 	1
11795 	1
11796 	1
11799 	1
11801 	1
11802 	1
11803 	1
11804 	1
11807 	1
11810 	1
11814 	1
11815 	1
11816 	1
11817 	1
11821 	1
11825 	1
11826 	1
11827 	1
11828 	1
11830 	1
11831 	1
11833 	1
11834 	1
11836 	1
11838 	1
11840 	1
11842 	1
11843 	1
11844 	1
11847 	1
11849 	1
11850 	1
11851 	1
11854 	1
11855 	1
11856 	1
11860 	1
11861 	1
11868 	1
11870 	1
11874 	1
11875 	1
11878 	1
11880 	1
11881 	1
11883 	1
11885 	1
11889 	1
11890 	1
11891 	1
11893 	1
11894 	1
11895 	1
11899 	1
11902 	1
11903 	1
11904 	1
11909 	1
11910 	1
11912 	1
11914 	1
11917 	1
11918 	1
11920 	1
11922 	1
11924 	1
11926 	1
11930 	1
11932 	1
11933 	1
11936 	1
11937 	1
11938 	1
11940 	1
11947 	1
11948 	1
11949 	1
11950 	1
11954 	1
11957 	1
11958 	1
11959 	1
11960 	1
11961 	1
11963 	1
11965 	1
11967 	1
11968 	1
11970 	1
11974 	1
11979 	1
11982 	1
11991 	1
11992 	1
11993 	1
11995 	1
11996 	1
11998 	1
12002 	1
12004 	1
12005 	1
12007 	1
12009 	1
12012 	1
12013 	1
12014 	1
12017 	1
12018 	1
12019 	1
12022 	1
12024 	1
12025 	1
12028 	1
12032 	1
12034 	1
12041 	1
12043 	1
12044 	1
12045 	1
12047 	1
12048 	1
12050 	1
12051 	1
12057 	1
12062 	1
12063 	1
12069 	1
12072 	1
12074 	1
12076 	1
12078 	1
12082 	1
12087 	1
12088 	1
12092 	1
12095 	1
12096 	1
12097 	1
12102 	1
12106 	1
12108 	1
12111 	1
12115 	1
12116 	1
12117 	1
12118 	1
12121 	1
12123 	1
12124 	1
12129 	1
12130 	1
12132 	1
12133 	1
12134 	1
12136 	1
12137 	1
12138 	1
12139 	1
12140 	1
12141 	1
12144 	1
12146 	1
12150 	1
12151 	1
12154 	1
12155 	1
12156 	1
12159 	1
12163 	1
12164 	1
12167 	1
12168 	1
12170 	1
12172 	1
12174 	1
12176 	1
12178 	1
12179 	1
12180 	1
12181 	1
12184 	1
12185 	1
12188 	1
12190 	1
12191 	1
12195 	1
12197 	1
12199 	1
12200 	1
12203 	1
12205 	1
12207 	1
12212 	1
12213 	1
12214 	1
12215 	1
12216 	1
12217 	1
12218 	1
12220 	1
12221 	1
12223 	1
12224 	1
12225 	1
12227 	1
12229 	1
12230 	1
12231 	1
12235 	1
12238 	1
12240 	1
12243 	1
12244 	1
12245 	1
12247 	1
12248 	1
12249 	1
12251 	1
12252 	1
12253 	1
12254 	1
12255 	1
12256 	1
12261 	1
12267 	1
12268 	1
12269 	1
12270 	1
12273 	1
12276 	1
12277 	1
12278 	1
12279 	1
12282 	1
12285 	1
12287 	1
12293 	1
12294 	1
12297 	1
12299 	1
12300 	1
12302 	1
12304 	1
12307 	1
12310 	1
12311 	1
12314 	1
12315 	1
12321 	1
12324 	1
12327 	1
12329 	1
12330 	1
12332 	1
12333 	1
12336 	1
12337 	1
12343 	1
12344 	1
12345 	1
12347 	1
12350 	1
12352 	1
12353 	1
12355 	1
12356 	1
12357 	1
12358 	1
12359 	1
12360 	1
12362 	1
12363 	1
12364 	1
12367 	1
12369 	1
12370 	1
12372 	1
12373 	1
12376 	1
12377 	1
12379 	1
12385 	1
12386 	1
12392 	1
12394 	1
12398 	1
12401 	1
12402 	1
12407 	1
12408 	1
12412 	1
12413 	1
12414 	1
12415 	1
12417 	1
12419 	1
12423 	1
12425 	1
12426 	1
12429 	1
12432 	1
12433 	1
12434 	1
12437 	1
12441 	1
12442 	1
12443 	1
12445 	1
12446 	1
12448 	1
12449 	1
12453 	1
12454 	1
12456 	1
12462 	1
12467 	1
12469 	1
12471 	1
12473 	1
12474 	1
12475 	1
12476 	1
12480 	1
12482 	1
12485 	1
12487 	1
12489 	1
12491 	1
12492 	1
12494 	1
12496 	1
12497 	1
12498 	1
12500 	1
12501 	1
12502 	1
12505 	1
12507 	1
12512 	1
12515 	1
12516 	1
12517 	1
12519 	1
12520 	1
12522 	1
12523 	1
12524 	1
12526 	1
12527 	1
12530 	1
12531 	1
12532 	1
12534 	1
12540 	1
12544 	1
12546 	1
12547 	1
12549 	1
12554 	1
12559 	1
12560 	1
12563 	1
12564 	1
12565 	1
12566 	1
12567 	1
12569 	1
12571 	1
12572 	1
12574 	1
12577 	1
12578 	1
12581 	1
12582 	1
12583 	1
12584 	1
12589 	1
12590 	1
12594 	1
12596 	1
12597 	1
12599 	1
12600 	1
12601 	1
12605 	1
12606 	1
12610 	1
12611 	1
12613 	1
12614 	1
12616 	1
12617 	1
12620 	1
12621 	1
12623 	1
12625 	1
12627 	1
12628 	1
12629 	1
12630 	1
12631 	1
12632 	1
12633 	1
12637 	1
12638 	1
12640 	1
12641 	1
12642 	1
12643 	1
12644 	1
12645 	1
12646 	1
12647 	1
12648 	1
12652 	1
12655 	1
12657 	1
12658 	1
12659 	1
12661 	1
12662 	1
12666 	1
12667 	1
12668 	1
12672 	1
12673 	1
12674 	1
12675 	1
12678 	1
12680 	1
12681 	1
12682 	1
12683 	1
12687 	1
12688 	1
12689 	1
12692 	1
12693 	1
12694 	1
12695 	1
12698 	1
12700 	1
12701 	1
12707 	1
12709 	1
12710 	1
12711 	1
12712 	1
12713 	1
12714 	1
12715 	1
12718 	1
12719 	1
12720 	1
12721 	1
12724 	1
12725 	1
12730 	1
12733 	1
12734 	1
12736 	1
12738 	1
12739 	1
12744 	1
12750 	1
12758 	1
12759 	1
12761 	1
12762 	1
12763 	1
12764 	1
12765 	1
12767 	1
12768 	1
12769 	1
12770 	1
12776 	1
12777 	1
12781 	1
12783 	1
12785 	1
12788 	1
12789 	1
12793 	1
12799 	1
12800 	1
12801 	1
12803 	1
12804 	1
12805 	1
12806 	1
12808 	1
12809 	1
12811 	1
12815 	1
12816 	1
12817 	1
12818 	1
12819 	1
12820 	1
12821 	1
12822 	1
12824 	1
12826 	1
12827 	1
12830 	1
12832 	1
12833 	1
12835 	1
12836 	1
12838 	1
12839 	1
12840 	1
12841 	1
12843 	1
12847 	1
12851 	1
12852 	1
12854 	1
12857 	1
12859 	1
12864 	1
12871 	1
12874 	1
12875 	1
12876 	1
12880 	1
12881 	1
12884 	1
12885 	1
12887 	1
12893 	1
12895 	1
12897 	1
12898 	1
12899 	1
12901 	1
12904 	1
12906 	1
12908 	1
12909 	1
12911 	1
12914 	1
12915 	1
12917 	1
12918 	1
12920 	1
12922 	1
12924 	1
12928 	1
12929 	1
12931 	1
12932 	1
12933 	1
12935 	1
12936 	1
12938 	1
12939 	1
12941 	1
12942 	1
12944 	1
12949 	1
12950 	1
12953 	1
12954 	1
12955 	1
12957 	1
12959 	1
12960 	1
12964 	1
12970 	1
12971 	1
12972 	1
12974 	1
12975 	1
12977 	1
12978 	1
12981 	1
12983 	1
12984 	1
12986 	1
12991 	1
12993 	1
12994 	1
12995 	1
12997 	1
12999 	1
13000 	1
13003 	1
13006 	1
13008 	1
13009 	1
13017 	1
13019 	1
13020 	1
13022 	1
13024 	1
13025 	1
13027 	1
13028 	1
13030 	1
13032 	1
13033 	1
13034 	1
13035 	1
13036 	1
13038 	1
13040 	1
13042 	1
13044 	1
13048 	1
13051 	1
13055 	1
13056 	1
13057 	1
13063 	1
13067 	1
13068 	1
13070 	1
13074 	1
13076 	1
13077 	1
13078 	1
13079 	1
13083 	1
13085 	1
13087 	1
13088 	1
13095 	1
13096 	1
13099 	1
13101 	1
13103 	1
13110 	1
13112 	1
13113 	1
13115 	1
13117 	1
13118 	1
13119 	1
13121 	1
13122 	1
13124 	1
13129 	1
13131 	1
13133 	1
13137 	1
13140 	1
13145 	1
13146 	1
13147 	1
13148 	1
13150 	1
13151 	1
13156 	1
13157 	1
13158 	1
13161 	1
13162 	1
13165 	1
13167 	1
13168 	1
13169 	1
13172 	1
13173 	1
13175 	1
13176 	1
13178 	1
13179 	1
13182 	1
13188 	1
13189 	1
13190 	1
13191 	1
13192 	1
13193 	1
13194 	1
13195 	1
13198 	1
13201 	1
13204 	1
13206 	1
13207 	1
13211 	1
13212 	1
13216 	1
13221 	1
13222 	1
13224 	1
13228 	1
13229 	1
13232 	1
13234 	1
13236 	1
13237 	1
13238 	1
13241 	1
13242 	1
13245 	1
13246 	1
13248 	1
13249 	1
13250 	1
13252 	1
13254 	1
13255 	1
13256 	1
13257 	1
13261 	1
13263 	1
13264 	1
13266 	1
13267 	1
13269 	1
13270 	1
13271 	1
13278 	1
13279 	1
13282 	1
13283 	1
13284 	1
13285 	1
13286 	1
13287 	1
13290 	1
13291 	1
13292 	1
13293 	1
13294 	1
13301 	1
13304 	1
13306 	1
13307 	1
13309 	1
13310 	1
13312 	1
13313 	1
13314 	1
13316 	1
13317 	1
13318 	1
13319 	1
13320 	1
13321 	1
13322 	1
13323 	1
13328 	1
13329 	1
13330 	1
13334 	1
13336 	1
13338 	1
13339 	1
13343 	1
13348 	1
13351 	1
13352 	1
13353 	1
13354 	1
13355 	1
13358 	1
13359 	1
13360 	1
13361 	1
13362 	1
13366 	1
13370 	1
13373 	1
13374 	1
13378 	1
13380 	1
13381 	1
13382 	1
13383 	1
13384 	1
13385 	1
13388 	1
13389 	1
13391 	1
13392 	1
13393 	1
13396 	1
13399 	1
13400 	1
13401 	1
13402 	1
13403 	1
13405 	1
13406 	1
13407 	1
13409 	1
13410 	1
13411 	1
13412 	1
13413 	1
13414 	1
13417 	1
13423 	1
13425 	1
13427 	1
13428 	1
13429 	1
13434 	1
13435 	1
13438 	1
13440 	1
13441 	1
13442 	1
13444 	1
13445 	1
13446 	1
13449 	1
13450 	1
13451 	1
13456 	1
13459 	1
13461 	1
13462 	1
13466 	1
13469 	1
13470 	1
13471 	1
13474 	1
13476 	1
13479 	1
13483 	1
13487 	1
13489 	1
13492 	1
13493 	1
13498 	1
13501 	1
13503 	1
13506 	1
13509 	1
13512 	1
13513 	1
13515 	1
13521 	1
13523 	1
13532 	1
13534 	1
13535 	1
13537 	1
13538 	1
13539 	1
13540 	1
13542 	1
13544 	1
13546 	1
13547 	1
13549 	1
13550 	1
13552 	1
13554 	1
13555 	1
13557 	1
13559 	1
13560 	1
13562 	1
13564 	1
13568 	1
13569 	1
13573 	1
13574 	1
13575 	1
13578 	1
13579 	1
13581 	1
13583 	1
13584 	1
13586 	1
13587 	1
13588 	1
13589 	1
13592 	1
13594 	1
13596 	1
13600 	1
13601 	1
13602 	1
13603 	1
13605 	1
13606 	1
13608 	1
13610 	1
13611 	1
13613 	1
13616 	1
13617 	1
13619 	1
13621 	1
13623 	1
13625 	1
13626 	1
13627 	1
13629 	1
13633 	1
13634 	1
13639 	1
13643 	1
13645 	1
13647 	1
13648 	1
13649 	1
13652 	1
13654 	1
13659 	1
13660 	1
13661 	1
13662 	1
13663 	1
13664 	1
13665 	1
13667 	1
13668 	1
13669 	1
13674 	1
13676 	1
13677 	1
13679 	1
13681 	1
13683 	1
13689 	1
13690 	1
13691 	1
13692 	1
13695 	1
13696 	1
13697 	1
13699 	1
13701 	1
13702 	1
13704 	1
13707 	1
13708 	1
13710 	1
13711 	1
13715 	1
13717 	1
13718 	1
13720 	1
13721 	1
13722 	1
13725 	1
13729 	1
13732 	1
13733 	1
13735 	1
13739 	1
13743 	1
13746 	1
13747 	1
13748 	1
13749 	1
13750 	1
13751 	1
13753 	1
13754 	1
13755 	1
13756 	1
13761 	1
13762 	1
13766 	1
13768 	1
13769 	1
13771 	1
13778 	1
13781 	1
13783 	1
13787 	1
13794 	1
13798 	1
13799 	1
13801 	1
13803 	1
13804 	1
13806 	1
13809 	1
13810 	1
13813 	1
13815 	1
13816 	1
13822 	1
13823 	1
13824 	1
13825 	1
13826 	1
13829 	1
13832 	1
13834 	1
13836 	1
13837 	1
13838 	1
13839 	1
13840 	1
13843 	1
13845 	1
13846 	1
13849 	1
13855 	1
13856 	1
13857 	1
13859 	1
13863 	1
13865 	1
13866 	1
13868 	1
13869 	1
13871 	1
13873 	1
13875 	1
13877 	1
13878 	1
13880 	1
13884 	1
13885 	1
13886 	1
13887 	1
13893 	1
13895 	1
13896 	1
13899 	1
13900 	1
13905 	1
13906 	1
13910 	1
13912 	1
13916 	1
13919 	1
13922 	1
13923 	1
13924 	1
13926 	1
13927 	1
13929 	1
13935 	1
13937 	1
13938 	1
13939 	1
13940 	1
13943 	1
13944 	1
13945 	1
13948 	1
13949 	1
13950 	1
13952 	1
13956 	1
13959 	1
13961 	1
13962 	1
13963 	1
13964 	1
13968 	1
13970 	1
13972 	1
13973 	1
13982 	1
13984 	1
13986 	1
13991 	1
13994 	1
13996 	1
13999 	1
14000 	1
14001 	1
14005 	1
14006 	1
14010 	1
14011 	1
14013 	1
14019 	1
14022 	1
14023 	1
14025 	1
14027 	1
14028 	1
14031 	1
14035 	1
14037 	1
14040 	1
14042 	1
14043 	1
14044 	1
14046 	1
14047 	1
14049 	1
14050 	1
14051 	1
14052 	1
14053 	1
14056 	1
14057 	1
14061 	1
14062 	1
14063 	1
14064 	1
14066 	1
14067 	1
14071 	1
14073 	1
14076 	1
14077 	1
14079 	1
14081 	1
14082 	1
14083 	1
14084 	1
14088 	1
14090 	1
14091 	1
14092 	1
14093 	1
14096 	1
14097 	1
14098 	1
14100 	1
14101 	1
14103 	1
14106 	1
14108 	1
14110 	1
14111 	1
14112 	1
14115 	1
14116 	1
14118 	1
14120 	1
14121 	1
14122 	1
14123 	1
14124 	1
14125 	1
14127 	1
14129 	1
14130 	1
14134 	1
14136 	1
14137 	1
14139 	1
14140 	1
14143 	1
14146 	1
14148 	1
14152 	1
14154 	1
14155 	1
14156 	1
14159 	1
14161 	1
14162 	1
14166 	1
14169 	1
14171 	1
14173 	1
14174 	1
14175 	1
14176 	1
14179 	1
14180 	1
14181 	1
14182 	1
14183 	1
14184 	1
14185 	1
14186 	1
14190 	1
14191 	1
14193 	1
14194 	1
14195 	1
14197 	1
14198 	1
14199 	1
14200 	1
14207 	1
14212 	1
14213 	1
14214 	1
14217 	1
14221 	1
14223 	1
14225 	1
14227 	1
14233 	1
14234 	1
14235 	1
14236 	1
14238 	1
14240 	1
14245 	1
14246 	1
14247 	1
14248 	1
14249 	1
14250 	1
14253 	1
14254 	1
14257 	1
14259 	1
14260 	1
14263 	1
14267 	1
14271 	1
14272 	1
14273 	1
14274 	1
14276 	1
14278 	1
14279 	1
14281 	1
14282 	1
14283 	1
14286 	1
14287 	1
14288 	1
14289 	1
14291 	1
14292 	1
14293 	1
14297 	1
14300 	1
14305 	1
14307 	1
14308 	1
14310 	1
14312 	1
14313 	1
14314 	1
14315 	1
14317 	1
14321 	1
14323 	1
14324 	1
14326 	1
14327 	1
14328 	1
14329 	1
14332 	1
14333 	1
14336 	1
14337 	1
14339 	1
14342 	1
14346 	1
14349 	1
14350 	1
14351 	1
14352 	1
14355 	1
14356 	1
14357 	1
14358 	1
14360 	1
14362 	1
14363 	1
14365 	1
14366 	1
14367 	1
14372 	1
14375 	1
14380 	1
14381 	1
14382 	1
14383 	1
14385 	1
14386 	1
14388 	1
14389 	1
14390 	1
14392 	1
14394 	1
14398 	1
14399 	1
14402 	1
14403 	1
14404 	1
14407 	1
14410 	1
14412 	1
14413 	1
14414 	1
14416 	1
14421 	1
14425 	1
14427 	1
14428 	1
14431 	1
14433 	1
14435 	1
14442 	1
14445 	1
14446 	1
14448 	1
14449 	1
14450 	1
14454 	1
14456 	1
14459 	1
14461 	1
14462 	1
14463 	1
14468 	1
14470 	1
14472 	1
14474 	1
14475 	1
14476 	1
14482 	1
14484 	1
14485 	1
14487 	1
14489 	1
14490 	1
14491 	1
14493 	1
14497 	1
14498 	1
14499 	1
14501 	1
14502 	1
14503 	1
14505 	1
14508 	1
14510 	1
14511 	1
14515 	1
14518 	1
14519 	1
14521 	1
14525 	1
14526 	1
14527 	1
14528 	1
14529 	1
14533 	1
14535 	1
14538 	1
14540 	1
14542 	1
14545 	1
14546 	1
14548 	1
14551 	1
14553 	1
14558 	1
14561 	1
14562 	1
14563 	1
14564 	1
14565 	1
14567 	1
14568 	1
14569 	1
14572 	1
14574 	1
14575 	1
14576 	1
14578 	1
14580 	1
14581 	1
14582 	1
14585 	1
14586 	1
14587 	1
14588 	1
14589 	1
14590 	1
14592 	1
14595 	1
14596 	1
14598 	1
14600 	1
14603 	1
14604 	1
14605 	1
14606 	1
14608 	1
14610 	1
14611 	1
14612 	1
14614 	1
14615 	1
14620 	1
14624 	1
14627 	1
14628 	1
14629 	1
14631 	1
14632 	1
14633 	1
14634 	1
14636 	1
14637 	1
14641 	1
14644 	1
14645 	1
14646 	1
14649 	1
14650 	1
14652 	1
14654 	1
14655 	1
14656 	1
14657 	1
14658 	1
14660 	1
14661 	1
14664 	1
14667 	1
14671 	1
14672 	1
14676 	1
14682 	1
14683 	1
14687 	1
14688 	1
14689 	1
14690 	1
14691 	1
14692 	1
14693 	1
14694 	1
14696 	1
14698 	1
14701 	1
14702 	1
14705 	1
14706 	1
14707 	1
14709 	1
14713 	1
14714 	1
14715 	1
14720 	1
14723 	1
14724 	1
14726 	1
14727 	1
14728 	1
14733 	1
14735 	1
14737 	1
14738 	1
14741 	1
14743 	1
14750 	1
14751 	1
14752 	1
14755 	1
14757 	1
14758 	1
14760 	1
14762 	1
14764 	1
14765 	1
14767 	1
14769 	1
14770 	1
14771 	1
14772 	1
14775 	1
14776 	1
14779 	1
14780 	1
14781 	1
14783 	1
14784 	1
14785 	1
14787 	1
14790 	1
14792 	1
14793 	1
14794 	1
14795 	1
14797 	1
14798 	1
14801 	1
14802 	1
14804 	1
14806 	1
14808 	1
14810 	1
14812 	1
14814 	1
14815 	1
14817 	1
14820 	1
14822 	1
14827 	1
14829 	1
14830 	1
14832 	1
14833 	1
14834 	1
14835 	1
14836 	1
14837 	1
14839 	1
14841 	1
14842 	1
14846 	1
14847 	1
14849 	1
14851 	1
14856 	1
14858 	1
14869 	1
14871 	1
14872 	1
14873 	1
14874 	1
14879 	1
14880 	1
14884 	1
14887 	1
14888 	1
14889 	1
14894 	1
14897 	1
14899 	1
14902 	1
14903 	1
14904 	1
14905 	1
14906 	1
14908 	1
14911 	1
14919 	1
14920 	1
14921 	1
14926 	1
14928 	1
14929 	1
14930 	1
14932 	1
14936 	1
14937 	1
14938 	1
14940 	1
14943 	1
14946 	1
14950 	1
14952 	1
14954 	1
14961 	1
14963 	1
14964 	1
14966 	1
14967 	1
14971 	1
14972 	1
14974 	1
14975 	1
14976 	1
14977 	1
14978 	1
14982 	1
14986 	1
14989 	1
14991 	1
14992 	1
14995 	1
14996 	1
14998 	1
15000 	1
15003 	1
15005 	1
15007 	1
15008 	1
15016 	1
15018 	1
15022 	1
15024 	1
15025 	1
15026 	1
15027 	1
15029 	1
15031 	1
15032 	1
15034 	1
15040 	1
15044 	1
15045 	1
15055 	1
15056 	1
15059 	1
15062 	1
15064 	1
15066 	1
15069 	1
15073 	1
15076 	1
15078 	1
15082 	1
15084 	1
15086 	1
15087 	1
15090 	1
15092 	1
15093 	1
15094 	1
15095 	1
15096 	1
15103 	1
15104 	1
15105 	1
15107 	1
15109 	1
15110 	1
15114 	1
15116 	1
15118 	1
15119 	1
15120 	1
15123 	1
15126 	1
15129 	1
15130 	1
15131 	1
15136 	1
15140 	1
15142 	1
15148 	1
15149 	1
15150 	1
15151 	1
15153 	1
15155 	1
15158 	1
15159 	1
15160 	1
15161 	1
15162 	1
15163 	1
15164 	1
15165 	1
15167 	1
15169 	1
15171 	1
15174 	1
15177 	1
15180 	1
15181 	1
15182 	1
15183 	1
15185 	1
15187 	1
15188 	1
15190 	1
15191 	1
15192 	1
15193 	1
15199 	1
15201 	1
15202 	1
15203 	1
15204 	1
15206 	1
15207 	1
15208 	1
15210 	1
15212 	1
15213 	1
15215 	1
15219 	1
15221 	1
15223 	1
15225 	1
15227 	1
15229 	1
15232 	1
15233 	1
15234 	1
15235 	1
15237 	1
15238 	1
15241 	1
15242 	1
15245 	1
15248 	1
15256 	1
15259 	1
15262 	1
15263 	1
15264 	1
15265 	1
15266 	1
15270 	1
15271 	1
15272 	1
15273 	1
15277 	1
15279 	1
15280 	1
15281 	1
15283 	1
15286 	1
15287 	1
15289 	1
15291 	1
15292 	1
15293 	1
15295 	1
15296 	1
15298 	1
15299 	1
15300 	1
15301 	1
15302 	1
15303 	1
15304 	1
15307 	1
15310 	1
15316 	1
15317 	1
15320 	1
15321 	1
15324 	1
15325 	1
15326 	1
15328 	1
15329 	1
15331 	1
15332 	1
15333 	1
15336 	1
15341 	1
15343 	1
15344 	1
15345 	1
15347 	1
15348 	1
15349 	1
15353 	1
15355 	1
15356 	1
15357 	1
15358 	1
15363 	1
15364 	1
15365 	1
15368 	1
15369 	1
15371 	1
15373 	1
15374 	1
15377 	1
15378 	1
15379 	1
15383 	1
15389 	1
15390 	1
15392 	1
15395 	1
15398 	1
15402 	1
15403 	1
15405 	1
15406 	1
15408 	1
15409 	1
15411 	1
15414 	1
15415 	1
15416 	1
15418 	1
15419 	1
15421 	1
15423 	1
15425 	1
15426 	1
15427 	1
15429 	1
15430 	1
15432 	1
15433 	1
15435 	1
15437 	1
15438 	1
15439 	1
15446 	1
15448 	1
15449 	1
15450 	1
15454 	1
15457 	1
15458 	1
15463 	1
15464 	1
15466 	1
15469 	1
15472 	1
15475 	1
15476 	1
15477 	1
15478 	1
15479 	1
15480 	1
15481 	1
15486 	1
15491 	1
15492 	1
15495 	1
15500 	1
15501 	1
15502 	1
15507 	1
15508 	1
15509 	1
15510 	1
15511 	1
15516 	1
15517 	1
15522 	1
15523 	1
15524 	1
15525 	1
15528 	1
15529 	1
15533 	1
15535 	1
15537 	1
15539 	1
15541 	1
15543 	1
15544 	1
15545 	1
15549 	1
15550 	1
15551 	1
15553 	1
15554 	1
15557 	1
15559 	1
15561 	0.704069767442
