Number of items 	Total Weight 	Total Profit 
705 	256030.5 	47723.9897959 


Total time: 0.0145928859711 s
Average time: 0.0036489367485 s
Last call: 2.86102294922e-06 s
Stamp 1 of the total: 0h 0m 0s 14ms 14592\u00B5s
Stamp 2 of the total: 00:00:00.0014
Pattern that ignores zeros:
14ms 14592\u00B5s
0014

Item    Fraction

1 	1
3 	1
4 	1
9 	1
10 	1
12 	1
15 	1
16 	1
17 	1
18 	1
19 	1
25 	1
26 	1
29 	1
31 	1
33 	1
37 	1
38 	1
39 	1
40 	1
43 	1
44 	1
45 	1
50 	1
54 	1
56 	1
61 	1
64 	1
67 	1
69 	1
72 	1
73 	1
75 	1
78 	1
85 	1
88 	1
89 	1
90 	1
91 	1
93 	1
95 	1
100 	1
101 	1
102 	1
103 	1
107 	1
108 	1
110 	1
111 	1
112 	1
113 	1
114 	1
117 	1
118 	1
119 	1
120 	1
121 	1
122 	1
128 	1
129 	1
132 	1
133 	1
134 	1
135 	1
136 	1
137 	1
138 	1
140 	1
141 	1
142 	1
145 	1
148 	1
149 	1
153 	1
155 	1
156 	1
157 	1
159 	1
160 	1
161 	1
162 	1
163 	1
164 	1
166 	1
167 	1
168 	1
170 	1
173 	1
174 	1
175 	1
177 	1
179 	1
182 	1
183 	1
185 	1
186 	1
187 	1
190 	1
191 	1
194 	1
196 	1
198 	1
204 	1
207 	1
209 	1
211 	1
212 	1
213 	1
214 	1
216 	1
219 	1
221 	1
223 	1
224 	1
230 	1
234 	1
239 	1
240 	1
242 	1
243 	1
244 	1
245 	1
246 	1
248 	1
249 	1
251 	1
252 	1
253 	1
256 	1
257 	1
259 	1
261 	1
262 	1
264 	1
267 	1
270 	1
271 	1
274 	1
275 	1
276 	1
277 	1
279 	1
280 	1
281 	1
282 	1
286 	1
287 	1
289 	1
293 	1
294 	1
295 	1
296 	1
298 	1
302 	1
304 	1
305 	1
306 	1
309 	1
313 	1
314 	1
315 	1
316 	1
318 	1
320 	1
321 	1
324 	1
325 	1
326 	1
327 	1
328 	1
329 	1
336 	1
338 	1
340 	1
342 	1
345 	1
346 	1
349 	1
352 	1
355 	1
357 	1
359 	1
363 	1
365 	1
366 	1
371 	1
373 	1
376 	1
377 	1
378 	1
384 	1
388 	1
389 	1
390 	1
392 	1
393 	1
394 	1
397 	1
398 	1
399 	1
402 	1
403 	1
404 	1
406 	1
407 	1
408 	1
409 	1
411 	1
413 	1
414 	1
419 	1
422 	1
424 	1
425 	1
426 	1
428 	1
430 	1
431 	1
433 	1
436 	1
437 	1
441 	1
443 	1
444 	1
445 	1
446 	1
447 	1
449 	1
450 	1
451 	1
452 	1
454 	1
455 	1
456 	1
460 	1
464 	1
468 	1
469 	1
470 	1
471 	1
472 	1
474 	1
476 	1
477 	1
479 	1
481 	1
482 	1
483 	1
487 	1
488 	1
490 	1
492 	1
494 	1
496 	1
498 	1
499 	1
503 	1
504 	1
505 	1
506 	1
509 	1
511 	1
514 	1
515 	1
516 	1
517 	1
519 	1
521 	1
523 	1
524 	1
525 	1
528 	1
531 	1
532 	1
533 	1
535 	1
536 	1
537 	1
544 	1
546 	1
547 	1
552 	1
553 	1
554 	1
555 	1
557 	1
558 	1
559 	1
564 	1
566 	1
570 	1
573 	1
575 	1
577 	1
579 	1
580 	1
583 	1
585 	1
586 	1
587 	1
588 	1
589 	1
590 	1
591 	1
598 	1
601 	1
602 	1
603 	1
604 	1
611 	1
613 	1
615 	1
616 	1
617 	1
618 	1
620 	1
621 	1
622 	1
624 	1
625 	1
626 	1
627 	1
629 	1
630 	1
631 	1
633 	1
636 	1
638 	1
639 	1
640 	1
641 	1
644 	1
646 	1
647 	1
648 	1
650 	1
651 	1
653 	1
654 	1
656 	1
660 	1
661 	1
662 	1
663 	1
666 	1
670 	1
671 	1
672 	1
673 	1
674 	1
675 	1
677 	1
678 	1
679 	1
680 	1
681 	1
682 	1
684 	1
689 	1
692 	1
694 	1
697 	1
698 	1
699 	1
700 	1
701 	1
703 	1
705 	1
711 	1
713 	1
714 	1
715 	1
718 	1
719 	1
720 	1
721 	1
722 	1
723 	1
728 	1
729 	1
730 	1
732 	1
736 	1
738 	1
740 	1
742 	1
743 	1
744 	1
746 	1
747 	1
748 	1
750 	1
757 	1
758 	1
760 	1
761 	1
762 	1
766 	1
767 	1
768 	1
770 	1
771 	1
772 	1
773 	1
774 	1
775 	1
776 	1
778 	1
779 	1
782 	1
783 	1
784 	1
785 	1
787 	1
788 	1
795 	1
796 	1
799 	1
801 	1
802 	1
803 	1
804 	1
808 	1
809 	1
810 	1
812 	1
813 	1
817 	1
823 	1
824 	1
827 	1
831 	1
835 	1
839 	1
840 	1
841 	1
842 	1
843 	1
845 	1
846 	1
847 	1
851 	1
853 	1
854 	1
855 	1
856 	1
858 	1
860 	1
865 	1
866 	1
867 	1
871 	1
872 	1
874 	1
875 	1
878 	1
880 	1
881 	1
883 	1
884 	1
885 	1
887 	1
888 	1
892 	1
894 	1
895 	1
896 	1
898 	1
899 	1
900 	1
901 	1
905 	1
906 	1
907 	1
911 	1
912 	1
914 	1
916 	1
917 	1
918 	1
922 	1
923 	1
925 	1
929 	1
931 	1
933 	1
934 	1
935 	1
936 	1
938 	1
939 	1
940 	1
944 	1
945 	1
946 	1
948 	1
952 	1
953 	1
956 	1
957 	1
958 	1
961 	1
962 	1
963 	1
964 	1
966 	1
967 	1
968 	1
970 	1
971 	1
972 	1
975 	1
977 	1
978 	1
980 	1
981 	1
982 	1
984 	1
985 	1
986 	1
987 	1
988 	1
989 	1
990 	1
991 	1
992 	1
993 	1
994 	1
999 	1
1001 	1
1002 	1
1004 	1
1006 	1
1007 	1
1008 	1
1010 	1
1014 	1
1015 	1
1016 	1
1018 	1
1025 	1
1027 	1
1028 	1
1030 	1
1032 	1
1034 	1
1036 	1
1040 	1
1041 	1
1043 	1
1044 	1
1046 	1
1047 	1
1048 	1
1050 	1
1051 	1
1052 	1
1054 	1
1055 	1
1058 	1
1062 	1
1064 	1
1067 	1
1069 	1
1072 	1
1073 	1
1074 	1
1075 	1
1077 	1
1079 	1
1080 	1
1081 	1
1082 	1
1088 	1
1089 	1
1091 	1
1092 	1
1094 	1
1095 	1
1100 	1
1102 	1
1110 	1
1113 	1
1114 	1
1116 	1
1118 	1
1121 	1
1122 	1
1128 	1
1129 	1
1130 	1
1134 	1
1138 	1
1142 	1
1143 	1
1144 	1
1145 	1
1148 	1
1149 	1
1150 	1
1152 	1
1154 	1
1156 	1
1161 	1
1162 	1
1163 	1
1166 	1
1168 	1
1169 	1
1173 	1
1174 	1
1175 	1
1178 	1
1181 	1
1182 	1
1183 	1
1186 	1
1187 	1
1188 	1
1194 	1
1195 	1
1199 	1
1200 	1
1201 	1
1202 	1
1210 	1
1211 	1
1213 	1
1215 	1
1216 	1
1217 	1
1218 	1
1221 	1
1222 	1
1224 	1
1225 	1
1226 	1
1227 	1
1228 	1
1229 	1
1230 	1
1231 	1
1232 	1
1237 	1
1240 	1
1241 	1
1245 	1
1248 	1
1251 	1
1252 	1
1254 	1
1255 	1
1256 	1
1260 	1
1262 	1
1264 	1
1266 	1
1270 	1
1272 	1
1277 	1
1278 	1
1279 	1
1284 	1
1286 	1
1287 	1
1288 	1
1289 	1
1290 	1
1291 	1
1294 	1
1295 	1
1296 	1
1299 	1
1300 	1
1301 	1
1304 	1
1305 	1
1306 	1
1307 	1
1308 	1
1310 	1
1312 	1
1313 	1
1315 	1
1316 	1
1317 	1
1318 	1
1322 	1
1323 	1
1324 	1
1325 	1
1326 	1
1328 	1
1330 	1
1332 	1
1333 	1
1334 	1
1336 	1
1337 	1
1338 	1
1340 	1
1341 	1
1346 	1
1348 	1
1350 	0.878684807256
