Number of items 	Total Weight 	Total Profit 
4492 	1513585.5 	301848.90566 


Total time: 0.07151222229 s
Average time: 0.0178788304329 s
Last call: 3.09944152832e-06 s
Stamp 1 of the total: 0h 0m 0s 71ms 71512\u00B5s
Stamp 2 of the total: 00:00:00.0071
Pattern that ignores zeros:
71ms 71512\u00B5s
0071

Item    Fraction

2 	1
6 	1
9 	1
10 	1
15 	1
16 	1
19 	1
20 	1
21 	1
22 	1
23 	1
25 	1
27 	1
29 	1
33 	1
35 	1
37 	1
38 	1
39 	1
40 	1
41 	1
44 	1
45 	1
51 	1
52 	1
54 	1
55 	1
56 	1
59 	1
60 	1
61 	1
62 	1
64 	1
65 	1
68 	1
69 	1
73 	1
75 	1
76 	1
77 	1
78 	1
79 	1
82 	1
84 	1
85 	1
86 	1
89 	1
92 	1
94 	1
96 	1
97 	1
98 	1
99 	1
101 	1
102 	1
103 	1
104 	1
106 	1
107 	1
108 	1
110 	1
112 	1
113 	1
114 	1
116 	1
117 	1
118 	1
120 	1
122 	1
123 	1
124 	1
127 	1
128 	1
134 	1
135 	1
141 	1
142 	1
144 	1
145 	1
147 	1
150 	1
152 	1
153 	1
155 	1
158 	1
160 	1
161 	1
162 	1
164 	1
165 	1
170 	1
172 	1
173 	1
174 	1
179 	1
180 	1
181 	1
185 	1
187 	1
189 	1
190 	1
192 	1
193 	1
194 	1
196 	1
197 	1
198 	1
199 	1
200 	1
201 	1
202 	1
203 	1
206 	1
207 	1
209 	1
214 	1
217 	1
219 	1
220 	1
221 	1
224 	1
226 	1
227 	1
228 	1
231 	1
235 	1
236 	1
241 	1
242 	1
244 	1
245 	1
250 	1
254 	1
257 	1
260 	1
263 	1
264 	1
267 	1
268 	1
271 	1
272 	1
275 	1
276 	1
278 	1
280 	1
281 	1
282 	1
283 	1
284 	1
285 	1
287 	1
289 	1
290 	1
291 	1
292 	1
293 	1
295 	1
296 	1
303 	1
306 	1
307 	1
308 	1
311 	1
314 	1
317 	1
319 	1
321 	1
325 	1
327 	1
328 	1
329 	1
330 	1
331 	1
332 	1
333 	1
335 	1
337 	1
341 	1
342 	1
344 	1
347 	1
348 	1
349 	1
350 	1
354 	1
358 	1
359 	1
360 	1
361 	1
366 	1
368 	1
370 	1
372 	1
373 	1
379 	1
380 	1
381 	1
382 	1
385 	1
386 	1
388 	1
391 	1
393 	1
394 	1
397 	1
403 	1
406 	1
407 	1
408 	1
409 	1
411 	1
414 	1
415 	1
418 	1
419 	1
420 	1
423 	1
425 	1
429 	1
433 	1
434 	1
436 	1
437 	1
440 	1
441 	1
442 	1
444 	1
446 	1
447 	1
448 	1
449 	1
450 	1
457 	1
459 	1
460 	1
461 	1
463 	1
465 	1
467 	1
469 	1
471 	1
472 	1
473 	1
474 	1
478 	1
481 	1
482 	1
483 	1
484 	1
485 	1
487 	1
488 	1
489 	1
491 	1
495 	1
498 	1
502 	1
503 	1
507 	1
508 	1
511 	1
515 	1
516 	1
517 	1
518 	1
522 	1
525 	1
526 	1
527 	1
531 	1
533 	1
534 	1
538 	1
541 	1
543 	1
544 	1
548 	1
549 	1
551 	1
552 	1
553 	1
554 	1
556 	1
558 	1
559 	1
561 	1
562 	1
563 	1
566 	1
567 	1
568 	1
573 	1
575 	1
579 	1
580 	1
582 	1
583 	1
587 	1
588 	1
589 	1
590 	1
595 	1
599 	1
601 	1
607 	1
608 	1
612 	1
613 	1
614 	1
615 	1
617 	1
619 	1
621 	1
625 	1
627 	1
631 	1
634 	1
635 	1
636 	1
638 	1
640 	1
641 	1
643 	1
645 	1
646 	1
647 	1
648 	1
649 	1
650 	1
658 	1
659 	1
660 	1
662 	1
665 	1
667 	1
668 	1
673 	1
683 	1
685 	1
686 	1
687 	1
689 	1
690 	1
695 	1
698 	1
701 	1
702 	1
703 	1
704 	1
707 	1
713 	1
716 	1
723 	1
725 	1
726 	1
728 	1
730 	1
734 	1
735 	1
737 	1
739 	1
741 	1
744 	1
746 	1
747 	1
750 	1
752 	1
753 	1
754 	1
756 	1
757 	1
759 	1
763 	1
764 	1
765 	1
767 	1
768 	1
769 	1
770 	1
773 	1
774 	1
779 	1
780 	1
781 	1
784 	1
786 	1
787 	1
788 	1
789 	1
793 	1
794 	1
798 	1
799 	1
800 	1
802 	1
804 	1
806 	1
808 	1
810 	1
811 	1
812 	1
816 	1
817 	1
819 	1
820 	1
821 	1
826 	1
827 	1
828 	1
830 	1
831 	1
833 	1
834 	1
835 	1
838 	1
839 	1
840 	1
843 	1
844 	1
845 	1
846 	1
850 	1
851 	1
855 	1
859 	1
861 	1
865 	1
868 	1
870 	1
871 	1
872 	1
878 	1
881 	1
885 	1
886 	1
894 	1
895 	1
896 	1
898 	1
899 	1
901 	1
904 	1
908 	1
910 	1
911 	1
913 	1
914 	1
915 	1
916 	1
921 	1
922 	1
926 	1
927 	1
928 	1
929 	1
930 	1
931 	1
932 	1
933 	1
934 	1
936 	1
937 	1
938 	1
939 	1
941 	1
945 	1
946 	1
947 	1
949 	1
952 	1
954 	1
955 	1
956 	1
957 	1
958 	1
959 	1
960 	1
967 	1
968 	1
969 	1
970 	1
971 	1
974 	1
975 	1
976 	1
978 	1
979 	1
983 	1
986 	1
987 	1
988 	1
989 	1
990 	1
992 	1
993 	1
994 	1
995 	1
996 	1
997 	1
1000 	1
1002 	1
1006 	1
1008 	1
1009 	1
1012 	1
1013 	1
1014 	1
1015 	1
1016 	1
1021 	1
1024 	1
1025 	1
1027 	1
1028 	1
1033 	1
1035 	1
1036 	1
1039 	1
1042 	1
1044 	1
1045 	1
1047 	1
1053 	1
1054 	1
1061 	1
1063 	1
1065 	1
1066 	1
1067 	1
1068 	1
1071 	1
1072 	1
1074 	1
1075 	1
1076 	1
1078 	1
1079 	1
1081 	1
1082 	1
1083 	1
1085 	1
1087 	1
1090 	1
1091 	1
1092 	1
1093 	1
1094 	1
1098 	1
1100 	1
1104 	1
1105 	1
1108 	1
1110 	1
1111 	1
1112 	1
1113 	1
1114 	1
1115 	1
1117 	1
1119 	1
1120 	1
1124 	1
1125 	1
1128 	1
1129 	1
1130 	1
1132 	1
1135 	1
1136 	1
1137 	1
1140 	1
1142 	1
1143 	1
1144 	1
1145 	1
1150 	1
1151 	1
1152 	1
1155 	1
1158 	1
1159 	1
1160 	1
1161 	1
1162 	1
1165 	1
1166 	1
1167 	1
1168 	1
1170 	1
1171 	1
1172 	1
1173 	1
1175 	1
1176 	1
1178 	1
1179 	1
1180 	1
1181 	1
1183 	1
1185 	1
1188 	1
1190 	1
1191 	1
1195 	1
1198 	1
1199 	1
1201 	1
1204 	1
1205 	1
1211 	1
1212 	1
1213 	1
1214 	1
1215 	1
1219 	1
1222 	1
1226 	1
1227 	1
1232 	1
1235 	1
1237 	1
1238 	1
1239 	1
1242 	1
1244 	1
1250 	1
1251 	1
1252 	1
1259 	1
1260 	1
1264 	1
1266 	1
1268 	1
1274 	1
1276 	1
1280 	1
1282 	1
1285 	1
1289 	1
1291 	1
1292 	1
1295 	1
1297 	1
1299 	1
1301 	1
1302 	1
1304 	1
1306 	1
1308 	1
1310 	1
1314 	1
1318 	1
1320 	1
1325 	1
1327 	1
1329 	1
1331 	1
1339 	1
1340 	1
1341 	1
1344 	1
1345 	1
1347 	1
1352 	1
1353 	1
1357 	1
1359 	1
1363 	1
1366 	1
1372 	1
1373 	1
1374 	1
1375 	1
1376 	1
1377 	1
1380 	1
1382 	1
1384 	1
1387 	1
1388 	1
1389 	1
1390 	1
1394 	1
1395 	1
1396 	1
1397 	1
1398 	1
1404 	1
1405 	1
1407 	1
1411 	1
1412 	1
1413 	1
1414 	1
1415 	1
1416 	1
1417 	1
1419 	1
1421 	1
1424 	1
1425 	1
1428 	1
1430 	1
1431 	1
1433 	1
1434 	1
1436 	1
1440 	1
1441 	1
1443 	1
1444 	1
1445 	1
1446 	1
1447 	1
1450 	1
1451 	1
1453 	1
1455 	1
1457 	1
1458 	1
1459 	1
1462 	1
1464 	1
1467 	1
1470 	1
1472 	1
1474 	1
1477 	1
1478 	1
1480 	1
1483 	1
1484 	1
1490 	1
1492 	1
1493 	1
1500 	1
1501 	1
1502 	1
1505 	1
1507 	1
1508 	1
1509 	1
1510 	1
1511 	1
1519 	1
1520 	1
1524 	1
1525 	1
1526 	1
1527 	1
1528 	1
1529 	1
1532 	1
1533 	1
1534 	1
1537 	1
1538 	1
1542 	1
1543 	1
1546 	1
1547 	1
1550 	1
1552 	1
1554 	1
1555 	1
1558 	1
1560 	1
1564 	1
1566 	1
1567 	1
1568 	1
1569 	1
1572 	1
1575 	1
1577 	1
1582 	1
1583 	1
1584 	1
1587 	1
1590 	1
1592 	1
1593 	1
1594 	1
1595 	1
1596 	1
1599 	1
1600 	1
1602 	1
1603 	1
1604 	1
1606 	1
1608 	1
1609 	1
1610 	1
1611 	1
1612 	1
1614 	1
1617 	1
1618 	1
1619 	1
1621 	1
1627 	1
1632 	1
1637 	1
1638 	1
1644 	1
1645 	1
1648 	1
1650 	1
1651 	1
1655 	1
1656 	1
1658 	1
1660 	1
1662 	1
1663 	1
1666 	1
1669 	1
1670 	1
1674 	1
1675 	1
1679 	1
1681 	1
1684 	1
1689 	1
1690 	1
1691 	1
1693 	1
1694 	1
1695 	1
1696 	1
1699 	1
1700 	1
1704 	1
1705 	1
1706 	1
1707 	1
1708 	1
1709 	1
1710 	1
1713 	1
1714 	1
1715 	1
1717 	1
1718 	1
1719 	1
1722 	1
1723 	1
1724 	1
1726 	1
1729 	1
1730 	1
1731 	1
1738 	1
1740 	1
1743 	1
1746 	1
1747 	1
1748 	1
1749 	1
1752 	1
1753 	1
1754 	1
1758 	1
1761 	1
1762 	1
1764 	1
1765 	1
1766 	1
1767 	1
1769 	1
1771 	1
1772 	1
1773 	1
1774 	1
1775 	1
1777 	1
1780 	1
1783 	1
1786 	1
1788 	1
1789 	1
1790 	1
1791 	1
1793 	1
1800 	1
1802 	1
1803 	1
1804 	1
1805 	1
1807 	1
1808 	1
1810 	1
1812 	1
1813 	1
1814 	1
1816 	1
1818 	1
1822 	1
1824 	1
1825 	1
1826 	1
1828 	1
1830 	1
1831 	1
1832 	1
1833 	1
1835 	1
1836 	1
1837 	1
1838 	1
1839 	1
1841 	1
1842 	1
1846 	1
1847 	1
1849 	1
1851 	1
1852 	1
1853 	1
1855 	1
1856 	1
1859 	1
1860 	1
1861 	1
1862 	1
1863 	1
1864 	1
1865 	1
1866 	1
1867 	1
1868 	1
1869 	1
1871 	1
1875 	1
1877 	1
1878 	1
1879 	1
1880 	1
1882 	1
1883 	1
1884 	1
1889 	1
1891 	1
1893 	1
1894 	1
1896 	1
1897 	1
1898 	1
1899 	1
1903 	1
1905 	1
1915 	1
1916 	1
1921 	1
1925 	1
1928 	1
1929 	1
1931 	1
1933 	1
1935 	1
1937 	1
1938 	1
1939 	1
1940 	1
1943 	1
1944 	1
1946 	1
1947 	1
1948 	1
1949 	1
1950 	1
1951 	1
1953 	1
1957 	1
1959 	1
1962 	1
1964 	1
1965 	1
1971 	1
1972 	1
1973 	1
1975 	1
1977 	1
1978 	1
1979 	1
1981 	1
1982 	1
1983 	1
1985 	1
1986 	1
1989 	1
1991 	1
1996 	1
1999 	1
2000 	1
2002 	1
2012 	1
2014 	1
2017 	1
2018 	1
2019 	1
2026 	1
2028 	1
2030 	1
2031 	1
2033 	1
2035 	1
2037 	1
2039 	1
2041 	1
2042 	1
2044 	1
2053 	1
2055 	1
2057 	1
2060 	1
2061 	1
2063 	1
2065 	1
2066 	1
2067 	1
2068 	1
2072 	1
2074 	1
2076 	1
2079 	1
2082 	1
2085 	1
2087 	1
2090 	1
2092 	1
2094 	1
2099 	1
2100 	1
2104 	1
2106 	1
2107 	1
2109 	1
2111 	1
2112 	1
2113 	1
2115 	1
2116 	1
2117 	1
2118 	1
2120 	1
2122 	1
2123 	1
2124 	1
2125 	1
2128 	1
2129 	1
2130 	1
2131 	1
2133 	1
2134 	1
2138 	1
2140 	1
2142 	1
2149 	1
2150 	1
2151 	1
2155 	1
2157 	1
2158 	1
2159 	1
2161 	1
2163 	1
2164 	1
2171 	1
2172 	1
2173 	1
2176 	1
2178 	1
2181 	1
2182 	1
2184 	1
2185 	1
2186 	1
2188 	1
2194 	1
2196 	1
2198 	1
2199 	1
2200 	1
2201 	1
2207 	1
2208 	1
2210 	1
2212 	1
2215 	1
2216 	1
2218 	1
2219 	1
2223 	1
2225 	1
2227 	1
2228 	1
2230 	1
2233 	1
2236 	1
2238 	1
2239 	1
2240 	1
2241 	1
2242 	1
2244 	1
2245 	1
2246 	1
2247 	1
2248 	1
2250 	1
2251 	1
2252 	1
2253 	1
2254 	1
2255 	1
2257 	1
2259 	1
2261 	1
2262 	1
2265 	1
2266 	1
2267 	1
2268 	1
2269 	1
2280 	1
2281 	1
2282 	1
2284 	1
2285 	1
2291 	1
2292 	1
2293 	1
2294 	1
2299 	1
2300 	1
2301 	1
2303 	1
2305 	1
2306 	1
2307 	1
2314 	1
2319 	1
2320 	1
2322 	1
2323 	1
2324 	1
2325 	1
2326 	1
2328 	1
2330 	1
2335 	1
2337 	1
2338 	1
2339 	1
2340 	1
2342 	1
2343 	1
2345 	1
2346 	1
2347 	1
2348 	1
2349 	1
2350 	1
2352 	1
2353 	1
2357 	1
2361 	1
2362 	1
2363 	1
2365 	1
2366 	1
2367 	1
2377 	1
2386 	1
2387 	1
2388 	1
2397 	1
2404 	1
2405 	1
2408 	1
2409 	1
2410 	1
2413 	1
2416 	1
2420 	1
2421 	1
2422 	1
2423 	1
2424 	1
2428 	1
2429 	1
2433 	1
2436 	1
2438 	1
2440 	1
2444 	1
2446 	1
2448 	1
2450 	1
2452 	1
2453 	1
2455 	1
2460 	1
2462 	1
2467 	1
2468 	1
2469 	1
2474 	1
2475 	1
2476 	1
2477 	1
2479 	1
2480 	1
2483 	1
2485 	1
2492 	1
2494 	1
2496 	1
2498 	1
2499 	1
2504 	1
2505 	1
2506 	1
2507 	1
2511 	1
2513 	1
2518 	1
2525 	1
2526 	1
2527 	1
2528 	1
2529 	1
2530 	1
2531 	1
2532 	1
2533 	1
2538 	1
2539 	1
2541 	1
2542 	1
2543 	1
2544 	1
2545 	1
2546 	1
2547 	1
2548 	1
2554 	1
2558 	1
2559 	1
2562 	1
2563 	1
2564 	1
2567 	1
2569 	1
2571 	1
2575 	1
2576 	1
2577 	1
2580 	1
2582 	1
2584 	1
2585 	1
2587 	1
2588 	1
2589 	1
2590 	1
2591 	1
2592 	1
2595 	1
2600 	1
2601 	1
2602 	1
2603 	1
2606 	1
2608 	1
2609 	1
2610 	1
2611 	1
2612 	1
2615 	1
2616 	1
2618 	1
2619 	1
2621 	1
2622 	1
2623 	1
2626 	1
2629 	1
2630 	1
2631 	1
2636 	1
2641 	1
2642 	1
2643 	1
2648 	1
2650 	1
2651 	1
2652 	1
2654 	1
2656 	1
2658 	1
2660 	1
2662 	1
2665 	1
2667 	1
2668 	1
2669 	1
2672 	1
2676 	1
2677 	1
2679 	1
2680 	1
2682 	1
2683 	1
2684 	1
2686 	1
2689 	1
2693 	1
2694 	1
2695 	1
2696 	1
2697 	1
2698 	1
2699 	1
2700 	1
2702 	1
2703 	1
2704 	1
2707 	1
2710 	1
2713 	1
2715 	1
2716 	1
2718 	1
2722 	1
2723 	1
2724 	1
2725 	1
2726 	1
2727 	1
2728 	1
2730 	1
2731 	1
2733 	1
2737 	1
2739 	1
2743 	1
2749 	1
2750 	1
2751 	1
2753 	1
2756 	1
2757 	1
2758 	1
2759 	1
2760 	1
2761 	1
2765 	1
2770 	1
2771 	1
2772 	1
2773 	1
2774 	1
2775 	1
2776 	1
2781 	1
2784 	1
2785 	1
2786 	1
2791 	1
2792 	1
2793 	1
2795 	1
2796 	1
2797 	1
2798 	1
2800 	1
2801 	1
2802 	1
2803 	1
2805 	1
2806 	1
2807 	1
2808 	1
2810 	1
2812 	1
2814 	1
2816 	1
2818 	1
2820 	1
2821 	1
2822 	1
2823 	1
2824 	1
2830 	1
2833 	1
2834 	1
2835 	1
2836 	1
2837 	1
2838 	1
2839 	1
2840 	1
2841 	1
2845 	1
2847 	1
2848 	1
2850 	1
2851 	1
2853 	1
2854 	1
2856 	1
2857 	1
2860 	1
2862 	1
2868 	1
2870 	1
2871 	1
2873 	1
2874 	1
2875 	1
2877 	1
2879 	1
2884 	1
2886 	1
2888 	1
2890 	1
2892 	1
2894 	1
2898 	1
2904 	1
2907 	1
2908 	1
2909 	1
2911 	1
2913 	1
2914 	1
2915 	1
2917 	1
2922 	1
2923 	1
2925 	1
2926 	1
2927 	1
2928 	1
2929 	1
2930 	1
2933 	1
2934 	1
2937 	1
2938 	1
2939 	1
2940 	1
2943 	1
2944 	1
2945 	1
2946 	1
2949 	1
2951 	1
2952 	1
2955 	1
2958 	1
2959 	1
2960 	1
2962 	1
2964 	1
2965 	1
2966 	1
2968 	1
2971 	1
2974 	1
2979 	1
2982 	1
2983 	1
2985 	1
2991 	1
2993 	1
2994 	1
2995 	1
2996 	1
2997 	1
2999 	1
3000 	1
3003 	1
3004 	1
3005 	1
3008 	1
3009 	1
3012 	1
3013 	1
3015 	1
3016 	1
3017 	1
3018 	1
3021 	1
3022 	1
3023 	1
3024 	1
3026 	1
3028 	1
3029 	1
3030 	1
3031 	1
3034 	1
3035 	1
3036 	1
3037 	1
3038 	1
3041 	1
3043 	1
3045 	1
3047 	1
3049 	1
3051 	1
3054 	1
3055 	1
3056 	1
3057 	1
3058 	1
3060 	1
3062 	1
3063 	1
3064 	1
3065 	1
3066 	1
3069 	1
3070 	1
3071 	1
3073 	1
3075 	1
3076 	1
3080 	1
3083 	1
3085 	1
3086 	1
3087 	1
3088 	1
3090 	1
3092 	1
3093 	1
3095 	1
3098 	1
3100 	1
3104 	1
3105 	1
3107 	1
3108 	1
3109 	1
3110 	1
3112 	1
3115 	1
3120 	1
3125 	1
3126 	1
3127 	1
3129 	1
3131 	1
3132 	1
3133 	1
3135 	1
3136 	1
3138 	1
3139 	1
3140 	1
3150 	1
3151 	1
3155 	1
3156 	1
3159 	1
3161 	1
3162 	1
3163 	1
3164 	1
3165 	1
3168 	1
3169 	1
3170 	1
3171 	1
3172 	1
3174 	1
3175 	1
3177 	1
3180 	1
3188 	1
3189 	1
3192 	1
3196 	1
3198 	1
3200 	1
3202 	1
3204 	1
3208 	1
3213 	1
3217 	1
3218 	1
3220 	1
3225 	1
3227 	1
3228 	1
3229 	1
3230 	1
3232 	1
3235 	1
3237 	1
3238 	1
3239 	1
3245 	1
3247 	1
3248 	1
3249 	1
3250 	1
3252 	1
3253 	1
3255 	1
3256 	1
3257 	1
3258 	1
3260 	1
3261 	1
3263 	1
3266 	1
3267 	1
3268 	1
3269 	1
3270 	1
3271 	1
3272 	1
3273 	1
3274 	1
3275 	1
3277 	1
3279 	1
3281 	1
3283 	1
3285 	1
3287 	1
3289 	1
3291 	1
3292 	1
3294 	1
3295 	1
3297 	1
3300 	1
3302 	1
3304 	1
3305 	1
3307 	1
3310 	1
3311 	1
3312 	1
3313 	1
3318 	1
3321 	1
3324 	1
3326 	1
3327 	1
3332 	1
3339 	1
3340 	1
3344 	1
3345 	1
3346 	1
3349 	1
3351 	1
3352 	1
3353 	1
3356 	1
3357 	1
3358 	1
3359 	1
3363 	1
3364 	1
3365 	1
3368 	1
3371 	1
3372 	1
3373 	1
3374 	1
3375 	1
3376 	1
3379 	1
3380 	1
3383 	1
3384 	1
3385 	1
3386 	1
3387 	1
3388 	1
3394 	1
3395 	1
3396 	1
3398 	1
3400 	1
3401 	1
3402 	1
3404 	1
3405 	1
3407 	1
3410 	1
3411 	1
3414 	1
3415 	1
3420 	1
3421 	1
3422 	1
3428 	1
3429 	1
3430 	1
3431 	1
3435 	1
3437 	1
3439 	1
3444 	1
3449 	1
3450 	1
3452 	1
3453 	1
3454 	1
3455 	1
3460 	1
3462 	1
3465 	1
3466 	1
3467 	1
3468 	1
3470 	1
3471 	1
3474 	1
3476 	1
3482 	1
3484 	1
3485 	1
3486 	1
3490 	1
3494 	1
3495 	1
3497 	1
3500 	1
3503 	1
3507 	1
3508 	1
3509 	1
3510 	1
3511 	1
3512 	1
3513 	1
3514 	1
3517 	1
3523 	1
3525 	1
3526 	1
3527 	1
3528 	1
3529 	1
3531 	1
3534 	1
3537 	1
3539 	1
3544 	1
3545 	1
3546 	1
3548 	1
3549 	1
3553 	1
3554 	1
3560 	1
3561 	1
3562 	1
3563 	1
3564 	1
3565 	1
3567 	1
3568 	1
3569 	1
3572 	1
3575 	1
3576 	1
3583 	1
3585 	1
3586 	1
3587 	1
3590 	1
3591 	1
3592 	1
3596 	1
3597 	1
3598 	1
3600 	1
3606 	1
3609 	1
3610 	1
3611 	1
3612 	1
3617 	1
3618 	1
3620 	1
3621 	1
3624 	1
3627 	1
3629 	1
3630 	1
3631 	1
3638 	1
3642 	1
3644 	1
3645 	1
3646 	1
3648 	1
3651 	1
3654 	1
3656 	1
3657 	1
3658 	1
3659 	1
3661 	1
3662 	1
3664 	1
3665 	1
3666 	1
3667 	1
3668 	1
3670 	1
3674 	1
3675 	1
3676 	1
3678 	1
3681 	1
3683 	1
3690 	1
3691 	1
3692 	1
3694 	1
3696 	1
3697 	1
3698 	1
3699 	1
3700 	1
3703 	1
3704 	1
3707 	1
3711 	1
3712 	1
3713 	1
3715 	1
3716 	1
3717 	1
3718 	1
3719 	1
3721 	1
3723 	1
3725 	1
3726 	1
3727 	1
3730 	1
3735 	1
3737 	1
3738 	1
3742 	1
3743 	1
3744 	1
3752 	1
3753 	1
3755 	1
3756 	1
3757 	1
3758 	1
3760 	1
3761 	1
3762 	1
3767 	1
3769 	1
3770 	1
3772 	1
3773 	1
3774 	1
3775 	1
3776 	1
3777 	1
3780 	1
3782 	1
3783 	1
3785 	1
3786 	1
3788 	1
3793 	1
3794 	1
3797 	1
3800 	1
3803 	1
3805 	1
3808 	1
3810 	1
3815 	1
3816 	1
3818 	1
3820 	1
3824 	1
3825 	1
3826 	1
3831 	1
3833 	1
3835 	1
3838 	1
3840 	1
3842 	1
3847 	1
3848 	1
3850 	1
3852 	1
3855 	1
3856 	1
3857 	1
3858 	1
3859 	1
3862 	1
3869 	1
3870 	1
3871 	1
3872 	1
3873 	1
3875 	1
3878 	1
3880 	1
3883 	1
3884 	1
3888 	1
3890 	1
3891 	1
3893 	1
3895 	1
3896 	1
3897 	1
3898 	1
3901 	1
3903 	1
3904 	1
3905 	1
3906 	1
3908 	1
3910 	1
3911 	1
3913 	1
3915 	1
3916 	1
3920 	1
3921 	1
3923 	1
3927 	1
3928 	1
3933 	1
3936 	1
3941 	1
3942 	1
3943 	1
3944 	1
3946 	1
3949 	1
3950 	1
3952 	1
3953 	1
3955 	1
3957 	1
3958 	1
3959 	1
3962 	1
3965 	1
3966 	1
3968 	1
3971 	1
3976 	1
3977 	1
3979 	1
3981 	1
3983 	1
3984 	1
3986 	1
3987 	1
3988 	1
3989 	1
3990 	1
3992 	1
3995 	1
3996 	1
4000 	1
4001 	1
4002 	1
4004 	1
4007 	1
4012 	1
4013 	1
4015 	1
4016 	1
4018 	1
4019 	1
4025 	1
4026 	1
4030 	1
4031 	1
4032 	1
4033 	1
4034 	1
4035 	1
4037 	1
4045 	1
4046 	1
4048 	1
4049 	1
4050 	1
4051 	1
4053 	1
4054 	1
4056 	1
4058 	1
4061 	1
4062 	1
4063 	1
4064 	1
4065 	1
4067 	1
4069 	1
4073 	1
4076 	1
4078 	1
4082 	1
4083 	1
4084 	1
4085 	1
4086 	1
4087 	1
4089 	1
4090 	1
4092 	1
4095 	1
4097 	1
4098 	1
4102 	1
4103 	1
4104 	1
4105 	1
4107 	1
4110 	1
4111 	1
4113 	1
4116 	1
4117 	1
4120 	1
4126 	1
4129 	1
4143 	1
4144 	1
4147 	1
4149 	1
4150 	1
4151 	1
4156 	1
4157 	1
4159 	1
4160 	1
4165 	1
4166 	1
4167 	1
4170 	1
4172 	1
4173 	1
4174 	1
4175 	1
4179 	1
4180 	1
4182 	1
4183 	1
4186 	1
4188 	1
4195 	1
4197 	1
4199 	1
4201 	1
4203 	1
4206 	1
4208 	1
4209 	1
4210 	1
4212 	1
4215 	1
4218 	1
4219 	1
4225 	1
4226 	1
4228 	1
4229 	1
4230 	1
4231 	1
4232 	1
4233 	1
4235 	1
4236 	1
4244 	1
4247 	1
4250 	1
4251 	1
4252 	1
4254 	1
4256 	1
4261 	1
4262 	1
4264 	1
4270 	1
4272 	1
4273 	1
4276 	1
4277 	1
4280 	1
4282 	1
4283 	1
4287 	1
4288 	1
4290 	1
4291 	1
4297 	1
4299 	1
4301 	1
4305 	1
4306 	1
4308 	1
4310 	1
4311 	1
4313 	1
4319 	1
4320 	1
4321 	1
4323 	1
4324 	1
4325 	1
4332 	1
4335 	1
4338 	1
4340 	1
4341 	1
4343 	1
4346 	1
4349 	1
4351 	1
4358 	1
4359 	1
4362 	1
4364 	1
4366 	1
4369 	1
4371 	1
4372 	1
4374 	1
4375 	1
4378 	1
4379 	1
4380 	1
4382 	1
4386 	1
4387 	1
4389 	1
4394 	1
4395 	1
4397 	1
4400 	1
4401 	1
4402 	1
4403 	1
4405 	1
4407 	1
4409 	1
4410 	1
4411 	1
4415 	1
4416 	1
4417 	1
4419 	1
4421 	1
4424 	1
4426 	1
4429 	1
4430 	1
4432 	1
4433 	1
4434 	1
4435 	1
4436 	1
4439 	1
4440 	1
4442 	1
4443 	1
4446 	1
4447 	1
4454 	1
4456 	1
4458 	1
4460 	1
4461 	1
4464 	1
4465 	1
4466 	1
4467 	1
4470 	1
4475 	1
4476 	1
4477 	1
4478 	1
4479 	1
4482 	1
4488 	1
4491 	1
4493 	1
4494 	1
4495 	1
4496 	1
4497 	1
4499 	1
4500 	1
4502 	1
4504 	1
4507 	1
4508 	1
4513 	1
4514 	1
4517 	1
4519 	1
4520 	1
4521 	1
4525 	1
4526 	1
4527 	1
4529 	1
4530 	1
4535 	1
4536 	1
4537 	1
4545 	1
4546 	1
4547 	1
4552 	1
4555 	1
4556 	1
4557 	1
4562 	1
4565 	1
4566 	1
4567 	1
4568 	1
4569 	1
4570 	1
4573 	1
4574 	1
4575 	1
4579 	1
4580 	1
4585 	1
4586 	1
4592 	1
4595 	1
4598 	1
4600 	1
4601 	1
4602 	1
4603 	1
4604 	1
4607 	1
4608 	1
4609 	1
4612 	1
4614 	1
4616 	1
4618 	1
4619 	1
4623 	1
4624 	1
4633 	1
4634 	1
4638 	1
4639 	1
4640 	1
4642 	1
4645 	1
4646 	1
4648 	1
4650 	1
4652 	1
4658 	1
4662 	1
4663 	1
4665 	1
4666 	1
4668 	1
4669 	1
4671 	1
4672 	1
4673 	1
4676 	1
4679 	1
4680 	1
4683 	1
4684 	1
4685 	1
4686 	1
4688 	1
4691 	1
4692 	1
4695 	1
4707 	1
4709 	1
4711 	1
4712 	1
4716 	1
4720 	1
4722 	1
4723 	1
4726 	1
4728 	1
4729 	1
4734 	1
4736 	1
4737 	1
4739 	1
4741 	1
4742 	1
4743 	1
4744 	1
4745 	1
4747 	1
4748 	1
4750 	1
4755 	1
4756 	1
4757 	1
4759 	1
4761 	1
4763 	1
4765 	1
4766 	1
4767 	1
4769 	1
4771 	1
4772 	1
4774 	1
4776 	1
4778 	1
4780 	1
4783 	1
4786 	1
4787 	1
4788 	1
4789 	1
4791 	1
4794 	1
4795 	1
4797 	1
4799 	1
4800 	1
4802 	1
4803 	1
4804 	1
4805 	1
4807 	1
4810 	1
4813 	1
4814 	1
4817 	1
4818 	1
4820 	1
4826 	1
4827 	1
4828 	1
4830 	1
4831 	1
4832 	1
4833 	1
4834 	1
4836 	1
4838 	1
4840 	1
4841 	1
4843 	1
4844 	1
4845 	1
4846 	1
4848 	1
4849 	1
4850 	1
4852 	1
4854 	1
4855 	1
4856 	1
4857 	1
4858 	1
4861 	1
4865 	1
4866 	1
4869 	1
4870 	1
4871 	1
4877 	1
4879 	1
4881 	1
4883 	1
4885 	1
4888 	1
4889 	1
4892 	1
4893 	1
4897 	1
4898 	1
4899 	1
4900 	1
4901 	1
4902 	1
4903 	1
4908 	1
4914 	1
4915 	1
4917 	1
4918 	1
4919 	1
4921 	1
4923 	1
4927 	1
4928 	1
4929 	1
4932 	1
4934 	1
4938 	1
4939 	1
4942 	1
4944 	1
4945 	1
4946 	1
4947 	1
4949 	1
4953 	1
4956 	1
4961 	1
4962 	1
4963 	1
4964 	1
4965 	1
4966 	1
4968 	1
4969 	1
4971 	1
4972 	1
4973 	1
4974 	1
4975 	1
4976 	1
4977 	1
4978 	1
4979 	1
4983 	1
4984 	1
4985 	1
4986 	1
4992 	1
4996 	1
4997 	1
4998 	1
4999 	1
5000 	1
5001 	1
5005 	1
5006 	1
5010 	1
5011 	1
5012 	1
5015 	1
5017 	1
5018 	1
5019 	1
5020 	1
5021 	1
5024 	1
5029 	1
5034 	1
5035 	1
5037 	1
5038 	1
5040 	1
5041 	1
5044 	1
5045 	1
5046 	1
5053 	1
5055 	1
5057 	1
5058 	1
5061 	1
5062 	1
5063 	1
5065 	1
5069 	1
5071 	1
5072 	1
5074 	1
5075 	1
5076 	1
5077 	1
5078 	1
5079 	1
5084 	1
5085 	1
5086 	1
5087 	1
5089 	1
5092 	1
5094 	1
5095 	1
5098 	1
5100 	1
5102 	1
5103 	1
5105 	1
5106 	1
5107 	1
5109 	1
5112 	1
5113 	1
5123 	1
5126 	1
5128 	1
5129 	1
5130 	1
5131 	1
5134 	1
5137 	1
5138 	1
5139 	1
5142 	1
5144 	1
5145 	1
5146 	1
5148 	1
5150 	1
5151 	1
5152 	1
5154 	1
5155 	1
5157 	1
5159 	1
5160 	1
5161 	1
5162 	1
5164 	1
5171 	1
5175 	1
5176 	1
5179 	1
5180 	1
5182 	1
5184 	1
5185 	1
5186 	1
5187 	1
5188 	1
5190 	1
5192 	1
5193 	1
5194 	1
5195 	1
5196 	1
5199 	1
5200 	1
5205 	1
5207 	1
5210 	1
5214 	1
5215 	1
5216 	1
5222 	1
5223 	1
5225 	1
5226 	1
5231 	1
5234 	1
5236 	1
5237 	1
5239 	1
5240 	1
5241 	1
5242 	1
5243 	1
5244 	1
5246 	1
5249 	1
5251 	1
5252 	1
5253 	1
5256 	1
5257 	1
5259 	1
5263 	1
5265 	1
5266 	1
5267 	1
5268 	1
5269 	1
5273 	1
5274 	1
5277 	1
5278 	1
5279 	1
5283 	1
5285 	1
5286 	1
5289 	1
5290 	1
5291 	1
5295 	1
5296 	1
5298 	1
5299 	1
5301 	1
5302 	1
5304 	1
5306 	1
5307 	1
5310 	1
5312 	1
5313 	1
5319 	1
5321 	1
5323 	1
5324 	1
5325 	1
5328 	1
5329 	1
5332 	1
5335 	1
5336 	1
5337 	1
5339 	1
5341 	1
5345 	1
5346 	1
5349 	1
5351 	1
5352 	1
5355 	1
5356 	1
5358 	1
5360 	1
5364 	1
5365 	1
5366 	1
5369 	1
5370 	1
5372 	1
5373 	1
5377 	1
5378 	1
5380 	1
5381 	1
5382 	1
5383 	1
5385 	1
5386 	1
5387 	1
5389 	1
5390 	1
5392 	1
5393 	1
5397 	1
5399 	1
5400 	1
5402 	1
5406 	1
5407 	1
5408 	1
5409 	1
5410 	1
5411 	1
5415 	1
5416 	1
5418 	1
5419 	1
5420 	1
5421 	1
5425 	1
5427 	1
5431 	1
5433 	1
5436 	1
5437 	1
5438 	1
5440 	1
5442 	1
5444 	1
5445 	1
5446 	1
5449 	1
5450 	1
5453 	1
5454 	1
5456 	1
5460 	1
5461 	1
5462 	1
5467 	1
5470 	1
5471 	1
5472 	1
5473 	1
5474 	1
5475 	1
5476 	1
5478 	1
5479 	1
5481 	1
5484 	1
5486 	1
5487 	1
5491 	1
5494 	1
5495 	1
5496 	1
5497 	1
5498 	1
5504 	1
5506 	1
5509 	1
5511 	1
5513 	1
5514 	1
5517 	1
5520 	1
5524 	1
5527 	1
5534 	1
5537 	1
5538 	1
5544 	1
5545 	1
5546 	1
5550 	1
5552 	1
5553 	1
5554 	1
5555 	1
5557 	1
5558 	1
5562 	1
5563 	1
5567 	1
5570 	1
5572 	1
5574 	1
5584 	1
5585 	1
5586 	1
5587 	1
5588 	1
5589 	1
5593 	1
5594 	1
5595 	1
5596 	1
5597 	1
5599 	1
5600 	1
5601 	1
5602 	1
5604 	1
5607 	1
5612 	1
5620 	1
5621 	1
5627 	1
5628 	1
5631 	1
5633 	1
5634 	1
5637 	1
5639 	1
5641 	1
5642 	1
5643 	1
5644 	1
5647 	1
5650 	1
5653 	1
5657 	1
5661 	1
5665 	1
5666 	1
5667 	1
5670 	1
5672 	1
5674 	1
5675 	1
5676 	1
5677 	1
5678 	1
5679 	1
5680 	1
5682 	1
5683 	1
5684 	1
5685 	1
5686 	1
5688 	1
5689 	1
5690 	1
5692 	1
5694 	1
5695 	1
5696 	1
5697 	1
5701 	1
5703 	1
5713 	1
5714 	1
5716 	1
5717 	1
5718 	1
5720 	1
5722 	1
5723 	1
5725 	1
5726 	1
5727 	1
5728 	1
5729 	1
5731 	1
5733 	1
5735 	1
5737 	1
5739 	1
5742 	1
5748 	1
5749 	1
5750 	1
5751 	1
5755 	1
5759 	1
5760 	1
5763 	1
5765 	1
5766 	1
5767 	1
5769 	1
5772 	1
5773 	1
5775 	1
5776 	1
5781 	1
5782 	1
5786 	1
5787 	1
5788 	1
5790 	1
5791 	1
5792 	1
5795 	1
5796 	1
5797 	1
5799 	1
5800 	1
5802 	1
5803 	1
5804 	1
5807 	1
5808 	1
5810 	1
5814 	1
5815 	1
5819 	1
5822 	1
5825 	1
5828 	1
5829 	1
5832 	1
5835 	1
5838 	1
5839 	1
5840 	1
5841 	1
5842 	1
5844 	1
5845 	1
5846 	1
5847 	1
5851 	1
5852 	1
5855 	1
5856 	1
5858 	1
5861 	1
5864 	1
5866 	1
5867 	1
5868 	1
5869 	1
5870 	1
5872 	1
5873 	1
5876 	1
5877 	1
5879 	1
5881 	1
5884 	1
5885 	1
5886 	1
5887 	1
5889 	1
5891 	1
5892 	1
5895 	1
5896 	1
5897 	1
5899 	1
5901 	1
5902 	1
5903 	1
5904 	1
5905 	1
5906 	1
5907 	1
5911 	1
5912 	1
5913 	1
5914 	1
5915 	1
5921 	1
5925 	1
5929 	1
5932 	1
5934 	1
5935 	1
5937 	1
5941 	1
5944 	1
5946 	1
5950 	1
5951 	1
5953 	1
5954 	1
5955 	1
5958 	1
5961 	1
5962 	1
5965 	1
5967 	1
5969 	1
5974 	1
5975 	1
5980 	1
5981 	1
5982 	1
5983 	1
5985 	1
5987 	1
5988 	1
5989 	1
5992 	1
5993 	1
5996 	1
6000 	1
6003 	1
6004 	1
6006 	1
6007 	1
6008 	1
6009 	1
6014 	1
6016 	1
6017 	1
6018 	1
6019 	1
6021 	1
6022 	1
6026 	1
6027 	1
6028 	1
6029 	1
6030 	1
6031 	1
6032 	1
6033 	1
6034 	1
6035 	1
6037 	1
6039 	1
6041 	1
6043 	1
6046 	1
6048 	1
6050 	1
6052 	1
6053 	1
6055 	1
6056 	1
6058 	1
6060 	1
6067 	1
6068 	1
6070 	1
6071 	1
6073 	1
6078 	1
6080 	1
6087 	1
6089 	1
6090 	1
6091 	1
6094 	1
6097 	1
6098 	1
6100 	1
6101 	1
6102 	1
6107 	1
6108 	1
6110 	1
6118 	1
6119 	1
6120 	1
6121 	1
6122 	1
6126 	1
6127 	1
6130 	1
6133 	1
6135 	1
6137 	1
6138 	1
6139 	1
6140 	1
6141 	1
6142 	1
6144 	1
6145 	1
6146 	1
6147 	1
6148 	1
6150 	1
6153 	1
6154 	1
6156 	1
6158 	1
6164 	1
6165 	1
6168 	1
6170 	1
6171 	1
6172 	1
6174 	1
6176 	1
6177 	1
6178 	1
6179 	1
6181 	1
6187 	1
6188 	1
6189 	1
6191 	1
6194 	1
6196 	1
6198 	1
6202 	1
6203 	1
6204 	1
6205 	1
6207 	1
6208 	1
6209 	1
6210 	1
6211 	1
6212 	1
6216 	1
6220 	1
6222 	1
6223 	1
6226 	1
6229 	1
6230 	1
6233 	1
6234 	1
6237 	1
6240 	1
6241 	1
6242 	1
6243 	1
6244 	1
6247 	1
6255 	1
6258 	1
6259 	1
6260 	1
6262 	1
6263 	1
6265 	1
6266 	1
6267 	1
6268 	1
6269 	1
6271 	1
6272 	1
6274 	1
6275 	1
6278 	1
6280 	1
6281 	1
6282 	1
6284 	1
6285 	1
6286 	1
6289 	1
6293 	1
6294 	1
6295 	1
6296 	1
6297 	1
6298 	1
6300 	1
6303 	1
6304 	1
6305 	1
6306 	1
6309 	1
6311 	1
6312 	1
6313 	1
6315 	1
6321 	1
6322 	1
6326 	1
6328 	1
6329 	1
6330 	1
6331 	1
6333 	1
6335 	1
6339 	1
6342 	1
6343 	1
6344 	1
6346 	1
6347 	1
6348 	1
6354 	1
6355 	1
6356 	1
6357 	1
6359 	1
6361 	1
6362 	1
6363 	1
6366 	1
6367 	1
6368 	1
6369 	1
6371 	1
6375 	1
6380 	1
6382 	1
6384 	1
6385 	1
6386 	1
6389 	1
6390 	1
6391 	1
6393 	1
6394 	1
6396 	1
6397 	1
6399 	1
6403 	1
6408 	1
6409 	1
6410 	1
6411 	1
6414 	1
6416 	1
6417 	1
6419 	1
6420 	1
6421 	1
6426 	1
6429 	1
6430 	1
6432 	1
6434 	1
6436 	1
6441 	1
6442 	1
6444 	1
6445 	1
6449 	1
6451 	1
6453 	1
6457 	1
6458 	1
6461 	1
6464 	1
6466 	1
6469 	1
6470 	1
6472 	1
6479 	1
6483 	1
6485 	1
6487 	1
6490 	1
6493 	1
6494 	1
6495 	1
6496 	1
6497 	1
6498 	1
6499 	1
6501 	1
6503 	1
6504 	1
6507 	1
6508 	1
6509 	1
6511 	1
6512 	1
6514 	1
6515 	1
6518 	1
6519 	1
6520 	1
6522 	1
6524 	1
6525 	1
6527 	1
6528 	1
6532 	1
6533 	1
6534 	1
6535 	1
6536 	1
6538 	1
6539 	1
6540 	1
6541 	1
6543 	1
6544 	1
6546 	1
6547 	1
6548 	1
6550 	1
6553 	1
6554 	1
6555 	1
6558 	1
6559 	1
6560 	1
6561 	1
6562 	1
6565 	1
6566 	1
6568 	1
6569 	1
6570 	1
6571 	1
6573 	1
6574 	1
6581 	1
6585 	1
6588 	1
6589 	1
6590 	1
6591 	1
6594 	1
6595 	1
6596 	1
6597 	1
6600 	1
6602 	1
6606 	1
6612 	1
6613 	1
6615 	1
6616 	1
6622 	1
6623 	1
6625 	1
6627 	1
6628 	1
6629 	1
6631 	1
6632 	1
6633 	1
6634 	1
6635 	1
6636 	1
6641 	1
6642 	1
6645 	1
6650 	1
6651 	1
6654 	1
6655 	1
6658 	1
6659 	1
6660 	1
6661 	1
6665 	1
6666 	1
6667 	1
6669 	1
6670 	1
6671 	1
6672 	1
6673 	1
6674 	1
6676 	1
6678 	1
6679 	1
6682 	1
6683 	1
6684 	1
6687 	1
6688 	1
6689 	1
6691 	1
6693 	1
6694 	1
6698 	1
6699 	1
6700 	1
6701 	1
6702 	1
6706 	1
6709 	1
6711 	1
6715 	1
6716 	1
6717 	1
6718 	1
6719 	1
6720 	1
6723 	1
6726 	1
6727 	1
6728 	1
6730 	1
6735 	1
6737 	1
6738 	1
6741 	1
6742 	1
6743 	1
6753 	1
6759 	1
6761 	1
6762 	1
6763 	1
6766 	1
6767 	1
6769 	1
6770 	1
6774 	1
6779 	1
6780 	1
6782 	1
6783 	1
6784 	1
6785 	1
6786 	1
6787 	1
6788 	1
6790 	1
6791 	1
6792 	1
6798 	1
6801 	1
6802 	1
6804 	1
6808 	1
6810 	1
6811 	1
6813 	1
6814 	1
6816 	1
6819 	1
6827 	1
6828 	1
6831 	1
6832 	1
6835 	1
6836 	1
6837 	1
6839 	1
6842 	1
6843 	1
6844 	1
6845 	1
6846 	1
6847 	1
6851 	1
6852 	1
6854 	1
6855 	1
6856 	1
6859 	1
6860 	1
6862 	1
6863 	1
6864 	1
6868 	1
6869 	1
6870 	1
6872 	1
6874 	1
6877 	1
6879 	1
6880 	1
6881 	1
6882 	1
6885 	1
6889 	1
6892 	1
6894 	1
6895 	1
6896 	1
6897 	1
6898 	1
6899 	1
6905 	1
6909 	1
6910 	1
6913 	1
6917 	1
6918 	1
6920 	1
6921 	1
6923 	1
6924 	1
6932 	1
6933 	1
6934 	1
6937 	1
6939 	1
6940 	1
6941 	1
6942 	1
6946 	1
6947 	1
6948 	1
6949 	1
6951 	1
6953 	1
6956 	1
6957 	1
6958 	1
6960 	1
6965 	1
6966 	1
6967 	1
6968 	1
6969 	1
6972 	1
6974 	1
6975 	1
6976 	1
6979 	1
6980 	1
6984 	1
6985 	1
6990 	1
6992 	1
6994 	1
6995 	1
6997 	1
6998 	1
7001 	1
7010 	1
7012 	1
7019 	1
7022 	1
7023 	1
7025 	1
7027 	1
7029 	1
7030 	1
7031 	1
7032 	1
7033 	1
7034 	1
7035 	1
7037 	1
7038 	1
7041 	1
7043 	1
7045 	1
7048 	1
7051 	1
7052 	1
7054 	1
7056 	1
7058 	1
7060 	1
7062 	1
7063 	1
7066 	1
7067 	1
7068 	1
7069 	1
7071 	1
7072 	1
7073 	1
7074 	1
7078 	1
7079 	1
7080 	1
7083 	1
7084 	1
7086 	1
7088 	1
7090 	1
7092 	1
7094 	1
7096 	1
7097 	1
7099 	1
7101 	1
7102 	1
7103 	1
7104 	1
7105 	1
7108 	1
7112 	1
7113 	1
7114 	1
7116 	1
7118 	1
7119 	1
7121 	1
7122 	1
7126 	1
7128 	1
7134 	1
7135 	1
7136 	1
7138 	1
7140 	1
7142 	1
7144 	1
7146 	1
7147 	1
7148 	1
7149 	1
7152 	1
7153 	1
7154 	1
7158 	1
7162 	1
7164 	1
7166 	1
7170 	1
7173 	1
7174 	1
7179 	1
7180 	1
7181 	1
7182 	1
7183 	1
7185 	1
7186 	1
7187 	1
7188 	1
7189 	1
7190 	1
7191 	1
7193 	1
7197 	1
7198 	1
7200 	1
7201 	1
7204 	1
7205 	1
7207 	1
7209 	1
7210 	1
7212 	1
7214 	1
7215 	1
7216 	1
7217 	1
7218 	1
7221 	1
7234 	1
7235 	1
7238 	1
7239 	1
7241 	1
7244 	1
7247 	1
7249 	1
7250 	1
7253 	1
7254 	1
7255 	1
7262 	1
7263 	1
7264 	1
7265 	1
7267 	1
7269 	1
7271 	1
7272 	1
7273 	1
7277 	1
7278 	1
7279 	1
7281 	1
7283 	1
7286 	1
7287 	1
7290 	1
7291 	1
7295 	1
7296 	1
7297 	1
7299 	1
7300 	1
7303 	1
7304 	1
7306 	1
7308 	1
7309 	1
7313 	1
7318 	1
7319 	1
7321 	1
7325 	1
7326 	1
7327 	1
7329 	1
7330 	1
7331 	1
7332 	1
7334 	1
7335 	1
7337 	1
7339 	1
7340 	1
7341 	1
7343 	1
7346 	1
7347 	1
7348 	1
7349 	1
7351 	1
7354 	1
7356 	1
7358 	1
7360 	1
7361 	1
7362 	1
7364 	1
7365 	1
7368 	1
7369 	1
7371 	1
7374 	1
7375 	1
7376 	1
7377 	1
7385 	1
7388 	1
7389 	1
7390 	1
7391 	1
7392 	1
7396 	1
7397 	1
7399 	1
7407 	1
7408 	1
7409 	1
7410 	1
7411 	1
7413 	1
7415 	1
7416 	1
7418 	1
7421 	1
7424 	1
7427 	1
7428 	1
7429 	1
7435 	1
7436 	1
7438 	1
7439 	1
7440 	1
7441 	1
7442 	1
7443 	1
7444 	1
7445 	1
7447 	1
7450 	1
7451 	1
7454 	1
7456 	1
7457 	1
7461 	1
7463 	1
7464 	1
7465 	1
7466 	1
7470 	1
7472 	1
7473 	1
7475 	1
7476 	1
7477 	1
7478 	1
7479 	1
7480 	1
7481 	1
7482 	1
7483 	1
7484 	1
7485 	1
7486 	1
7488 	1
7489 	1
7493 	1
7494 	1
7495 	1
7496 	1
7497 	1
7498 	1
7501 	1
7506 	1
7508 	1
7511 	1
7513 	1
7514 	1
7516 	1
7517 	1
7518 	1
7520 	1
7521 	1
7524 	1
7527 	1
7528 	1
7532 	1
7534 	1
7535 	1
7536 	1
7538 	1
7539 	1
7540 	1
7541 	1
7544 	1
7549 	1
7551 	1
7552 	1
7553 	1
7554 	1
7555 	1
7556 	1
7558 	1
7559 	1
7562 	1
7564 	1
7565 	1
7567 	1
7569 	1
7570 	1
7571 	1
7572 	1
7578 	1
7579 	1
7580 	1
7583 	1
7584 	1
7587 	1
7590 	1
7591 	1
7593 	1
7594 	1
7595 	1
7596 	1
7597 	1
7603 	1
7604 	1
7605 	1
7610 	1
7611 	1
7612 	1
7614 	1
7615 	1
7616 	1
7617 	1
7622 	1
7624 	1
7626 	1
7627 	1
7633 	1
7634 	1
7635 	1
7636 	1
7637 	1
7642 	1
7643 	1
7645 	1
7650 	1
7653 	1
7657 	1
7661 	1
7664 	1
7665 	1
7671 	1
7673 	1
7675 	1
7676 	1
7677 	1
7678 	1
7683 	1
7684 	1
7685 	1
7686 	1
7689 	1
7690 	1
7692 	1
7695 	1
7698 	1
7701 	1
7703 	1
7705 	1
7710 	1
7711 	1
7712 	1
7713 	1
7720 	1
7723 	1
7725 	1
7726 	1
7728 	1
7730 	1
7731 	1
7734 	1
7735 	1
7737 	1
7740 	1
7743 	1
7744 	1
7745 	1
7749 	1
7751 	1
7753 	1
7754 	1
7756 	1
7757 	1
7759 	1
7760 	1
7761 	1
7763 	1
7764 	1
7766 	1
7769 	1
7774 	1
7776 	1
7777 	1
7778 	1
7779 	1
7781 	1
7782 	1
7783 	1
7786 	1
7788 	1
7789 	1
7793 	1
7796 	1
7799 	1
7804 	1
7806 	1
7812 	1
7817 	1
7819 	1
7822 	1
7826 	1
7828 	1
7829 	1
7830 	1
7832 	1
7834 	1
7835 	1
7836 	1
7838 	1
7839 	1
7840 	1
7842 	1
7843 	1
7844 	1
7845 	1
7849 	1
7851 	1
7853 	1
7854 	1
7855 	1
7856 	1
7857 	1
7859 	1
7862 	1
7863 	1
7864 	1
7865 	1
7866 	1
7868 	1
7878 	1
7880 	1
7881 	1
7882 	1
7883 	1
7884 	1
7885 	1
7887 	1
7889 	1
7893 	1
7894 	1
7895 	1
7900 	1
7903 	1
7904 	1
7905 	1
7906 	1
7907 	1
7908 	1
7909 	1
7912 	1
7913 	1
7915 	1
7917 	1
7919 	1
7920 	1
7921 	1
7922 	1
7928 	1
7929 	1
7932 	1
7936 	1
7938 	1
7939 	1
7942 	1
7944 	1
7951 	1
7952 	1
7953 	1
7955 	1
7957 	1
7958 	1
7961 	1
7962 	1
7964 	1
7965 	1
7968 	1
7973 	1
7975 	1
7977 	1
7979 	1
7981 	1
7985 	1
7986 	1
7988 	1
7991 	1
7992 	1
7993 	1
7996 	1
7997 	1
8001 	1
8006 	1
8007 	1
8009 	1
8011 	1
8012 	1
8013 	1
8016 	1
8017 	1
8022 	1
8024 	1
8025 	1
8026 	1
8028 	1
8030 	1
8032 	1
8033 	1
8035 	1
8036 	1
8037 	1
8038 	1
8039 	1
8043 	1
8045 	1
8046 	1
8048 	1
8049 	1
8052 	1
8061 	1
8062 	1
8063 	1
8064 	1
8070 	1
8071 	1
8072 	1
8075 	1
8076 	1
8077 	1
8080 	1
8082 	1
8084 	1
8087 	1
8091 	1
8092 	1
8094 	1
8095 	1
8104 	1
8105 	1
8107 	1
8110 	1
8111 	1
8112 	1
8118 	1
8119 	1
8124 	1
8126 	1
8131 	1
8132 	1
8133 	1
8134 	1
8135 	1
8137 	1
8139 	1
8140 	1
8141 	1
8142 	1
8146 	1
8147 	1
8148 	1
8151 	1
8152 	1
8153 	1
8154 	1
8158 	1
8162 	1
8164 	1
8165 	1
8168 	1
8169 	1
8170 	1
8172 	1
8173 	1
8175 	1
8176 	1
8177 	1
8178 	1
8179 	1
8181 	1
8183 	1
8185 	1
8187 	1
8191 	1
8193 	1
8194 	1
8196 	1
8197 	1
8198 	1
8200 	1
8203 	1
8206 	1
8207 	1
8208 	1
8211 	1
8215 	1
8217 	1
8218 	1
8220 	1
8221 	1
8222 	1
8224 	1
8225 	1
8226 	1
8227 	1
8230 	1
8231 	1
8232 	1
8234 	1
8235 	1
8238 	1
8239 	1
8240 	1
8243 	1
8245 	1
8246 	1
8247 	1
8248 	1
8249 	1
8250 	1
8251 	1
8253 	1
8256 	1
8257 	1
8258 	1
8260 	1
8262 	1
8263 	1
8264 	1
8266 	1
8269 	1
8270 	1
8271 	1
8273 	1
8274 	1
8275 	1
8277 	1
8279 	1
8280 	1
8281 	1
8282 	1
8283 	1
8286 	1
8287 	1
8288 	1
8292 	1
8294 	1
8295 	1
8300 	1
8303 	1
8304 	1
8305 	1
8308 	1
8309 	1
8319 	1
8320 	1
8322 	1
8324 	1
8326 	1
8328 	1
8332 	1
8338 	1
8339 	1
8340 	1
8341 	1
8344 	1
8345 	1
8346 	1
8347 	1
8349 	1
8350 	1
8354 	1
8355 	1
8357 	1
8358 	1
8359 	1
8361 	1
8363 	1
8364 	1
8365 	1
8366 	1
8368 	1
8369 	1
8373 	1
8375 	1
8376 	1
8377 	1
8380 	1
8382 	1
8383 	1
8384 	1
8388 	1
8389 	1
8391 	1
8393 	1
8394 	1
8398 	1
8400 	1
8402 	1
8404 	1
8406 	1
8409 	1
8417 	1
8418 	1
8419 	1
8421 	1
8422 	1
8424 	1
8427 	1
8431 	1
8433 	1
8436 	1
8438 	1
8439 	1
8440 	1
8444 	1
8446 	1
8448 	1
8449 	1
8451 	1
8452 	1
8454 	1
8455 	1
8456 	1
8459 	1
8460 	1
8462 	1
8466 	1
8467 	1
8468 	1
8471 	1
8473 	1
8474 	1
8480 	1
8481 	1
8486 	1
8487 	1
8489 	1
8491 	1
8494 	1
8496 	1
8497 	1
8498 	1
8499 	1
8500 	1
8501 	1
8507 	1
8508 	1
8509 	1
8511 	1
8513 	1
8514 	1
8516 	1
8520 	1
8526 	1
8527 	1
8528 	1
8529 	1
8532 	1
8534 	1
8535 	1
8537 	1
8539 	1
8544 	1
8545 	1
8546 	1
8547 	1
8551 	1
8552 	1
8553 	1
8554 	1
8556 	1
8557 	1
8558 	1
8561 	1
8562 	1
8564 	1
8565 	1
8566 	1
8570 	1
8572 	1
8573 	1
8574 	1
8577 	1
8578 	1
8581 	1
8583 	1
8587 	1
8590 	1
8594 	1
8595 	1
8598 	1
8599 	1
8600 	1
8601 	1
8603 	1
8604 	1
8610 	1
8611 	1
8612 	1
8613 	1
8614 	1
8618 	1
8620 	1
8622 	1
8624 	1
8625 	1
8629 	1
8631 	1
8636 	1
8641 	1
8642 	1
8646 	1
8647 	1
8649 	1
8650 	1
8652 	1
8653 	1
8655 	1
8656 	1
8659 	1
8660 	1
8661 	1
8663 	1
8669 	1
8671 	1
8672 	1
8675 	1
8676 	1
8677 	1
8680 	1
8687 	1
8688 	1
8690 	1
8691 	1
8694 	1
8696 	1
8700 	1
8701 	1
8703 	1
8705 	1
8707 	1
8708 	1
8710 	1
8712 	1
8713 	1
8717 	1
8718 	1
8720 	1
8723 	1
8727 	1
8728 	1
8729 	1
8730 	1
8732 	1
8734 	1
8737 	1
8738 	1
8740 	1
8741 	1
8744 	1
8751 	1
8755 	1
8758 	1
8759 	1
8760 	1
8761 	1
8762 	1
8763 	1
8764 	1
8765 	1
8767 	1
8768 	1
8770 	1
8772 	1
8773 	1
8774 	1
8776 	1
8779 	1
8781 	1
8782 	1
8783 	1
8785 	1
8786 	1
8788 	1
8789 	1
8790 	1
8792 	1
8794 	1
8796 	1
8797 	1
8801 	1
8802 	1
8803 	1
8806 	1
8807 	1
8809 	1
8810 	1
8812 	1
8813 	1
8815 	1
8818 	1
8819 	1
8820 	1
8821 	1
8822 	1
8823 	1
8826 	1
8828 	1
8832 	1
8833 	1
8834 	1
8836 	1
8837 	1
8838 	1
8841 	1
8843 	1
8845 	1
8846 	1
8849 	1
8850 	1
8852 	1
8853 	1
8855 	1
8857 	1
8859 	1
8861 	1
8862 	1
8863 	1
8864 	1
8867 	1
8869 	1
8870 	1
8872 	1
8877 	1
8879 	1
8880 	1
8882 	1
8883 	1
8884 	1
8886 	1
8889 	1
8891 	1
8892 	1
8894 	1
8896 	1
8897 	1
8900 	1
8905 	1
8906 	1
8908 	1
8910 	1
8911 	1
8914 	1
8916 	1
8917 	1
8918 	1
8919 	1
8921 	1
8922 	1
8923 	1
8926 	1
8927 	1
8931 	1
8933 	1
8934 	1
8935 	1
8937 	1
8938 	1
8940 	1
8941 	1
8945 	1
8946 	1
8947 	1
8948 	1
8952 	1
8953 	1
8957 	1
8959 	1
8960 	1
8961 	1
8962 	1
8963 	1
8967 	1
8970 	1
8972 	1
8973 	1
8974 	1
8975 	1
8976 	1
8977 	1
8978 	1
8979 	1
8980 	1
8982 	1
8989 	1
8990 	1
8994 	1
8995 	1
8997 	1
8999 	1
9002 	1
9005 	1
9006 	1
9007 	1
9008 	1
9009 	1
9012 	1
9013 	1
9020 	0.103773584906
