Number of items 	Total Weight 	Total Profit 
2630 	754468.75 	176596.889344 


Total time: 0.265282154083 s
Average time: 0.0663228034973 s
Last call: 9.05990600586e-06 s
Stamp 1 of the total: 0h 0m 0s 265ms 265282\u00B5s
Stamp 2 of the total: 00:00:00.0265
Pattern that ignores zeros:
265ms 265282\u00B5s
0265

Item    Fraction

2 	1
3 	1
4 	1
7 	1
9 	1
10 	1
11 	1
12 	1
15 	1
17 	1
21 	1
22 	1
23 	1
25 	1
29 	1
32 	1
33 	1
35 	1
37 	1
38 	1
40 	1
42 	1
43 	1
46 	1
47 	1
50 	1
53 	1
57 	1
58 	1
61 	1
64 	1
67 	1
71 	1
72 	1
75 	1
77 	1
78 	1
80 	1
82 	1
83 	1
84 	1
85 	1
87 	1
88 	1
93 	1
96 	1
99 	1
100 	1
101 	1
103 	1
105 	1
106 	1
107 	1
108 	1
110 	1
111 	1
115 	1
116 	1
117 	1
118 	1
120 	1
122 	1
124 	1
125 	1
126 	1
129 	1
130 	1
132 	1
133 	1
134 	1
135 	1
137 	1
138 	1
141 	1
142 	1
144 	1
146 	1
149 	1
150 	1
153 	1
155 	1
156 	1
158 	1
160 	1
161 	1
165 	1
166 	1
168 	1
170 	1
171 	1
172 	1
174 	1
177 	1
179 	1
183 	1
187 	1
190 	1
193 	1
200 	1
201 	1
202 	1
205 	1
207 	1
208 	1
209 	1
211 	1
216 	1
219 	1
220 	1
221 	1
227 	1
230 	1
233 	1
235 	1
236 	1
237 	1
240 	1
241 	1
242 	1
243 	1
251 	1
253 	1
255 	1
256 	1
257 	1
258 	1
259 	1
261 	1
262 	1
266 	1
270 	1
272 	1
277 	1
283 	1
288 	1
289 	1
291 	1
294 	1
295 	1
297 	1
299 	1
301 	1
303 	1
305 	1
307 	1
308 	1
312 	1
313 	1
316 	1
317 	1
318 	1
322 	1
329 	1
334 	1
335 	1
336 	1
337 	1
341 	1
342 	1
343 	1
344 	1
346 	1
347 	1
348 	1
352 	1
354 	1
355 	1
359 	1
360 	1
361 	1
363 	1
366 	1
367 	1
372 	1
373 	1
374 	1
376 	1
378 	1
381 	1
384 	1
390 	1
392 	1
393 	1
395 	1
397 	1
399 	1
403 	1
404 	1
408 	1
409 	1
416 	1
418 	1
420 	1
425 	1
426 	1
428 	1
431 	1
432 	1
434 	1
436 	1
437 	1
441 	1
443 	1
444 	1
446 	1
447 	1
449 	1
451 	1
457 	1
459 	1
460 	1
468 	1
469 	1
470 	1
471 	1
474 	1
477 	1
478 	1
479 	1
480 	1
481 	1
484 	1
485 	1
487 	1
488 	1
489 	1
491 	1
496 	1
499 	1
502 	1
506 	1
508 	1
512 	1
513 	1
518 	1
520 	1
524 	1
525 	1
527 	1
528 	1
529 	1
530 	1
531 	1
532 	1
535 	1
536 	1
537 	1
542 	1
543 	1
544 	1
545 	1
546 	1
551 	1
552 	1
556 	1
557 	1
558 	1
559 	1
560 	1
561 	1
562 	1
563 	1
564 	1
566 	1
567 	1
568 	1
569 	1
575 	1
578 	1
581 	1
582 	1
583 	1
586 	1
590 	1
591 	1
599 	1
600 	1
601 	1
602 	1
603 	1
604 	1
606 	1
609 	1
610 	1
615 	1
616 	1
618 	1
619 	1
620 	1
621 	1
622 	1
625 	1
626 	1
631 	1
639 	1
641 	1
644 	1
647 	1
648 	1
654 	1
655 	1
656 	1
657 	1
658 	1
659 	1
661 	1
663 	1
667 	1
668 	1
669 	1
672 	1
673 	1
676 	1
678 	1
679 	1
685 	1
690 	1
693 	1
694 	1
695 	1
696 	1
698 	1
700 	1
702 	1
703 	1
711 	1
715 	1
718 	1
719 	1
721 	1
727 	1
728 	1
730 	1
732 	1
734 	1
736 	1
741 	1
743 	1
747 	1
748 	1
750 	1
754 	1
756 	1
757 	1
761 	1
762 	1
765 	1
768 	1
769 	1
773 	1
774 	1
775 	1
776 	1
781 	1
782 	1
784 	1
785 	1
788 	1
790 	1
791 	1
793 	1
794 	1
795 	1
801 	1
802 	1
808 	1
810 	1
814 	1
817 	1
822 	1
825 	1
826 	1
828 	1
829 	1
830 	1
835 	1
838 	1
841 	1
847 	1
848 	1
852 	1
853 	1
856 	1
861 	1
865 	1
867 	1
868 	1
869 	1
870 	1
872 	1
874 	1
875 	1
876 	1
877 	1
878 	1
880 	1
884 	1
888 	1
889 	1
890 	1
891 	1
892 	1
894 	1
896 	1
897 	1
900 	1
901 	1
902 	1
904 	1
905 	1
910 	1
913 	1
917 	1
918 	1
927 	1
928 	1
933 	1
938 	1
940 	1
943 	1
944 	1
951 	1
952 	1
954 	1
958 	1
959 	1
961 	1
963 	1
964 	1
967 	1
968 	1
969 	1
970 	1
971 	1
972 	1
975 	1
977 	1
978 	1
980 	1
982 	1
984 	1
985 	1
987 	1
988 	1
989 	1
990 	1
992 	1
995 	1
996 	1
998 	1
999 	1
1006 	1
1010 	1
1012 	1
1016 	1
1018 	1
1019 	1
1021 	1
1023 	1
1024 	1
1029 	1
1030 	1
1031 	1
1035 	1
1039 	1
1044 	1
1045 	1
1047 	1
1049 	1
1051 	1
1055 	1
1056 	1
1057 	1
1062 	1
1063 	1
1064 	1
1065 	1
1070 	1
1072 	1
1073 	1
1075 	1
1078 	1
1081 	1
1082 	1
1085 	1
1086 	1
1087 	1
1089 	1
1090 	1
1096 	1
1097 	1
1098 	1
1099 	1
1100 	1
1101 	1
1102 	1
1103 	1
1107 	1
1109 	1
1110 	1
1111 	1
1117 	1
1119 	1
1120 	1
1124 	1
1125 	1
1129 	1
1130 	1
1133 	1
1135 	1
1137 	1
1141 	1
1143 	1
1144 	1
1147 	1
1151 	1
1157 	1
1160 	1
1161 	1
1163 	1
1167 	1
1168 	1
1170 	1
1171 	1
1173 	1
1174 	1
1177 	1
1178 	1
1180 	1
1181 	1
1182 	1
1185 	1
1188 	1
1190 	1
1191 	1
1192 	1
1196 	1
1197 	1
1201 	1
1203 	1
1212 	1
1213 	1
1214 	1
1218 	1
1220 	1
1222 	1
1223 	1
1228 	1
1229 	1
1230 	1
1231 	1
1234 	1
1235 	1
1236 	1
1237 	1
1243 	1
1249 	1
1251 	1
1254 	1
1255 	1
1261 	1
1264 	1
1266 	1
1269 	1
1273 	1
1274 	1
1275 	1
1276 	1
1277 	1
1278 	1
1282 	1
1284 	1
1286 	1
1288 	1
1289 	1
1294 	1
1295 	1
1299 	1
1300 	1
1301 	1
1305 	1
1306 	1
1308 	1
1309 	1
1311 	1
1312 	1
1313 	1
1315 	1
1316 	1
1317 	1
1318 	1
1321 	1
1322 	1
1323 	1
1327 	1
1329 	1
1333 	1
1334 	1
1335 	1
1336 	1
1339 	1
1343 	1
1344 	1
1345 	1
1348 	1
1349 	1
1350 	1
1353 	1
1354 	1
1356 	1
1359 	1
1364 	1
1365 	1
1366 	1
1367 	1
1369 	1
1372 	1
1377 	1
1379 	1
1380 	1
1381 	1
1387 	1
1390 	1
1391 	1
1392 	1
1395 	1
1397 	1
1401 	1
1404 	1
1408 	1
1412 	1
1415 	1
1416 	1
1417 	1
1418 	1
1419 	1
1420 	1
1422 	1
1423 	1
1428 	1
1429 	1
1430 	1
1431 	1
1432 	1
1434 	1
1437 	1
1439 	1
1440 	1
1441 	1
1445 	1
1446 	1
1448 	1
1449 	1
1452 	1
1455 	1
1456 	1
1459 	1
1460 	1
1463 	1
1466 	1
1468 	1
1469 	1
1472 	1
1473 	1
1474 	1
1476 	1
1477 	1
1478 	1
1479 	1
1481 	1
1482 	1
1483 	1
1484 	1
1485 	1
1487 	1
1492 	1
1495 	1
1500 	1
1502 	1
1504 	1
1510 	1
1511 	1
1512 	1
1513 	1
1518 	1
1519 	1
1520 	1
1521 	1
1523 	1
1524 	1
1527 	1
1528 	1
1531 	1
1532 	1
1537 	1
1539 	1
1540 	1
1541 	1
1545 	1
1546 	1
1547 	1
1549 	1
1551 	1
1552 	1
1556 	1
1563 	1
1567 	1
1571 	1
1575 	1
1576 	1
1577 	1
1579 	1
1581 	1
1583 	1
1585 	1
1595 	1
1597 	1
1598 	1
1602 	1
1603 	1
1605 	1
1610 	1
1611 	1
1612 	1
1613 	1
1614 	1
1616 	1
1617 	1
1618 	1
1619 	1
1624 	1
1626 	1
1628 	1
1630 	1
1636 	1
1637 	1
1643 	1
1648 	1
1650 	1
1651 	1
1652 	1
1653 	1
1654 	1
1659 	1
1661 	1
1662 	1
1664 	1
1665 	1
1666 	1
1667 	1
1668 	1
1669 	1
1670 	1
1671 	1
1679 	1
1680 	1
1681 	1
1684 	1
1685 	1
1690 	1
1691 	1
1693 	1
1694 	1
1697 	1
1698 	1
1699 	1
1706 	1
1707 	1
1711 	1
1713 	1
1717 	1
1718 	1
1719 	1
1722 	1
1726 	1
1727 	1
1731 	1
1732 	1
1733 	1
1735 	1
1737 	1
1738 	1
1741 	1
1745 	1
1746 	1
1747 	1
1748 	1
1749 	1
1750 	1
1751 	1
1753 	1
1758 	1
1762 	1
1763 	1
1766 	1
1769 	1
1770 	1
1774 	1
1776 	1
1777 	1
1779 	1
1780 	1
1782 	1
1783 	1
1785 	1
1791 	1
1793 	1
1794 	1
1796 	1
1799 	1
1801 	1
1802 	1
1805 	1
1806 	1
1807 	1
1810 	1
1811 	1
1812 	1
1815 	1
1816 	1
1818 	1
1819 	1
1821 	1
1823 	1
1825 	1
1827 	1
1829 	1
1830 	1
1831 	1
1833 	1
1837 	1
1838 	1
1840 	1
1843 	1
1844 	1
1845 	1
1846 	1
1847 	1
1849 	1
1853 	1
1854 	1
1855 	1
1856 	1
1857 	1
1859 	1
1861 	1
1863 	1
1864 	1
1871 	1
1872 	1
1874 	1
1877 	1
1878 	1
1880 	1
1887 	1
1888 	1
1889 	1
1893 	1
1894 	1
1896 	1
1897 	1
1902 	1
1904 	1
1906 	1
1907 	1
1908 	1
1909 	1
1910 	1
1911 	1
1914 	1
1916 	1
1918 	1
1920 	1
1921 	1
1923 	1
1925 	1
1929 	1
1932 	1
1933 	1
1934 	1
1935 	1
1936 	1
1938 	1
1940 	1
1943 	1
1944 	1
1945 	1
1951 	1
1952 	1
1953 	1
1955 	1
1956 	1
1958 	1
1960 	1
1961 	1
1963 	1
1964 	1
1967 	1
1971 	1
1974 	1
1981 	1
1982 	1
1984 	1
1985 	1
1986 	1
1992 	1
1993 	1
1996 	1
1997 	1
2001 	1
2002 	1
2004 	1
2007 	1
2008 	1
2010 	1
2013 	1
2014 	1
2021 	1
2022 	1
2025 	1
2026 	1
2028 	1
2029 	1
2030 	1
2033 	1
2034 	1
2037 	1
2039 	1
2040 	1
2041 	1
2042 	1
2044 	1
2046 	1
2053 	1
2067 	1
2069 	1
2071 	1
2073 	1
2076 	1
2077 	1
2085 	1
2086 	1
2088 	1
2090 	1
2092 	1
2095 	1
2100 	1
2102 	1
2104 	1
2106 	1
2110 	1
2111 	1
2116 	1
2118 	1
2119 	1
2120 	1
2121 	1
2123 	1
2125 	1
2132 	1
2134 	1
2138 	1
2139 	1
2140 	1
2142 	1
2146 	1
2147 	1
2149 	1
2153 	1
2157 	1
2159 	1
2160 	1
2162 	1
2168 	1
2170 	1
2172 	1
2173 	1
2176 	1
2178 	1
2179 	1
2181 	1
2183 	1
2184 	1
2187 	1
2188 	1
2189 	1
2190 	1
2192 	1
2193 	1
2195 	1
2199 	1
2200 	1
2201 	1
2202 	1
2203 	1
2208 	1
2209 	1
2215 	1
2217 	1
2218 	1
2220 	1
2226 	1
2227 	1
2228 	1
2241 	1
2243 	1
2244 	1
2245 	1
2246 	1
2248 	1
2250 	1
2251 	1
2256 	1
2257 	1
2263 	1
2266 	1
2268 	1
2270 	1
2271 	1
2275 	1
2277 	1
2278 	1
2279 	1
2281 	1
2282 	1
2284 	1
2285 	1
2286 	1
2291 	1
2292 	1
2293 	1
2297 	1
2298 	1
2300 	1
2302 	1
2304 	1
2306 	1
2309 	1
2312 	1
2315 	1
2316 	1
2319 	1
2323 	1
2324 	1
2325 	1
2328 	1
2330 	1
2332 	1
2337 	1
2340 	1
2341 	1
2343 	1
2344 	1
2346 	1
2347 	1
2349 	1
2350 	1
2354 	1
2356 	1
2362 	1
2363 	1
2366 	1
2369 	1
2374 	1
2376 	1
2378 	1
2381 	1
2383 	1
2388 	1
2390 	1
2394 	1
2399 	1
2400 	1
2401 	1
2402 	1
2407 	1
2408 	1
2410 	1
2413 	1
2415 	1
2416 	1
2420 	1
2421 	1
2424 	1
2426 	1
2427 	1
2428 	1
2429 	1
2430 	1
2432 	1
2434 	1
2436 	1
2443 	1
2446 	1
2453 	1
2457 	1
2460 	1
2461 	1
2462 	1
2464 	1
2467 	1
2468 	1
2469 	1
2472 	1
2473 	1
2474 	1
2475 	1
2480 	1
2481 	1
2485 	1
2486 	1
2492 	1
2493 	1
2496 	1
2497 	1
2500 	1
2501 	1
2502 	1
2503 	1
2504 	1
2505 	1
2506 	1
2507 	1
2508 	1
2515 	1
2516 	1
2521 	1
2525 	1
2526 	1
2529 	1
2530 	1
2532 	1
2535 	1
2538 	1
2540 	1
2543 	1
2545 	1
2546 	1
2547 	1
2548 	1
2549 	1
2551 	1
2552 	1
2555 	1
2557 	1
2558 	1
2559 	1
2561 	1
2562 	1
2563 	1
2564 	1
2565 	1
2567 	1
2569 	1
2572 	1
2573 	1
2574 	1
2575 	1
2576 	1
2577 	1
2578 	1
2579 	1
2581 	1
2582 	1
2583 	1
2585 	1
2587 	1
2588 	1
2590 	1
2592 	1
2594 	1
2595 	1
2596 	1
2600 	1
2601 	1
2607 	1
2608 	1
2611 	1
2613 	1
2614 	1
2615 	1
2616 	1
2619 	1
2621 	1
2623 	1
2624 	1
2626 	1
2628 	1
2629 	1
2630 	1
2631 	1
2632 	1
2633 	1
2638 	1
2642 	1
2645 	1
2647 	1
2648 	1
2649 	1
2650 	1
2656 	1
2661 	1
2662 	1
2663 	1
2664 	1
2665 	1
2670 	1
2672 	1
2674 	1
2676 	1
2678 	1
2681 	1
2683 	1
2686 	1
2688 	1
2689 	1
2692 	1
2694 	1
2699 	1
2700 	1
2701 	1
2703 	1
2709 	1
2710 	1
2711 	1
2712 	1
2715 	1
2717 	1
2718 	1
2720 	1
2721 	1
2725 	1
2728 	1
2729 	1
2732 	1
2733 	1
2734 	1
2737 	1
2742 	1
2743 	1
2747 	1
2751 	1
2756 	1
2773 	1
2776 	1
2778 	1
2780 	1
2784 	1
2788 	1
2789 	1
2790 	1
2792 	1
2793 	1
2794 	1
2796 	1
2798 	1
2800 	1
2801 	1
2803 	1
2807 	1
2809 	1
2810 	1
2816 	1
2817 	1
2819 	1
2822 	1
2824 	1
2826 	1
2830 	1
2831 	1
2833 	1
2834 	1
2844 	1
2849 	1
2850 	1
2858 	1
2863 	1
2866 	1
2867 	1
2868 	1
2869 	1
2871 	1
2873 	1
2874 	1
2875 	1
2878 	1
2884 	1
2885 	1
2888 	1
2890 	1
2891 	1
2897 	1
2898 	1
2899 	1
2902 	1
2903 	1
2904 	1
2906 	1
2913 	1
2919 	1
2920 	1
2924 	1
2925 	1
2927 	1
2930 	1
2936 	1
2939 	1
2941 	1
2947 	1
2953 	1
2954 	1
2955 	1
2958 	1
2960 	1
2963 	1
2965 	1
2966 	1
2968 	1
2969 	1
2970 	1
2978 	1
2980 	1
2982 	1
2984 	1
2985 	1
2989 	1
2990 	1
2992 	1
2994 	1
2995 	1
2998 	1
3001 	1
3004 	1
3005 	1
3009 	1
3013 	1
3016 	1
3021 	1
3027 	1
3030 	1
3032 	1
3035 	1
3038 	1
3039 	1
3040 	1
3044 	1
3048 	1
3050 	1
3053 	1
3054 	1
3058 	1
3062 	1
3063 	1
3064 	1
3065 	1
3066 	1
3067 	1
3068 	1
3069 	1
3070 	1
3071 	1
3077 	1
3082 	1
3090 	1
3094 	1
3095 	1
3097 	1
3098 	1
3100 	1
3101 	1
3102 	1
3103 	1
3109 	1
3110 	1
3111 	1
3114 	1
3116 	1
3119 	1
3120 	1
3122 	1
3125 	1
3128 	1
3131 	1
3132 	1
3135 	1
3136 	1
3138 	1
3139 	1
3143 	1
3145 	1
3146 	1
3147 	1
3150 	1
3151 	1
3153 	1
3154 	1
3159 	1
3160 	1
3161 	1
3164 	1
3167 	1
3171 	1
3173 	1
3174 	1
3177 	1
3180 	1
3182 	1
3184 	1
3195 	1
3197 	1
3199 	1
3200 	1
3202 	1
3204 	1
3207 	1
3208 	1
3212 	1
3217 	1
3218 	1
3223 	1
3224 	1
3225 	1
3226 	1
3227 	1
3229 	1
3231 	1
3233 	1
3234 	1
3236 	1
3240 	1
3241 	1
3247 	1
3248 	1
3249 	1
3252 	1
3253 	1
3254 	1
3255 	1
3256 	1
3259 	1
3262 	1
3264 	1
3265 	1
3266 	1
3267 	1
3268 	1
3269 	1
3275 	1
3279 	1
3285 	1
3286 	1
3289 	1
3290 	1
3292 	1
3294 	1
3295 	1
3297 	1
3302 	1
3305 	1
3307 	1
3308 	1
3311 	1
3315 	1
3316 	1
3319 	1
3323 	1
3324 	1
3330 	1
3334 	1
3335 	1
3337 	1
3340 	1
3345 	1
3346 	1
3349 	1
3350 	1
3351 	1
3353 	1
3354 	1
3355 	1
3356 	1
3357 	1
3360 	1
3363 	1
3365 	1
3366 	1
3372 	1
3373 	1
3379 	1
3380 	1
3383 	1
3384 	1
3385 	1
3386 	1
3387 	1
3388 	1
3391 	1
3395 	1
3399 	1
3401 	1
3402 	1
3403 	1
3405 	1
3406 	1
3407 	1
3412 	1
3413 	1
3415 	1
3417 	1
3423 	1
3424 	1
3426 	1
3427 	1
3428 	1
3429 	1
3431 	1
3433 	1
3434 	1
3436 	1
3437 	1
3440 	1
3441 	1
3442 	1
3446 	1
3452 	1
3455 	1
3457 	1
3458 	1
3460 	1
3461 	1
3463 	1
3464 	1
3465 	1
3466 	1
3467 	1
3469 	1
3470 	1
3471 	1
3475 	1
3478 	1
3481 	1
3482 	1
3484 	1
3485 	1
3486 	1
3490 	1
3491 	1
3493 	1
3496 	1
3498 	1
3499 	1
3502 	1
3505 	1
3506 	1
3508 	1
3509 	1
3512 	1
3516 	1
3520 	1
3521 	1
3523 	1
3524 	1
3525 	1
3527 	1
3532 	1
3534 	1
3535 	1
3537 	1
3538 	1
3541 	1
3542 	1
3543 	1
3544 	1
3547 	1
3550 	1
3551 	1
3555 	1
3562 	1
3564 	1
3565 	1
3568 	1
3574 	1
3575 	1
3577 	1
3578 	1
3579 	1
3581 	1
3583 	1
3584 	1
3585 	1
3586 	1
3588 	1
3589 	1
3590 	1
3591 	1
3592 	1
3593 	1
3594 	1
3595 	1
3597 	1
3599 	1
3600 	1
3604 	1
3605 	1
3607 	1
3608 	1
3609 	1
3611 	1
3612 	0.375186289121
3615 	1
3616 	1
3620 	1
3622 	1
3624 	1
3630 	1
3631 	1
3634 	1
3637 	1
3638 	1
3640 	1
3650 	1
3651 	1
3657 	1
3659 	1
3660 	1
3664 	1
3666 	1
3672 	1
3674 	1
3677 	1
3679 	1
3681 	1
3687 	1
3688 	1
3689 	1
3691 	1
3696 	1
3697 	1
3698 	1
3703 	1
3706 	1
3707 	1
3708 	1
3710 	1
3711 	1
3715 	1
3717 	1
3720 	1
3723 	1
3724 	1
3729 	1
3732 	1
3734 	1
3736 	1
3737 	1
3740 	1
3741 	1
3743 	1
3746 	1
3748 	1
3752 	1
3753 	1
3756 	1
3760 	1
3761 	1
3762 	1
3767 	1
3768 	1
3771 	1
3772 	1
3773 	1
3774 	1
3778 	1
3779 	1
3787 	1
3791 	1
3792 	1
3793 	1
3794 	1
3796 	1
3798 	1
3800 	1
3802 	1
3806 	1
3807 	1
3809 	1
3810 	1
3812 	1
3815 	1
3816 	1
3818 	1
3819 	1
3820 	1
3821 	1
3823 	1
3827 	1
3829 	1
3833 	1
3838 	1
3839 	1
3840 	1
3841 	1
3844 	1
3845 	1
3849 	1
3850 	1
3851 	1
3854 	1
3856 	1
3859 	1
3863 	1
3864 	1
3866 	1
3868 	1
3869 	1
3873 	1
3874 	1
3875 	1
3876 	1
3878 	1
3881 	1
3884 	1
3886 	1
3887 	1
3891 	1
3892 	1
3896 	1
3899 	1
3901 	1
3902 	1
3907 	1
3909 	1
3910 	1
3911 	1
3915 	1
3919 	1
3920 	1
3921 	1
3922 	1
3924 	1
3925 	1
3926 	1
3928 	1
3929 	1
3944 	1
3947 	1
3948 	1
3949 	1
3951 	1
3956 	1
3957 	1
3961 	1
3963 	1
3964 	1
3965 	1
3967 	1
3969 	1
3970 	1
3973 	1
3974 	1
3977 	1
3978 	1
3983 	1
3987 	1
3990 	1
3995 	1
4001 	1
4002 	1
4005 	1
4006 	1
4007 	1
4013 	1
4014 	1
4020 	1
4021 	1
4030 	1
4032 	1
4037 	1
4043 	1
4044 	1
4047 	1
4049 	1
4051 	1
4052 	1
4053 	1
4056 	1
4057 	1
4058 	1
4059 	1
4060 	1
4061 	1
4062 	1
4063 	1
4064 	1
4065 	1
4066 	1
4067 	1
4068 	1
4069 	1
4071 	1
4072 	1
4073 	1
4074 	1
4076 	1
4078 	1
4081 	1
4083 	1
4084 	1
4085 	1
4087 	1
4088 	1
4089 	1
4094 	1
4098 	1
4099 	1
4101 	1
4110 	1
4111 	1
4113 	1
4115 	1
4122 	1
4125 	1
4128 	1
4130 	1
4131 	1
4132 	1
4133 	1
4136 	1
4137 	1
4139 	1
4142 	1
4143 	1
4145 	1
4146 	1
4147 	1
4149 	1
4152 	1
4154 	1
4160 	1
4161 	1
4163 	1
4165 	1
4166 	1
4167 	1
4168 	1
4169 	1
4171 	1
4173 	1
4176 	1
4177 	1
4178 	1
4179 	1
4182 	1
4186 	1
4189 	1
4190 	1
4191 	1
4192 	1
4197 	1
4198 	1
4200 	1
4201 	1
4203 	1
4206 	1
4207 	1
4209 	1
4210 	1
4213 	1
4216 	1
4219 	1
4220 	1
4221 	1
4222 	1
4223 	1
4224 	1
4225 	1
4228 	1
4230 	1
4231 	1
4233 	1
4235 	1
4240 	1
4242 	1
4243 	1
4244 	1
4254 	1
4255 	1
4257 	1
4258 	1
4259 	1
4265 	1
4266 	1
4268 	1
4269 	1
4271 	1
4272 	1
4273 	1
4276 	1
4284 	1
4285 	1
4287 	1
4290 	1
4292 	1
4297 	1
4301 	1
4302 	1
4305 	1
4309 	1
4310 	1
4313 	1
4316 	1
4317 	1
4318 	1
4320 	1
4322 	1
4324 	1
4328 	1
4332 	1
4333 	1
4334 	1
4336 	1
4340 	1
4341 	1
4342 	1
4347 	1
4348 	1
4352 	1
4353 	1
4354 	1
4357 	1
4363 	1
4366 	1
4371 	1
4373 	1
4374 	1
4378 	1
4381 	1
4383 	1
4385 	1
4386 	1
4389 	1
4390 	1
4392 	1
4394 	1
4397 	1
4399 	1
4400 	1
4401 	1
4403 	1
4404 	1
4407 	1
4410 	1
4414 	1
4415 	1
4416 	1
4425 	1
4430 	1
4431 	1
4432 	1
4433 	1
4439 	1
4442 	1
4444 	1
4446 	1
4447 	1
4448 	1
4450 	1
4455 	1
4457 	1
4462 	1
4463 	1
4465 	1
4468 	1
4470 	1
4472 	1
4476 	1
4477 	1
4479 	1
4480 	1
4482 	1
4483 	1
4487 	1
4488 	1
4492 	1
4493 	1
4494 	1
4497 	1
4498 	1
4500 	1
4501 	1
4502 	1
4503 	1
4504 	1
4506 	1
4511 	1
4515 	1
4518 	1
4520 	1
4526 	1
4527 	1
4529 	1
4531 	1
4534 	1
4535 	1
4537 	1
4544 	1
4546 	1
4547 	1
4548 	1
4552 	1
4553 	1
4558 	1
4561 	1
4562 	1
4564 	1
4567 	1
4568 	1
4569 	1
4570 	1
4572 	1
4575 	1
4578 	1
4579 	1
4582 	1
4584 	1
4588 	1
4589 	1
4590 	1
4593 	1
4595 	1
4596 	1
4598 	1
4599 	1
4601 	1
4603 	1
4604 	1
4607 	1
4612 	1
4613 	1
4614 	1
4616 	1
4618 	1
4619 	1
4623 	1
4624 	1
4630 	1
4632 	1
4636 	1
4639 	1
4643 	1
4647 	1
4652 	1
4655 	1
4656 	1
4659 	1
4660 	1
4661 	1
4662 	1
4665 	1
4667 	1
4670 	1
4673 	1
4674 	1
4675 	1
4677 	1
4678 	1
4681 	1
4690 	1
4692 	1
4693 	1
4694 	1
4695 	1
4697 	1
4698 	1
4699 	1
4700 	1
4704 	1
4707 	1
4711 	1
4714 	1
4717 	1
4719 	1
4725 	1
4727 	1
4734 	1
4735 	1
4739 	1
4742 	1
4745 	1
4746 	1
4749 	1
4751 	1
4753 	1
4755 	1
4756 	1
4757 	1
4759 	1
4762 	1
4765 	1
4766 	1
4767 	1
4772 	1
4773 	1
4776 	1
4778 	1
4781 	1
4782 	1
4784 	1
4785 	1
4788 	1
4790 	1
4793 	1
4794 	1
4795 	1
4796 	1
4797 	1
4798 	1
4800 	1
4805 	1
4806 	1
4808 	1
4809 	1
4810 	1
4812 	1
4816 	1
4817 	1
4818 	1
4819 	1
4820 	1
4821 	1
4824 	1
4827 	1
4830 	1
4832 	1
4838 	1
4839 	1
4841 	1
4843 	1
4844 	1
4845 	1
4846 	1
4849 	1
4853 	1
4854 	1
4856 	1
4860 	1
4863 	1
4864 	1
4871 	1
4872 	1
4873 	1
4876 	1
4877 	1
4878 	1
4879 	1
4882 	1
4883 	1
4886 	1
4887 	1
4888 	1
4890 	1
4891 	1
4893 	1
4895 	1
4898 	1
4901 	1
4902 	1
4905 	1
4906 	1
4909 	1
4910 	1
4913 	1
4914 	1
4915 	1
4916 	1
4917 	1
4921 	1
4922 	1
4923 	1
4927 	1
4928 	1
4931 	1
4932 	1
4933 	1
4937 	1
4939 	1
4945 	1
4948 	1
4949 	1
4950 	1
4953 	1
4955 	1
4956 	1
4961 	1
4964 	1
4965 	1
4966 	1
4971 	1
4972 	1
4973 	1
4975 	1
4976 	1
4978 	1
4979 	1
4980 	1
4981 	1
4982 	1
4986 	1
4988 	1
4997 	1
4999 	1
5000 	1
5001 	1
5002 	1
5004 	1
5005 	1
5006 	1
5007 	1
5008 	1
5010 	1
5012 	1
5013 	1
5017 	1
5019 	1
5021 	1
5023 	1
5024 	1
5028 	1
5030 	1
5032 	1
5036 	1
5039 	1
5041 	1
5050 	1
5051 	1
5054 	1
5058 	1
5062 	1
5064 	1
5065 	1
5066 	1
5072 	1
5076 	1
5079 	1
5080 	1
5082 	1
5086 	1
5087 	1
5090 	1
5092 	1
5094 	1
5095 	1
5097 	1
5098 	1
5105 	1
5106 	1
5111 	1
5113 	1
5114 	1
5115 	1
5117 	1
5119 	1
5128 	1
5133 	1
5144 	1
5146 	1
5147 	1
5152 	1
5153 	1
5156 	1
5157 	1
5158 	1
5159 	1
5161 	1
5162 	1
5163 	1
5169 	1
5170 	1
5172 	1
5173 	1
5175 	1
5183 	1
5185 	1
5187 	1
5192 	1
5195 	1
5196 	1
5199 	1
5200 	1
5208 	1
5209 	1
5210 	1
5214 	1
5215 	1
5216 	1
5217 	1
5218 	1
5219 	1
5221 	1
5222 	1
5223 	1
5226 	1
5228 	1
5229 	1
5232 	1
5233 	1
5235 	1
5236 	1
5237 	1
5238 	1
5240 	1
5241 	1
5242 	1
5244 	1
5249 	1
5252 	1
5253 	1
5254 	1
5261 	1
5264 	1
5268 	1
5270 	1
5273 	1
5279 	1
5280 	1
5285 	1
5288 	1
5292 	1
5293 	1
5295 	1
5296 	1
5297 	1
5303 	1
5305 	1
5309 	1
5310 	1
5314 	1
5315 	1
5318 	1
5322 	1
5323 	1
5325 	1
5326 	1
5327 	1
5328 	1
5329 	1
5331 	1
5335 	1
5337 	1
5339 	1
5340 	1
5342 	1
5346 	1
5349 	1
5350 	1
5355 	1
5357 	1
5359 	1
5360 	1
5361 	1
5363 	1
5364 	1
5366 	1
5367 	1
5369 	1
5370 	1
5371 	1
5374 	1
5378 	1
5384 	1
5386 	1
5388 	1
5391 	1
5396 	1
5397 	1
5402 	1
5404 	1
5407 	1
5408 	1
5410 	1
5417 	1
5422 	1
5425 	1
5429 	1
5432 	1
5435 	1
5436 	1
5437 	1
5441 	1
5445 	1
5453 	1
5454 	1
5455 	1
5459 	1
5462 	1
5465 	1
5466 	1
5467 	1
5468 	1
5470 	1
5472 	1
5476 	1
5477 	1
5479 	1
5481 	1
5482 	1
5483 	1
5485 	1
5486 	1
5487 	1
5489 	1
5490 	1
5491 	1
5493 	1
5495 	1
5496 	1
5497 	1
5498 	1
5499 	1
5504 	1
5510 	1
5511 	1
5515 	1
5516 	1
5517 	1
5519 	1
5525 	1
5530 	1
5531 	1
5536 	1
5537 	1
5540 	1
5542 	1
5543 	1
5544 	1
5546 	1
5549 	1
5551 	1
5553 	1
5556 	1
5559 	1
5560 	1
5561 	1
5562 	1
5570 	1
5583 	1
5585 	1
5593 	1
5594 	1
5598 	1
5599 	1
5600 	1
5609 	1
5615 	1
5616 	1
5617 	1
5618 	1
5619 	1
5621 	1
5623 	1
5628 	1
5630 	1
5636 	1
5640 	1
5645 	1
5646 	1
5647 	1
5649 	1
5651 	1
5653 	1
5657 	1
5661 	1
5665 	1
5669 	1
5672 	1
5675 	1
5677 	1
5678 	1
5682 	1
5683 	1
5685 	1
5687 	1
5693 	1
5694 	1
5697 	1
5701 	1
5702 	1
5704 	1
5705 	1
5708 	1
5712 	1
5713 	1
5714 	1
5715 	1
5716 	1
5722 	1
5723 	1
5724 	1
5726 	1
5727 	1
5730 	1
5731 	1
5732 	1
5735 	1
5736 	1
5738 	1
5740 	1
5745 	1
5748 	1
5750 	1
5754 	1
5755 	1
5756 	1
5757 	1
5759 	1
5760 	1
5765 	1
5769 	1
5770 	1
5777 	1
5778 	1
5780 	1
5781 	1
5787 	1
5789 	1
5791 	1
5794 	1
5795 	1
5796 	1
5798 	1
5800 	1
5801 	1
5807 	1
5808 	1
5809 	1
5811 	1
5812 	1
5817 	1
5818 	1
5820 	1
5821 	1
5822 	1
5823 	1
5824 	1
5825 	1
5826 	1
5827 	1
5830 	1
5833 	1
5842 	1
5847 	1
5848 	1
5851 	1
5852 	1
5853 	1
5854 	1
5855 	1
5856 	1
5858 	1
5861 	1
5862 	1
5864 	1
5868 	1
5869 	1
5871 	1
5872 	1
5878 	1
5879 	1
5882 	1
5883 	1
5885 	1
5886 	1
5888 	1
5890 	1
5891 	1
5892 	1
5896 	1
5899 	1
5900 	1
5902 	1
5903 	1
5904 	1
5905 	1
5906 	1
5907 	1
5908 	1
5913 	1
5914 	1
5916 	1
5918 	1
5919 	1
5920 	1
5921 	1
5922 	1
5923 	1
5925 	1
5926 	1
5928 	1
5930 	1
5932 	1
5933 	1
5937 	1
5938 	1
5940 	1
5943 	1
5946 	1
5948 	1
5949 	1
5951 	1
5953 	1
5961 	1
5962 	1
5964 	1
5967 	1
5968 	1
5969 	1
5970 	1
5974 	1
5977 	1
5978 	1
5979 	1
5980 	1
5982 	1
5989 	1
5991 	1
5993 	1
5995 	1
5996 	1
5997 	1
5998 	1
