Number of items 	Total Weight 	Total Profit 
3356 	1129974.25 	224971.288199 


Total time: 0.0488703250885 s
Average time: 0.0122181177139 s
Last call: 2.14576721191e-06 s
Stamp 1 of the total: 0h 0m 0s 48ms 48870\u00B5s
Stamp 2 of the total: 00:00:00.0048
Pattern that ignores zeros:
48ms 48870\u00B5s
0048

Item    Fraction

1 	1
2 	1
4 	1
5 	1
8 	1
9 	1
11 	1
12 	1
14 	1
15 	1
17 	1
18 	1
22 	1
23 	1
25 	1
29 	1
30 	1
32 	1
34 	1
35 	1
36 	1
41 	1
42 	1
45 	1
47 	1
48 	1
49 	1
50 	1
51 	1
52 	1
55 	1
58 	1
60 	1
61 	1
62 	1
63 	1
64 	1
66 	1
68 	1
71 	1
72 	1
73 	1
75 	1
76 	1
77 	1
78 	1
80 	1
84 	1
86 	1
89 	1
91 	1
96 	1
99 	1
100 	1
102 	1
103 	1
104 	1
108 	1
111 	1
115 	1
119 	1
121 	1
124 	1
125 	1
126 	1
127 	1
128 	1
130 	1
133 	1
134 	1
139 	1
141 	1
142 	1
143 	1
144 	1
146 	1
147 	1
148 	1
150 	1
151 	1
152 	1
153 	1
155 	1
156 	1
157 	1
158 	1
159 	1
160 	1
161 	1
164 	1
165 	1
166 	1
167 	1
168 	1
171 	1
172 	1
173 	1
174 	1
175 	1
176 	1
177 	1
178 	1
180 	1
181 	1
182 	1
183 	1
189 	1
191 	1
193 	1
194 	1
198 	1
199 	1
207 	1
211 	1
214 	1
218 	1
223 	1
225 	1
226 	1
228 	1
230 	1
232 	1
234 	1
235 	1
238 	1
241 	1
243 	1
244 	1
245 	1
246 	1
250 	1
251 	1
254 	1
256 	1
258 	1
260 	1
261 	1
265 	1
271 	1
272 	1
273 	1
274 	1
275 	1
282 	1
284 	1
285 	1
286 	1
287 	1
288 	1
292 	1
293 	1
296 	1
297 	1
298 	1
300 	1
301 	1
303 	1
304 	1
305 	1
311 	1
312 	1
313 	1
320 	1
321 	1
324 	1
329 	1
330 	1
331 	1
333 	1
334 	1
335 	1
336 	1
338 	1
339 	1
342 	1
344 	1
345 	1
348 	1
353 	1
356 	1
359 	1
360 	1
361 	1
362 	1
363 	1
368 	1
371 	1
374 	1
376 	1
378 	1
381 	1
382 	1
383 	1
384 	1
385 	1
389 	1
390 	1
391 	1
392 	1
394 	1
397 	1
398 	1
400 	1
401 	1
402 	1
403 	1
404 	1
408 	1
411 	1
415 	1
416 	1
417 	1
418 	1
419 	1
421 	1
422 	1
425 	1
426 	1
430 	1
431 	1
432 	1
434 	1
435 	1
436 	1
438 	1
442 	1
446 	1
448 	1
449 	1
450 	1
451 	1
453 	1
454 	1
456 	1
459 	1
460 	1
461 	1
462 	1
463 	1
467 	1
468 	1
470 	1
473 	1
477 	1
478 	1
482 	1
484 	1
489 	1
490 	1
491 	1
494 	1
498 	1
499 	1
500 	1
501 	1
502 	1
503 	1
505 	1
506 	1
509 	1
511 	1
512 	1
514 	1
515 	1
517 	1
518 	1
521 	1
522 	1
523 	1
525 	1
526 	1
527 	1
528 	1
529 	1
530 	1
532 	1
533 	1
536 	1
537 	1
541 	1
544 	1
546 	1
547 	1
548 	1
549 	1
552 	1
555 	1
556 	1
565 	1
566 	1
567 	1
569 	1
570 	1
571 	1
572 	1
574 	1
575 	1
576 	1
580 	1
583 	1
584 	1
587 	1
588 	1
592 	1
594 	1
597 	1
600 	1
602 	1
603 	1
605 	1
606 	1
609 	1
611 	1
612 	1
615 	1
617 	1
618 	1
619 	1
621 	1
623 	1
624 	1
625 	1
626 	1
627 	1
628 	1
631 	1
632 	1
633 	1
634 	1
636 	1
638 	1
639 	1
643 	1
644 	1
647 	1
648 	1
649 	1
650 	1
651 	1
652 	1
653 	1
658 	1
659 	1
661 	1
662 	1
663 	1
665 	1
667 	1
671 	1
672 	1
674 	1
676 	1
678 	1
679 	1
683 	1
684 	1
687 	1
688 	1
689 	1
691 	1
693 	1
696 	1
697 	1
699 	1
700 	1
701 	1
702 	1
703 	1
706 	1
707 	1
708 	1
718 	1
719 	1
720 	1
721 	1
722 	1
724 	1
725 	1
726 	1
727 	1
731 	1
733 	1
735 	1
736 	1
738 	1
740 	1
741 	1
742 	1
749 	1
751 	1
752 	1
756 	1
758 	1
760 	1
761 	1
762 	1
764 	1
765 	1
769 	1
770 	1
775 	1
780 	1
781 	1
783 	1
784 	1
786 	1
789 	1
790 	1
792 	1
793 	1
794 	1
795 	1
796 	1
799 	1
800 	1
802 	1
804 	1
805 	1
815 	1
819 	1
820 	1
828 	1
829 	1
830 	1
834 	1
836 	1
839 	1
840 	1
842 	1
844 	1
845 	1
847 	1
851 	1
852 	1
854 	1
855 	1
856 	1
857 	1
858 	1
860 	1
863 	1
864 	1
866 	1
867 	1
868 	1
869 	1
872 	1
873 	1
874 	1
875 	1
877 	1
879 	1
885 	1
886 	1
888 	1
890 	1
893 	1
897 	1
898 	1
903 	1
904 	1
905 	1
908 	1
911 	1
912 	1
914 	1
915 	1
917 	1
919 	1
925 	1
929 	1
930 	1
934 	1
937 	1
939 	1
940 	1
941 	1
942 	1
945 	1
947 	1
948 	1
949 	1
952 	1
954 	1
956 	1
958 	1
960 	1
962 	1
963 	1
964 	1
965 	1
966 	1
969 	1
970 	1
973 	1
975 	1
979 	1
980 	1
982 	1
984 	1
986 	1
987 	1
989 	1
990 	1
994 	1
995 	1
996 	1
997 	1
998 	1
999 	1
1002 	1
1003 	1
1006 	1
1007 	1
1009 	1
1015 	1
1016 	1
1017 	1
1018 	1
1020 	1
1021 	1
1022 	1
1026 	1
1027 	1
1029 	1
1030 	1
1031 	1
1035 	1
1040 	1
1041 	1
1045 	1
1051 	1
1052 	1
1053 	1
1054 	1
1057 	1
1058 	1
1059 	1
1061 	1
1063 	1
1066 	1
1068 	1
1070 	1
1073 	1
1075 	1
1078 	1
1079 	1
1081 	1
1087 	1
1090 	1
1091 	1
1093 	1
1094 	1
1095 	1
1098 	1
1099 	1
1101 	1
1105 	1
1106 	1
1108 	1
1109 	1
1110 	1
1111 	1
1112 	1
1113 	1
1116 	1
1118 	1
1119 	1
1121 	1
1128 	1
1130 	1
1132 	1
1133 	1
1134 	1
1136 	1
1139 	1
1141 	1
1142 	1
1143 	1
1144 	1
1146 	1
1150 	1
1151 	1
1152 	1
1155 	1
1156 	1
1162 	1
1164 	1
1165 	1
1166 	1
1168 	1
1169 	1
1173 	1
1175 	1
1176 	1
1179 	1
1181 	1
1182 	1
1184 	1
1189 	1
1190 	1
1199 	1
1201 	1
1203 	1
1204 	1
1205 	1
1206 	1
1208 	1
1211 	1
1212 	1
1214 	1
1216 	1
1218 	1
1219 	1
1220 	1
1221 	1
1223 	1
1224 	1
1225 	1
1227 	1
1228 	1
1229 	1
1230 	1
1231 	1
1233 	1
1234 	1
1236 	1
1238 	1
1240 	1
1241 	1
1242 	1
1244 	1
1246 	1
1247 	1
1248 	1
1249 	1
1250 	1
1252 	1
1253 	1
1255 	1
1256 	1
1258 	1
1259 	1
1260 	1
1262 	1
1263 	1
1265 	1
1266 	1
1270 	1
1272 	1
1273 	1
1274 	1
1276 	1
1278 	1
1280 	1
1283 	1
1285 	1
1287 	1
1289 	1
1292 	1
1296 	1
1298 	1
1299 	1
1300 	1
1305 	1
1306 	1
1307 	1
1308 	1
1311 	1
1314 	1
1315 	1
1316 	1
1322 	1
1326 	1
1327 	1
1330 	1
1332 	1
1333 	1
1335 	1
1337 	1
1339 	1
1340 	1
1344 	1
1349 	1
1350 	1
1353 	1
1357 	1
1358 	1
1359 	1
1360 	1
1361 	1
1364 	1
1367 	1
1368 	1
1369 	1
1371 	1
1374 	1
1375 	1
1383 	1
1385 	1
1387 	1
1390 	1
1391 	1
1392 	1
1397 	1
1399 	1
1403 	1
1405 	1
1408 	1
1411 	1
1412 	1
1414 	1
1415 	1
1416 	1
1419 	1
1421 	1
1422 	1
1423 	1
1426 	1
1427 	1
1429 	1
1432 	1
1433 	1
1434 	1
1437 	1
1438 	1
1441 	1
1442 	1
1445 	1
1450 	1
1453 	1
1455 	1
1457 	1
1458 	1
1459 	1
1460 	1
1461 	1
1462 	1
1465 	1
1466 	1
1467 	1
1468 	1
1469 	1
1472 	1
1479 	1
1483 	1
1486 	1
1492 	1
1493 	1
1494 	1
1496 	1
1498 	1
1501 	1
1503 	1
1504 	1
1505 	1
1506 	1
1507 	1
1508 	1
1509 	1
1510 	1
1511 	1
1514 	1
1517 	1
1519 	1
1524 	1
1527 	1
1528 	1
1529 	1
1532 	1
1533 	1
1534 	1
1536 	1
1538 	1
1540 	1
1544 	1
1549 	1
1550 	1
1551 	1
1552 	1
1553 	1
1554 	1
1555 	1
1559 	1
1562 	1
1564 	1
1569 	1
1571 	1
1574 	1
1578 	1
1579 	1
1580 	1
1585 	1
1586 	1
1587 	1
1588 	1
1595 	1
1596 	1
1597 	1
1598 	1
1599 	1
1600 	1
1601 	1
1604 	1
1609 	1
1610 	1
1613 	1
1615 	1
1616 	1
1617 	1
1618 	1
1619 	1
1620 	1
1621 	1
1622 	1
1627 	1
1629 	1
1633 	1
1634 	1
1637 	1
1638 	1
1639 	1
1641 	1
1642 	1
1644 	1
1645 	1
1646 	1
1648 	1
1650 	1
1653 	1
1656 	1
1657 	1
1660 	1
1663 	1
1666 	1
1667 	1
1668 	1
1669 	1
1677 	1
1680 	1
1681 	1
1682 	1
1683 	1
1685 	1
1687 	1
1689 	1
1690 	1
1691 	1
1693 	1
1694 	1
1696 	1
1697 	1
1700 	1
1701 	1
1702 	1
1703 	1
1705 	1
1706 	1
1707 	1
1708 	1
1709 	1
1710 	1
1712 	1
1715 	1
1718 	1
1719 	1
1720 	1
1722 	1
1727 	1
1728 	1
1729 	1
1730 	1
1731 	1
1740 	1
1741 	1
1747 	1
1748 	1
1752 	1
1753 	1
1755 	1
1756 	1
1757 	1
1758 	1
1759 	1
1762 	1
1763 	1
1765 	1
1766 	1
1767 	1
1772 	1
1774 	1
1775 	1
1776 	1
1779 	1
1781 	1
1782 	1
1784 	1
1785 	1
1787 	1
1788 	1
1789 	1
1791 	1
1793 	1
1794 	1
1796 	1
1801 	1
1804 	1
1805 	1
1808 	1
1819 	1
1821 	1
1822 	1
1823 	1
1824 	1
1825 	1
1827 	1
1829 	1
1831 	1
1835 	1
1837 	1
1838 	1
1840 	1
1842 	1
1846 	1
1847 	1
1850 	1
1852 	1
1853 	1
1855 	1
1856 	1
1860 	1
1861 	1
1862 	1
1864 	1
1865 	1
1872 	1
1875 	1
1876 	1
1877 	1
1882 	1
1884 	1
1890 	1
1893 	1
1898 	1
1904 	1
1905 	1
1906 	1
1909 	1
1912 	1
1915 	1
1918 	1
1921 	1
1922 	1
1928 	1
1930 	1
1934 	1
1936 	1
1937 	1
1938 	1
1939 	1
1940 	1
1942 	1
1946 	1
1949 	1
1950 	1
1955 	1
1956 	1
1957 	1
1960 	1
1962 	1
1963 	1
1964 	1
1965 	1
1966 	1
1967 	1
1968 	1
1969 	1
1971 	1
1975 	1
1980 	1
1983 	1
1984 	1
1985 	1
1986 	1
1987 	1
1988 	1
1989 	1
1990 	1
1991 	1
1994 	1
1997 	1
2000 	1
2005 	1
2010 	1
2012 	1
2013 	1
2014 	1
2015 	1
2016 	1
2017 	1
2018 	1
2019 	1
2021 	1
2022 	1
2027 	1
2028 	1
2029 	1
2032 	1
2033 	1
2034 	1
2036 	1
2037 	1
2038 	1
2040 	1
2041 	1
2042 	1
2046 	1
2048 	1
2049 	1
2051 	1
2053 	1
2057 	1
2059 	1
2060 	1
2063 	1
2064 	1
2066 	1
2069 	1
2071 	1
2074 	1
2076 	1
2077 	1
2078 	1
2079 	1
2080 	1
2081 	1
2083 	1
2084 	1
2085 	1
2086 	1
2090 	1
2093 	1
2094 	1
2095 	1
2096 	1
2099 	1
2101 	1
2102 	1
2104 	1
2105 	1
2106 	1
2109 	1
2111 	1
2116 	1
2119 	1
2120 	1
2122 	1
2123 	1
2126 	1
2127 	1
2128 	1
2132 	1
2134 	1
2138 	1
2139 	1
2140 	1
2142 	1
2144 	1
2149 	1
2150 	1
2152 	1
2154 	1
2155 	1
2157 	1
2161 	1
2165 	1
2166 	1
2168 	1
2169 	1
2173 	1
2176 	1
2178 	1
2179 	1
2182 	1
2185 	1
2188 	1
2190 	1
2192 	1
2193 	1
2194 	1
2196 	1
2198 	1
2199 	1
2201 	1
2203 	1
2204 	1
2205 	1
2206 	1
2207 	1
2210 	1
2211 	1
2212 	1
2214 	1
2218 	1
2221 	1
2223 	1
2225 	1
2226 	1
2227 	1
2228 	1
2231 	1
2232 	1
2234 	1
2235 	1
2237 	1
2238 	1
2239 	1
2240 	1
2241 	1
2244 	1
2245 	1
2246 	1
2250 	1
2257 	1
2258 	1
2261 	1
2262 	1
2266 	1
2268 	1
2271 	1
2273 	1
2275 	1
2276 	1
2277 	1
2278 	1
2280 	1
2282 	1
2283 	1
2284 	1
2285 	1
2287 	1
2290 	1
2293 	1
2294 	1
2295 	1
2296 	1
2298 	1
2304 	1
2305 	1
2306 	1
2307 	1
2308 	1
2309 	1
2310 	1
2311 	1
2312 	1
2313 	1
2315 	1
2317 	1
2318 	1
2319 	1
2321 	1
2322 	1
2323 	1
2325 	1
2327 	1
2328 	1
2330 	1
2331 	1
2332 	1
2333 	1
2334 	1
2335 	1
2337 	1
2339 	1
2341 	1
2344 	1
2346 	1
2347 	1
2352 	1
2355 	1
2356 	1
2362 	1
2364 	1
2365 	1
2367 	1
2369 	1
2370 	1
2373 	1
2375 	1
2376 	1
2381 	1
2382 	1
2383 	1
2387 	1
2389 	1
2390 	1
2391 	1
2392 	1
2396 	1
2398 	1
2399 	1
2400 	1
2401 	1
2402 	1
2403 	1
2406 	1
2407 	1
2411 	1
2412 	1
2414 	1
2416 	1
2419 	1
2423 	1
2427 	1
2428 	1
2430 	1
2431 	1
2432 	1
2433 	1
2438 	1
2439 	1
2440 	1
2445 	1
2447 	1
2448 	1
2449 	1
2451 	1
2453 	1
2454 	1
2455 	1
2457 	1
2458 	1
2459 	1
2462 	1
2463 	1
2465 	1
2466 	1
2469 	1
2470 	1
2473 	1
2476 	1
2477 	1
2478 	1
2486 	1
2488 	1
2491 	1
2492 	1
2495 	1
2496 	1
2497 	1
2498 	1
2501 	1
2502 	1
2503 	1
2506 	1
2507 	1
2508 	1
2509 	1
2510 	1
2511 	1
2513 	1
2515 	1
2519 	1
2520 	1
2521 	1
2523 	1
2527 	1
2530 	1
2531 	1
2532 	1
2538 	1
2541 	1
2548 	1
2549 	1
2550 	1
2551 	1
2554 	1
2556 	1
2557 	1
2558 	1
2563 	1
2564 	1
2565 	1
2566 	1
2569 	1
2571 	1
2572 	1
2573 	1
2574 	1
2578 	1
2579 	1
2580 	1
2581 	1
2583 	1
2585 	1
2589 	1
2593 	1
2596 	1
2597 	1
2601 	1
2602 	1
2604 	1
2605 	1
2606 	1
2607 	1
2610 	1
2615 	1
2617 	1
2619 	1
2620 	1
2623 	1
2626 	1
2627 	1
2629 	1
2630 	1
2632 	1
2634 	1
2635 	1
2636 	1
2638 	1
2640 	1
2641 	1
2648 	1
2653 	1
2655 	1
2656 	1
2657 	1
2659 	1
2662 	1
2664 	1
2666 	1
2667 	1
2668 	1
2669 	1
2670 	1
2671 	1
2673 	1
2674 	1
2675 	1
2676 	1
2677 	1
2679 	1
2680 	1
2681 	1
2682 	1
2684 	1
2688 	1
2689 	1
2692 	1
2693 	1
2694 	1
2695 	1
2696 	1
2698 	1
2700 	1
2701 	1
2703 	1
2705 	1
2706 	1
2707 	1
2709 	1
2711 	1
2714 	1
2716 	1
2719 	1
2720 	1
2722 	1
2723 	1
2724 	1
2725 	1
2728 	1
2729 	1
2732 	1
2733 	1
2734 	1
2738 	1
2739 	1
2740 	1
2741 	1
2743 	1
2745 	1
2746 	1
2747 	1
2749 	1
2752 	1
2753 	1
2755 	1
2759 	1
2763 	1
2764 	1
2768 	1
2769 	1
2770 	1
2771 	1
2772 	1
2774 	1
2776 	1
2783 	1
2785 	1
2788 	1
2794 	1
2799 	1
2800 	1
2803 	1
2804 	1
2805 	1
2807 	1
2808 	1
2809 	1
2811 	1
2813 	1
2818 	1
2819 	1
2821 	1
2822 	1
2823 	1
2824 	1
2825 	1
2826 	1
2830 	1
2831 	1
2834 	1
2837 	1
2842 	1
2843 	1
2845 	1
2846 	1
2847 	1
2848 	1
2849 	1
2852 	1
2853 	1
2854 	1
2855 	1
2856 	1
2859 	1
2861 	1
2863 	1
2864 	1
2865 	1
2866 	1
2868 	1
2869 	1
2870 	1
2871 	1
2872 	1
2873 	1
2874 	1
2876 	1
2877 	1
2879 	1
2881 	1
2882 	1
2885 	1
2886 	1
2888 	1
2889 	1
2894 	1
2897 	1
2899 	1
2900 	1
2902 	1
2911 	1
2912 	1
2913 	1
2914 	1
2915 	1
2918 	1
2919 	1
2923 	1
2927 	1
2929 	1
2932 	1
2935 	1
2937 	1
2938 	1
2944 	1
2948 	1
2950 	1
2952 	1
2953 	1
2956 	1
2958 	1
2962 	1
2964 	1
2965 	1
2969 	1
2970 	1
2971 	1
2974 	1
2976 	1
2977 	1
2979 	1
2980 	1
2982 	1
2983 	1
2984 	1
2987 	1
2989 	1
2990 	1
2991 	1
2995 	1
2996 	1
2997 	1
2999 	1
3000 	1
3001 	1
3002 	1
3003 	1
3004 	1
3005 	1
3007 	1
3010 	1
3011 	1
3016 	1
3018 	1
3019 	1
3024 	1
3025 	1
3026 	1
3027 	1
3028 	1
3029 	1
3036 	1
3039 	1
3040 	1
3044 	1
3046 	1
3047 	1
3053 	1
3054 	1
3056 	1
3058 	1
3059 	1
3061 	1
3063 	1
3065 	1
3067 	1
3068 	1
3069 	1
3071 	1
3072 	1
3073 	1
3074 	1
3075 	1
3077 	1
3078 	1
3081 	1
3086 	1
3087 	1
3088 	1
3090 	1
3094 	1
3095 	1
3096 	1
3097 	1
3098 	1
3100 	1
3101 	1
3102 	1
3103 	1
3108 	1
3111 	1
3115 	1
3116 	1
3117 	1
3119 	1
3124 	1
3126 	1
3127 	1
3128 	1
3129 	1
3131 	1
3135 	1
3136 	1
3137 	1
3138 	1
3139 	1
3140 	1
3141 	1
3142 	1
3143 	1
3145 	1
3146 	1
3147 	1
3149 	1
3152 	1
3156 	1
3157 	1
3159 	1
3160 	1
3161 	1
3163 	1
3164 	1
3165 	1
3166 	1
3168 	1
3169 	1
3171 	1
3172 	1
3176 	1
3180 	1
3182 	1
3183 	1
3184 	1
3186 	1
3187 	1
3188 	1
3189 	1
3190 	1
3192 	1
3193 	1
3195 	1
3197 	1
3198 	1
3199 	1
3200 	1
3201 	1
3202 	1
3203 	1
3204 	1
3207 	1
3208 	1
3209 	1
3210 	1
3211 	1
3212 	1
3213 	1
3214 	1
3215 	1
3216 	1
3217 	1
3220 	1
3223 	1
3224 	1
3226 	1
3231 	1
3233 	1
3235 	1
3236 	1
3237 	1
3238 	1
3239 	1
3240 	1
3242 	1
3245 	1
3252 	1
3253 	1
3255 	1
3257 	1
3259 	1
3260 	1
3270 	1
3271 	1
3273 	1
3274 	1
3275 	1
3277 	1
3278 	1
3280 	1
3283 	1
3285 	1
3286 	1
3287 	1
3289 	1
3290 	1
3291 	1
3292 	1
3293 	1
3294 	1
3297 	1
3298 	1
3303 	1
3304 	1
3305 	1
3306 	1
3308 	1
3311 	1
3312 	1
3317 	1
3319 	1
3320 	1
3322 	1
3324 	1
3325 	1
3326 	1
3328 	1
3329 	1
3332 	1
3339 	1
3345 	1
3346 	1
3347 	1
3351 	1
3354 	1
3356 	1
3358 	1
3359 	1
3361 	1
3362 	1
3366 	1
3367 	1
3368 	1
3370 	1
3376 	1
3379 	1
3381 	1
3382 	1
3383 	1
3385 	1
3386 	1
3388 	1
3390 	1
3393 	1
3395 	1
3396 	1
3400 	1
3402 	1
3404 	1
3405 	1
3406 	1
3407 	1
3408 	1
3410 	1
3411 	1
3415 	1
3416 	1
3417 	1
3419 	1
3422 	1
3423 	1
3424 	1
3427 	1
3428 	1
3429 	1
3432 	1
3433 	1
3437 	1
3438 	1
3441 	1
3443 	1
3445 	1
3446 	1
3450 	1
3451 	1
3454 	1
3455 	1
3456 	1
3457 	1
3458 	1
3459 	1
3461 	1
3462 	1
3463 	1
3467 	1
3469 	1
3472 	1
3473 	1
3479 	1
3481 	1
3482 	1
3483 	1
3488 	1
3489 	1
3490 	1
3491 	1
3492 	1
3494 	1
3497 	1
3498 	1
3501 	1
3504 	1
3505 	1
3508 	1
3509 	1
3510 	1
3511 	1
3517 	1
3518 	1
3520 	1
3522 	1
3523 	1
3524 	1
3525 	1
3527 	1
3531 	1
3532 	1
3533 	1
3534 	1
3535 	1
3536 	1
3539 	1
3540 	1
3541 	1
3542 	1
3545 	1
3546 	1
3551 	1
3552 	1
3554 	1
3555 	1
3556 	1
3557 	1
3558 	1
3561 	1
3568 	1
3569 	1
3570 	1
3572 	1
3575 	1
3577 	1
3579 	1
3581 	1
3583 	1
3586 	1
3589 	1
3591 	1
3593 	1
3596 	1
3597 	1
3601 	1
3602 	1
3605 	1
3606 	1
3607 	1
3608 	1
3610 	1
3612 	1
3615 	1
3616 	1
3617 	1
3619 	1
3620 	1
3622 	1
3624 	1
3625 	1
3626 	1
3627 	1
3630 	1
3632 	1
3634 	1
3638 	1
3640 	1
3641 	1
3642 	1
3643 	1
3644 	1
3646 	1
3649 	1
3650 	1
3651 	1
3652 	1
3654 	1
3655 	1
3656 	1
3657 	1
3658 	1
3659 	1
3663 	1
3664 	1
3665 	1
3670 	1
3671 	1
3673 	1
3674 	1
3675 	1
3676 	1
3682 	1
3683 	1
3686 	1
3688 	1
3689 	1
3690 	1
3694 	1
3697 	1
3698 	1
3700 	1
3704 	1
3706 	1
3710 	1
3714 	1
3717 	1
3718 	1
3720 	1
3721 	1
3722 	1
3725 	1
3726 	1
3729 	1
3730 	1
3733 	1
3734 	1
3735 	1
3737 	1
3742 	1
3743 	1
3745 	1
3746 	1
3747 	1
3749 	1
3750 	1
3752 	1
3758 	1
3759 	1
3761 	1
3763 	1
3767 	1
3768 	1
3771 	1
3772 	1
3773 	1
3779 	1
3780 	1
3781 	1
3786 	1
3788 	1
3791 	1
3792 	1
3794 	1
3795 	1
3800 	1
3802 	1
3804 	1
3805 	1
3807 	1
3809 	1
3812 	1
3813 	1
3816 	1
3818 	1
3820 	1
3821 	1
3822 	1
3825 	1
3826 	1
3828 	1
3830 	1
3832 	1
3833 	1
3834 	1
3835 	1
3836 	1
3839 	1
3842 	1
3844 	1
3846 	1
3848 	1
3853 	1
3855 	1
3857 	1
3860 	1
3861 	1
3863 	1
3867 	1
3868 	1
3869 	1
3870 	1
3871 	1
3873 	1
3874 	1
3875 	1
3876 	1
3878 	1
3879 	1
3880 	1
3882 	1
3883 	1
3884 	1
3887 	1
3888 	1
3889 	1
3890 	1
3891 	1
3892 	1
3893 	1
3894 	1
3899 	1
3900 	1
3903 	1
3904 	1
3907 	1
3908 	1
3909 	1
3910 	1
3913 	1
3915 	1
3921 	1
3922 	1
3928 	1
3929 	1
3930 	1
3933 	1
3934 	1
3935 	1
3938 	1
3940 	1
3944 	1
3946 	1
3949 	1
3950 	1
3952 	1
3953 	1
3956 	1
3957 	1
3958 	1
3959 	1
3961 	1
3962 	1
3963 	1
3966 	1
3971 	1
3972 	1
3974 	1
3977 	1
3978 	1
3979 	1
3980 	1
3982 	1
3983 	1
3984 	1
3988 	1
3996 	1
4006 	1
4007 	1
4008 	1
4009 	1
4010 	1
4012 	1
4013 	1
4015 	1
4018 	1
4020 	1
4026 	1
4027 	1
4029 	1
4031 	1
4032 	1
4034 	1
4037 	1
4039 	1
4040 	1
4042 	1
4043 	1
4046 	1
4049 	1
4050 	1
4051 	1
4052 	1
4053 	1
4054 	1
4055 	1
4056 	1
4057 	1
4059 	1
4062 	1
4063 	1
4064 	1
4066 	1
4069 	1
4070 	1
4071 	1
4072 	1
4074 	1
4075 	1
4077 	1
4078 	1
4080 	1
4081 	1
4082 	1
4083 	1
4084 	1
4087 	1
4088 	1
4089 	1
4090 	1
4097 	1
4098 	1
4099 	1
4103 	1
4107 	1
4108 	1
4110 	1
4111 	1
4118 	1
4120 	1
4122 	1
4125 	1
4126 	1
4128 	1
4129 	1
4134 	1
4135 	1
4136 	1
4138 	1
4139 	1
4141 	1
4143 	1
4144 	1
4146 	1
4148 	1
4149 	1
4150 	1
4151 	1
4152 	1
4154 	1
4155 	1
4157 	1
4158 	1
4159 	1
4162 	1
4163 	1
4164 	1
4165 	1
4167 	1
4171 	1
4173 	1
4174 	1
4175 	1
4176 	1
4177 	1
4180 	1
4182 	1
4183 	1
4186 	1
4187 	1
4192 	1
4193 	1
4194 	1
4195 	1
4196 	1
4200 	1
4202 	1
4204 	1
4205 	1
4206 	1
4208 	1
4209 	1
4211 	1
4216 	1
4220 	1
4223 	1
4225 	1
4226 	1
4227 	1
4229 	1
4235 	1
4236 	1
4237 	1
4240 	1
4241 	1
4243 	1
4245 	1
4246 	1
4247 	1
4250 	1
4252 	1
4253 	1
4254 	1
4255 	1
4256 	1
4257 	1
4260 	1
4262 	1
4263 	1
4265 	1
4267 	1
4271 	1
4272 	1
4274 	1
4275 	1
4276 	1
4278 	1
4284 	1
4285 	1
4286 	1
4287 	1
4288 	1
4289 	1
4290 	1
4293 	1
4294 	1
4295 	1
4296 	1
4297 	1
4298 	1
4299 	1
4300 	1
4301 	1
4302 	1
4303 	1
4304 	1
4305 	1
4306 	1
4308 	1
4309 	1
4310 	1
4311 	1
4312 	1
4313 	1
4314 	1
4316 	1
4317 	1
4318 	1
4322 	1
4326 	1
4327 	1
4328 	1
4329 	1
4331 	1
4332 	1
4333 	1
4336 	1
4338 	1
4339 	1
4342 	1
4343 	1
4344 	1
4348 	1
4349 	1
4352 	1
4354 	1
4358 	1
4359 	1
4364 	1
4365 	1
4367 	1
4368 	1
4375 	1
4376 	1
4377 	1
4380 	1
4381 	1
4382 	1
4383 	1
4385 	1
4387 	1
4389 	1
4390 	1
4392 	1
4399 	1
4400 	1
4402 	1
4405 	1
4408 	1
4410 	1
4414 	1
4416 	1
4418 	1
4420 	1
4421 	1
4422 	1
4424 	1
4425 	1
4426 	1
4427 	1
4430 	1
4432 	1
4433 	1
4434 	1
4437 	1
4438 	1
4441 	1
4443 	1
4445 	1
4446 	1
4447 	1
4449 	1
4455 	1
4457 	1
4458 	1
4459 	1
4462 	1
4463 	1
4464 	1
4465 	1
4469 	1
4471 	1
4472 	1
4474 	1
4477 	1
4478 	1
4479 	1
4480 	1
4481 	1
4485 	1
4487 	1
4488 	1
4489 	1
4490 	1
4493 	1
4494 	1
4496 	1
4497 	1
4498 	1
4501 	1
4502 	1
4503 	1
4504 	1
4507 	1
4510 	1
4511 	1
4513 	1
4515 	1
4516 	1
4519 	1
4520 	1
4521 	1
4524 	1
4525 	1
4526 	1
4528 	1
4533 	1
4535 	1
4536 	1
4540 	1
4541 	1
4542 	1
4544 	1
4545 	1
4546 	1
4547 	1
4548 	1
4549 	1
4550 	1
4551 	1
4552 	1
4554 	1
4555 	1
4558 	1
4562 	1
4563 	1
4564 	1
4565 	1
4566 	1
4573 	1
4576 	1
4577 	1
4578 	1
4582 	1
4583 	1
4585 	1
4588 	1
4590 	1
4591 	1
4593 	1
4594 	1
4597 	1
4598 	1
4599 	1
4600 	1
4603 	1
4604 	1
4608 	1
4610 	1
4612 	1
4613 	1
4615 	1
4618 	1
4619 	1
4620 	1
4622 	1
4624 	1
4625 	1
4628 	1
4629 	1
4630 	1
4632 	1
4637 	1
4638 	1
4639 	1
4640 	1
4641 	1
4644 	1
4645 	1
4647 	1
4649 	1
4650 	1
4651 	1
4652 	1
4656 	1
4658 	1
4659 	1
4663 	1
4665 	1
4666 	1
4668 	1
4670 	1
4673 	1
4675 	1
4676 	1
4678 	1
4679 	1
4681 	1
4684 	1
4686 	1
4687 	1
4688 	1
4689 	1
4690 	1
4691 	1
4692 	1
4693 	1
4694 	1
4697 	1
4705 	1
4706 	1
4708 	1
4709 	1
4711 	1
4713 	1
4714 	1
4716 	1
4717 	1
4721 	1
4724 	1
4727 	1
4728 	1
4729 	1
4730 	1
4731 	1
4732 	1
4735 	1
4737 	1
4738 	1
4739 	1
4743 	1
4744 	1
4746 	1
4747 	1
4749 	1
4754 	1
4756 	1
4761 	1
4762 	1
4764 	1
4766 	1
4768 	1
4769 	1
4772 	1
4774 	1
4775 	1
4777 	1
4782 	1
4785 	1
4787 	1
4790 	1
4793 	1
4794 	1
4796 	1
4797 	1
4799 	1
4800 	1
4807 	1
4809 	1
4811 	1
4812 	1
4813 	1
4818 	1
4820 	1
4825 	1
4827 	1
4830 	1
4831 	1
4835 	1
4836 	1
4837 	1
4838 	1
4839 	1
4841 	1
4842 	1
4844 	1
4845 	1
4846 	1
4847 	1
4848 	1
4850 	1
4853 	1
4854 	1
4855 	1
4856 	1
4857 	1
4859 	1
4861 	1
4862 	1
4863 	1
4864 	1
4865 	1
4867 	1
4868 	1
4869 	1
4870 	1
4871 	1
4872 	1
4873 	1
4874 	1
4875 	1
4876 	1
4878 	1
4879 	1
4880 	1
4881 	1
4884 	1
4888 	1
4889 	1
4892 	1
4894 	1
4897 	1
4899 	1
4901 	1
4903 	1
4904 	1
4905 	1
4907 	1
4908 	1
4910 	1
4912 	1
4913 	1
4917 	1
4919 	1
4921 	1
4922 	1
4923 	1
4925 	1
4926 	1
4927 	1
4929 	1
4930 	1
4932 	1
4935 	1
4936 	1
4938 	1
4942 	1
4943 	1
4944 	1
4945 	1
4947 	1
4950 	1
4954 	1
4957 	1
4958 	1
4960 	1
4962 	1
4964 	1
4965 	1
4967 	1
4968 	1
4969 	1
4972 	1
4974 	1
4975 	1
4976 	1
4977 	1
4978 	1
4980 	1
4981 	1
4985 	1
4986 	1
4987 	1
4989 	1
4993 	1
4995 	1
4997 	1
4998 	1
4999 	1
5000 	1
5002 	1
5003 	1
5004 	1
5010 	1
5015 	1
5018 	1
5020 	1
5021 	1
5022 	1
5023 	1
5026 	1
5027 	1
5031 	1
5033 	1
5037 	1
5043 	1
5048 	1
5049 	1
5050 	1
5054 	1
5055 	1
5056 	1
5058 	1
5059 	1
5061 	1
5065 	1
5067 	1
5068 	1
5070 	1
5072 	1
5073 	1
5074 	1
5076 	1
5078 	1
5082 	1
5084 	1
5085 	1
5088 	1
5092 	1
5093 	1
5094 	1
5097 	1
5098 	1
5099 	1
5100 	1
5101 	1
5102 	1
5103 	1
5105 	1
5107 	1
5109 	1
5110 	1
5111 	1
5113 	1
5116 	1
5118 	1
5119 	1
5120 	1
5122 	1
5125 	1
5127 	1
5128 	1
5130 	1
5136 	1
5137 	1
5139 	1
5140 	1
5142 	1
5143 	1
5146 	1
5148 	1
5149 	1
5151 	1
5152 	1
5153 	1
5155 	1
5157 	1
5158 	1
5164 	1
5167 	1
5170 	1
5171 	1
5173 	1
5182 	1
5183 	1
5194 	1
5197 	1
5198 	1
5199 	1
5200 	1
5203 	1
5204 	1
5205 	1
5206 	1
5208 	1
5210 	1
5213 	1
5214 	1
5215 	1
5216 	1
5217 	1
5218 	1
5221 	1
5222 	1
5225 	1
5226 	1
5228 	1
5229 	1
5236 	1
5237 	1
5238 	1
5240 	1
5242 	1
5244 	1
5245 	1
5247 	1
5248 	1
5253 	1
5255 	1
5263 	1
5264 	1
5265 	1
5266 	1
5268 	1
5270 	1
5271 	1
5273 	1
5274 	1
5276 	1
5279 	1
5280 	1
5283 	1
5285 	1
5286 	1
5292 	1
5295 	1
5297 	1
5298 	1
5300 	1
5301 	1
5302 	1
5303 	1
5306 	1
5307 	1
5308 	1
5311 	1
5313 	1
5314 	1
5316 	1
5321 	1
5324 	1
5330 	1
5331 	1
5334 	1
5336 	1
5339 	1
5340 	1
5341 	1
5342 	1
5345 	1
5346 	1
5347 	1
5348 	1
5349 	1
5350 	1
5352 	1
5353 	1
5355 	1
5357 	1
5361 	1
5362 	1
5363 	1
5364 	1
5365 	1
5367 	1
5368 	1
5369 	1
5370 	1
5371 	1
5373 	1
5375 	1
5380 	1
5381 	1
5382 	1
5389 	1
5390 	1
5391 	1
5392 	1
5395 	1
5398 	1
5404 	1
5405 	1
5407 	1
5409 	1
5410 	1
5411 	1
5412 	1
5413 	1
5416 	1
5418 	1
5419 	1
5421 	1
5427 	1
5428 	1
5430 	1
5433 	1
5435 	1
5437 	1
5438 	1
5439 	1
5441 	1
5442 	1
5445 	1
5446 	1
5447 	1
5450 	1
5453 	1
5455 	1
5456 	1
5458 	1
5459 	1
5462 	1
5467 	1
5468 	1
5469 	1
5475 	1
5479 	1
5483 	1
5484 	1
5485 	1
5486 	1
5487 	1
5490 	1
5491 	1
5493 	1
5494 	1
5495 	1
5497 	1
5498 	1
5501 	1
5503 	1
5504 	1
5506 	1
5510 	1
5511 	1
5512 	1
5516 	1
5517 	1
5518 	1
5520 	1
5521 	1
5524 	1
5527 	1
5530 	1
5532 	1
5533 	1
5536 	1
5539 	1
5540 	1
5544 	1
5547 	1
5551 	1
5553 	1
5555 	1
5560 	1
5563 	1
5564 	1
5567 	1
5569 	1
5570 	1
5571 	1
5572 	1
5573 	1
5574 	1
5576 	1
5582 	1
5585 	1
5587 	1
5588 	1
5589 	1
5599 	1
5600 	1
5603 	1
5604 	1
5606 	1
5607 	1
5608 	1
5609 	1
5613 	1
5615 	1
5617 	1
5621 	1
5622 	1
5624 	1
5626 	1
5629 	1
5630 	1
5631 	1
5633 	1
5634 	1
5638 	1
5641 	1
5642 	1
5645 	1
5646 	1
5648 	1
5649 	1
5651 	1
5652 	1
5653 	1
5655 	1
5657 	1
5659 	1
5663 	1
5664 	1
5667 	1
5668 	1
5670 	1
5673 	1
5675 	1
5678 	1
5679 	1
5681 	1
5683 	1
5687 	1
5689 	1
5690 	1
5692 	1
5694 	1
5696 	1
5697 	1
5700 	1
5701 	1
5702 	1
5703 	1
5704 	1
5705 	1
5709 	1
5711 	1
5721 	1
5723 	1
5725 	1
5726 	1
5727 	1
5729 	1
5730 	1
5734 	1
5735 	1
5736 	1
5738 	1
5739 	1
5747 	1
5749 	1
5751 	1
5752 	1
5756 	1
5758 	1
5760 	1
5761 	1
5763 	1
5764 	1
5768 	1
5771 	1
5773 	1
5774 	1
5775 	1
5776 	1
5777 	1
5779 	1
5780 	1
5781 	1
5783 	1
5784 	1
5785 	1
5788 	1
5790 	1
5792 	1
5795 	1
5797 	1
5799 	1
5801 	1
5806 	1
5808 	1
5809 	1
5812 	1
5815 	1
5816 	1
5817 	1
5819 	1
5820 	1
5823 	1
5826 	1
5827 	1
5829 	1
5831 	1
5832 	1
5835 	1
5838 	1
5841 	1
5843 	1
5846 	1
5847 	1
5849 	1
5850 	1
5851 	1
5856 	1
5857 	1
5858 	1
5860 	1
5861 	1
5862 	1
5864 	1
5870 	1
5872 	1
5878 	1
5879 	1
5881 	1
5882 	1
5888 	1
5889 	1
5890 	1
5892 	1
5895 	1
5897 	1
5902 	1
5903 	1
5906 	1
5909 	1
5911 	1
5914 	1
5916 	1
5919 	1
5920 	1
5927 	1
5928 	1
5931 	1
5933 	1
5934 	1
5936 	1
5940 	1
5941 	1
5942 	1
5944 	1
5945 	1
5949 	1
5950 	1
5951 	1
5952 	1
5953 	1
5954 	1
5960 	1
5963 	1
5970 	1
5972 	1
5973 	1
5974 	1
5976 	1
5978 	1
5979 	1
5980 	1
5982 	1
5983 	1
5984 	1
5985 	1
5988 	1
5997 	1
5998 	1
5999 	1
6000 	1
6003 	1
6004 	1
6005 	1
6006 	1
6007 	1
6008 	1
6009 	1
6012 	1
6014 	1
6018 	1
6020 	1
6021 	1
6022 	1
6023 	1
6025 	1
6027 	1
6029 	1
6030 	1
6032 	1
6034 	1
6036 	1
6038 	1
6039 	1
6041 	1
6044 	1
6045 	1
6047 	1
6054 	1
6055 	1
6056 	1
6057 	1
6060 	1
6064 	1
6065 	1
6066 	1
6067 	1
6068 	1
6069 	1
6070 	1
6071 	1
6073 	1
6075 	1
6076 	1
6077 	1
6082 	1
6083 	1
6084 	1
6085 	1
6087 	1
6088 	1
6089 	1
6090 	1
6093 	1
6096 	1
6097 	1
6101 	1
6102 	1
6103 	1
6106 	1
6110 	1
6111 	1
6112 	1
6113 	1
6114 	1
6115 	1
6117 	1
6118 	1
6119 	1
6120 	1
6121 	1
6124 	1
6125 	1
6126 	1
6129 	1
6131 	1
6132 	1
6138 	1
6143 	1
6145 	1
6148 	1
6149 	1
6157 	1
6158 	1
6159 	1
6166 	1
6167 	1
6171 	1
6175 	1
6176 	1
6178 	1
6180 	1
6181 	1
6182 	1
6183 	1
6185 	1
6187 	1
6190 	1
6193 	1
6194 	1
6196 	1
6197 	1
6201 	1
6205 	1
6207 	1
6209 	1
6214 	1
6216 	1
6218 	1
6219 	1
6222 	1
6227 	1
6228 	1
6231 	1
6233 	1
6237 	1
6239 	1
6243 	1
6246 	1
6248 	1
6249 	1
6250 	1
6251 	1
6252 	1
6260 	1
6261 	1
6262 	1
6268 	1
6269 	1
6272 	1
6275 	1
6276 	1
6277 	1
6279 	1
6280 	1
6281 	1
6282 	1
6288 	1
6290 	1
6291 	1
6292 	1
6295 	1
6296 	1
6297 	1
6298 	1
6299 	1
6300 	1
6301 	1
6302 	1
6303 	1
6306 	1
6310 	1
6311 	1
6315 	1
6316 	1
6317 	1
6318 	1
6319 	1
6320 	1
6323 	1
6327 	1
6328 	1
6331 	1
6332 	1
6333 	1
6334 	1
6335 	1
6337 	1
6339 	1
6340 	1
6344 	1
6345 	1
6351 	1
6355 	1
6357 	1
6360 	1
6362 	1
6363 	1
6364 	1
6368 	1
6369 	1
6371 	1
6373 	1
6374 	1
6375 	1
6378 	1
6379 	1
6383 	1
6384 	1
6386 	1
6387 	1
6388 	1
6390 	1
6392 	1
6393 	1
6395 	1
6396 	1
6398 	1
6399 	1
6400 	1
6402 	1
6404 	1
6408 	1
6414 	1
6416 	1
6418 	1
6419 	1
6420 	1
6421 	1
6422 	1
6423 	1
6426 	1
6429 	1
6430 	1
6431 	1
6434 	1
6435 	1
6438 	1
6440 	1
6441 	1
6442 	1
6444 	1
6445 	1
6447 	1
6450 	1
6451 	1
6453 	1
6454 	1
6455 	1
6457 	1
6458 	1
6459 	1
6460 	1
6461 	1
6463 	1
6464 	1
6467 	1
6468 	1
6470 	1
6472 	1
6473 	1
6474 	1
6475 	1
6476 	1
6477 	1
6478 	1
6479 	1
6480 	1
6483 	1
6485 	1
6486 	1
6487 	1
6489 	1
6490 	1
6492 	1
6496 	1
6498 	1
6499 	1
6501 	1
6502 	1
6508 	1
6509 	1
6512 	1
6513 	1
6516 	1
6517 	1
6518 	1
6520 	1
6521 	1
6526 	1
6527 	1
6530 	1
6531 	1
6532 	1
6533 	1
6535 	1
6536 	1
6537 	1
6542 	1
6543 	1
6544 	1
6545 	1
6546 	1
6547 	1
6548 	1
6549 	1
6551 	1
6553 	1
6554 	1
6556 	1
6557 	1
6561 	1
6568 	1
6569 	1
6571 	1
6573 	1
6574 	1
6578 	1
6585 	1
6586 	1
6587 	1
6588 	1
6589 	1
6592 	1
6594 	1
6595 	1
6596 	1
6597 	1
6602 	1
6604 	1
6605 	1
6606 	1
6607 	1
6609 	1
6610 	1
6611 	1
6612 	1
6613 	1
6616 	1
6617 	1
6618 	1
6622 	0.341405184175
