Number of items 	Total Weight 	Total Profit 
869 	252903.0 	57598.1590414 


Total time: 0.0359599590302 s
Average time: 0.0089904665947 s
Last call: 1.90734863281e-06 s
Stamp 1 of the total: 0h 0m 0s 35ms 35959\u00B5s
Stamp 2 of the total: 00:00:00.0035
Pattern that ignores zeros:
35ms 35959\u00B5s
0035

Item    Fraction

2 	1
3 	1
4 	1
8 	1
10 	1
20 	1
23 	1
24 	1
25 	1
26 	1
27 	1
29 	1
30 	1
32 	1
33 	1
37 	1
40 	1
42 	1
45 	1
51 	1
55 	1
56 	1
58 	1
60 	1
61 	1
62 	1
63 	1
64 	1
65 	1
67 	1
68 	1
70 	1
73 	1
74 	1
76 	1
78 	1
79 	1
83 	1
89 	1
99 	1
101 	1
102 	1
104 	1
106 	1
112 	1
113 	1
119 	1
121 	1
123 	1
124 	1
125 	1
126 	1
129 	1
131 	1
134 	1
139 	1
140 	1
151 	1
154 	1
156 	1
159 	1
160 	1
161 	1
163 	1
170 	1
171 	1
172 	1
174 	1
176 	1
177 	1
178 	1
181 	1
184 	1
187 	1
188 	1
190 	1
191 	1
194 	1
196 	1
197 	1
199 	1
202 	1
205 	1
206 	1
207 	1
209 	1
213 	1
214 	1
216 	1
218 	1
219 	1
224 	1
226 	1
228 	1
229 	1
230 	1
232 	1
234 	1
235 	1
236 	1
237 	1
244 	1
247 	1
248 	1
249 	1
251 	1
252 	1
253 	1
259 	1
260 	1
261 	1
262 	1
263 	1
264 	1
265 	1
266 	1
267 	1
271 	1
272 	1
273 	1
275 	1
279 	1
281 	1
284 	1
288 	1
289 	1
291 	1
292 	1
293 	1
294 	1
297 	1
299 	1
304 	1
306 	1
310 	1
314 	1
316 	1
317 	1
319 	1
321 	1
322 	1
325 	1
327 	1
328 	1
329 	1
330 	1
332 	1
333 	1
334 	1
337 	1
339 	1
340 	1
342 	1
343 	1
344 	1
349 	1
350 	1
352 	1
355 	1
356 	1
358 	1
365 	1
366 	1
367 	1
368 	1
370 	1
372 	1
376 	1
377 	1
378 	1
380 	1
381 	1
385 	1
386 	1
391 	1
393 	1
394 	1
399 	1
401 	1
404 	1
405 	1
411 	1
412 	1
417 	1
419 	1
421 	1
423 	1
424 	1
428 	1
430 	1
431 	1
432 	1
433 	1
434 	1
436 	1
437 	1
440 	1
444 	1
445 	1
447 	1
450 	1
451 	1
453 	1
454 	1
456 	1
460 	1
461 	1
462 	1
463 	1
465 	1
473 	1
474 	1
475 	1
477 	1
479 	1
481 	1
482 	1
483 	1
487 	1
488 	1
492 	1
493 	1
494 	1
495 	1
496 	1
497 	1
499 	1
500 	1
503 	1
504 	1
508 	1
509 	1
510 	1
513 	1
514 	1
516 	1
518 	1
520 	1
522 	1
526 	1
530 	1
531 	1
532 	1
534 	1
535 	1
537 	1
538 	1
539 	1
541 	1
542 	1
543 	1
548 	1
550 	1
552 	1
553 	1
555 	1
560 	1
565 	1
566 	1
568 	1
570 	1
571 	1
577 	1
578 	1
580 	1
584 	1
593 	1
594 	1
595 	1
597 	1
600 	1
605 	1
606 	1
609 	1
610 	1
613 	1
618 	1
619 	1
622 	1
623 	1
624 	1
627 	1
629 	1
631 	1
635 	1
637 	1
641 	1
642 	1
645 	1
651 	1
655 	1
656 	1
661 	1
666 	1
668 	1
670 	1
672 	1
673 	1
679 	1
680 	1
684 	1
686 	1
687 	1
697 	1
700 	1
705 	1
707 	1
709 	1
711 	1
716 	1
717 	1
721 	1
727 	1
728 	1
730 	1
731 	1
733 	1
736 	1
741 	1
743 	1
747 	1
748 	1
749 	1
753 	1
756 	1
757 	1
758 	1
760 	1
765 	1
769 	1
770 	1
782 	1
783 	1
784 	1
786 	1
788 	1
789 	1
791 	1
796 	1
799 	1
802 	1
803 	1
804 	1
805 	1
807 	1
812 	1
815 	1
816 	1
818 	1
819 	1
820 	1
821 	1
823 	1
827 	1
828 	1
829 	1
831 	0.714596949891
833 	1
834 	1
835 	1
837 	1
839 	1
842 	1
843 	1
844 	1
845 	1
846 	1
847 	1
849 	1
850 	1
851 	1
853 	1
854 	1
859 	1
864 	1
865 	1
866 	1
867 	1
869 	1
870 	1
871 	1
872 	1
874 	1
880 	1
881 	1
882 	1
883 	1
885 	1
886 	1
888 	1
890 	1
894 	1
895 	1
896 	1
900 	1
902 	1
905 	1
906 	1
907 	1
908 	1
909 	1
913 	1
914 	1
916 	1
917 	1
918 	1
919 	1
920 	1
922 	1
923 	1
928 	1
932 	1
933 	1
934 	1
938 	1
939 	1
942 	1
943 	1
944 	1
945 	1
946 	1
949 	1
950 	1
951 	1
952 	1
954 	1
955 	1
957 	1
959 	1
963 	1
964 	1
965 	1
966 	1
968 	1
974 	1
975 	1
976 	1
977 	1
979 	1
985 	1
987 	1
988 	1
989 	1
992 	1
995 	1
996 	1
997 	1
998 	1
1004 	1
1005 	1
1009 	1
1018 	1
1019 	1
1020 	1
1021 	1
1024 	1
1027 	1
1028 	1
1030 	1
1031 	1
1033 	1
1035 	1
1038 	1
1040 	1
1041 	1
1042 	1
1043 	1
1044 	1
1045 	1
1046 	1
1048 	1
1049 	1
1053 	1
1054 	1
1060 	1
1061 	1
1063 	1
1065 	1
1070 	1
1071 	1
1077 	1
1078 	1
1080 	1
1081 	1
1083 	1
1084 	1
1085 	1
1087 	1
1088 	1
1092 	1
1094 	1
1098 	1
1099 	1
1104 	1
1107 	1
1116 	1
1121 	1
1122 	1
1124 	1
1125 	1
1128 	1
1129 	1
1130 	1
1131 	1
1136 	1
1140 	1
1141 	1
1145 	1
1147 	1
1150 	1
1152 	1
1154 	1
1155 	1
1156 	1
1158 	1
1159 	1
1161 	1
1162 	1
1165 	1
1169 	1
1170 	1
1173 	1
1177 	1
1183 	1
1189 	1
1192 	1
1193 	1
1194 	1
1196 	1
1197 	1
1199 	1
1200 	1
1201 	1
1206 	1
1208 	1
1209 	1
1214 	1
1216 	1
1218 	1
1219 	1
1226 	1
1228 	1
1229 	1
1232 	1
1235 	1
1236 	1
1239 	1
1240 	1
1245 	1
1246 	1
1250 	1
1252 	1
1256 	1
1257 	1
1259 	1
1265 	1
1269 	1
1270 	1
1271 	1
1272 	1
1275 	1
1276 	1
1278 	1
1283 	1
1284 	1
1287 	1
1288 	1
1289 	1
1291 	1
1292 	1
1293 	1
1298 	1
1299 	1
1300 	1
1309 	1
1312 	1
1314 	1
1316 	1
1317 	1
1320 	1
1321 	1
1322 	1
1323 	1
1324 	1
1326 	1
1328 	1
1332 	1
1333 	1
1338 	1
1339 	1
1341 	1
1343 	1
1344 	1
1346 	1
1347 	1
1349 	1
1355 	1
1357 	1
1361 	1
1368 	1
1369 	1
1373 	1
1374 	1
1375 	1
1380 	1
1382 	1
1383 	1
1386 	1
1387 	1
1388 	1
1392 	1
1396 	1
1401 	1
1403 	1
1406 	1
1409 	1
1412 	1
1416 	1
1417 	1
1419 	1
1423 	1
1426 	1
1428 	1
1429 	1
1431 	1
1432 	1
1436 	1
1437 	1
1440 	1
1441 	1
1442 	1
1444 	1
1446 	1
1450 	1
1451 	1
1452 	1
1453 	1
1456 	1
1457 	1
1458 	1
1460 	1
1461 	1
1462 	1
1464 	1
1467 	1
1469 	1
1470 	1
1472 	1
1473 	1
1474 	1
1475 	1
1476 	1
1477 	1
1478 	1
1479 	1
1480 	1
1481 	1
1482 	1
1484 	1
1487 	1
1488 	1
1490 	1
1493 	1
1494 	1
1497 	1
1500 	1
1501 	1
1503 	1
1505 	1
1507 	1
1508 	1
1513 	1
1515 	1
1517 	1
1522 	1
1528 	1
1529 	1
1535 	1
1536 	1
1539 	1
1541 	1
1542 	1
1543 	1
1548 	1
1549 	1
1551 	1
1553 	1
1554 	1
1556 	1
1558 	1
1563 	1
1566 	1
1567 	1
1569 	1
1575 	1
1579 	1
1581 	1
1583 	1
1584 	1
1585 	1
1586 	1
1592 	1
1593 	1
1596 	1
1601 	1
1602 	1
1603 	1
1605 	1
1607 	1
1609 	1
1610 	1
1611 	1
1616 	1
1625 	1
1626 	1
1628 	1
1631 	1
1632 	1
1633 	1
1637 	1
1639 	1
1640 	1
1644 	1
1645 	1
1646 	1
1647 	1
1649 	1
1652 	1
1654 	1
1656 	1
1658 	1
1659 	1
1660 	1
1661 	1
1662 	1
1663 	1
1664 	1
1666 	1
1667 	1
1669 	1
1670 	1
1675 	1
1676 	1
1677 	1
1678 	1
1680 	1
1681 	1
1682 	1
1683 	1
1687 	1
1688 	1
1695 	1
1699 	1
1700 	1
1701 	1
1703 	1
1704 	1
1707 	1
1709 	1
1711 	1
1712 	1
1716 	1
1717 	1
1718 	1
1719 	1
1722 	1
1723 	1
1725 	1
1726 	1
1728 	1
1729 	1
1730 	1
1732 	1
1735 	1
1737 	1
1740 	1
1741 	1
1742 	1
1745 	1
1748 	1
1755 	1
1759 	1
1762 	1
1763 	1
1765 	1
1766 	1
1767 	1
1769 	1
1770 	1
1774 	1
1783 	1
1784 	1
1787 	1
1791 	1
1795 	1
1798 	1
1800 	1
1804 	1
1805 	1
1808 	1
1810 	1
1811 	1
1814 	1
1815 	1
1819 	1
1824 	1
1825 	1
1826 	1
1828 	1
1832 	1
1838 	1
1839 	1
1840 	1
1841 	1
1851 	1
1858 	1
1860 	1
1870 	1
1872 	1
1875 	1
1877 	1
1879 	1
1885 	1
1894 	1
1895 	1
1896 	1
1899 	1
1907 	1
1908 	1
1910 	1
1911 	1
1912 	1
1913 	1
1916 	1
1917 	1
1922 	1
1924 	1
1927 	1
1929 	1
1930 	1
1933 	1
1935 	1
1937 	1
1941 	1
1942 	1
1945 	1
1948 	1
1950 	1
1952 	1
1953 	1
1955 	1
1957 	1
1960 	1
1963 	1
1965 	1
1968 	1
1970 	1
1972 	1
1974 	1
1979 	1
1982 	1
1983 	1
1984 	1
1992 	1
1993 	1
1997 	1
1998 	1
1999 	1
2000 	1
