Number of items 	Total Weight 	Total Profit 
1110 	370074.0 	73887.1559322 


Total time: 0.0321187973022 s
Average time: 0.0080304145813 s
Last call: 2.86102294922e-06 s
Stamp 1 of the total: 0h 0m 0s 32ms 32118\u00B5s
Stamp 2 of the total: 00:00:00.0032
Pattern that ignores zeros:
32ms 32118\u00B5s
0032

Item    Fraction

4 	1
5 	1
6 	1
7 	1
8 	1
11 	1
14 	1
15 	1
16 	1
17 	1
19 	1
21 	1
23 	1
26 	1
28 	1
29 	1
31 	1
32 	1
36 	1
39 	1
41 	1
43 	1
44 	1
46 	1
49 	1
53 	1
55 	1
57 	1
58 	1
59 	1
60 	1
61 	1
62 	1
63 	1
64 	1
65 	1
67 	1
68 	1
74 	1
75 	1
76 	1
77 	1
78 	1
79 	1
81 	1
82 	1
83 	1
85 	1
86 	1
87 	1
88 	1
89 	1
90 	1
92 	1
96 	1
99 	1
101 	1
105 	1
107 	1
109 	1
110 	1
112 	1
114 	1
115 	1
118 	1
122 	1
123 	1
124 	1
125 	1
126 	1
127 	1
128 	1
131 	1
132 	1
133 	1
134 	1
135 	1
136 	1
137 	1
138 	1
139 	1
141 	1
142 	1
143 	1
147 	1
151 	1
152 	1
153 	1
155 	1
156 	1
157 	1
159 	1
160 	1
164 	1
168 	1
169 	1
170 	1
171 	1
174 	1
176 	1
177 	1
178 	1
181 	1
183 	1
185 	1
186 	1
191 	1
194 	1
196 	1
197 	1
198 	1
199 	1
201 	1
203 	1
204 	1
206 	1
207 	1
208 	1
211 	1
213 	1
215 	1
217 	1
218 	1
223 	1
224 	1
225 	1
227 	1
229 	1
230 	1
231 	1
233 	1
234 	1
237 	1
240 	1
241 	1
244 	1
247 	1
248 	1
251 	1
252 	1
254 	1
255 	1
256 	1
259 	1
260 	1
263 	1
265 	1
266 	1
268 	1
271 	1
272 	1
276 	1
277 	1
278 	1
279 	1
280 	1
281 	1
282 	1
283 	1
285 	1
286 	1
287 	1
288 	1
289 	1
294 	1
295 	1
297 	1
299 	1
301 	1
302 	1
304 	1
305 	1
307 	1
308 	1
311 	1
312 	1
314 	1
317 	1
318 	1
319 	1
322 	1
324 	1
326 	1
328 	1
332 	1
333 	1
334 	1
335 	1
336 	1
337 	1
339 	1
343 	1
344 	1
345 	1
346 	1
348 	1
352 	1
353 	1
355 	1
356 	1
359 	1
361 	1
362 	1
365 	1
366 	1
369 	1
371 	1
373 	1
374 	1
375 	1
376 	1
378 	1
379 	1
380 	1
383 	1
385 	1
386 	1
388 	1
390 	1
395 	1
397 	1
401 	1
402 	1
409 	1
412 	1
414 	1
415 	1
418 	1
420 	1
421 	1
423 	1
425 	1
427 	1
428 	1
429 	1
431 	1
432 	1
436 	1
438 	1
439 	1
441 	1
442 	1
444 	1
448 	1
449 	1
452 	1
453 	1
455 	1
458 	1
462 	1
463 	1
466 	1
469 	1
475 	1
478 	1
480 	1
481 	1
484 	1
486 	1
489 	1
491 	1
493 	1
494 	1
495 	1
496 	1
498 	1
499 	1
501 	1
503 	1
504 	1
506 	1
512 	1
513 	1
515 	1
516 	1
518 	1
521 	1
522 	1
523 	1
524 	1
525 	1
527 	1
530 	1
531 	1
532 	1
533 	1
534 	1
535 	1
536 	1
537 	1
538 	1
539 	1
542 	1
543 	1
548 	1
550 	1
552 	1
553 	1
556 	1
558 	1
559 	1
560 	1
561 	1
563 	1
564 	1
565 	1
567 	1
568 	1
569 	1
570 	1
571 	1
572 	1
573 	1
575 	1
578 	1
581 	1
582 	1
584 	1
587 	1
588 	1
591 	1
592 	1
594 	1
596 	1
598 	1
601 	1
602 	1
605 	1
608 	1
609 	1
610 	1
612 	1
615 	1
616 	1
617 	1
619 	1
620 	1
622 	1
624 	1
625 	1
629 	1
630 	1
631 	1
632 	1
633 	1
634 	1
638 	1
639 	1
640 	1
641 	1
643 	1
644 	1
646 	1
648 	1
650 	1
658 	1
659 	1
663 	1
664 	1
667 	1
668 	1
671 	1
673 	1
676 	1
678 	1
682 	1
684 	1
685 	1
689 	1
691 	1
692 	1
695 	1
696 	1
699 	1
700 	1
701 	1
705 	1
706 	1
709 	1
710 	1
713 	1
714 	1
717 	1
718 	1
720 	1
724 	1
725 	1
727 	1
728 	1
730 	1
731 	1
732 	1
734 	1
735 	1
736 	1
737 	1
739 	1
741 	1
743 	1
744 	1
746 	1
747 	1
750 	1
752 	1
753 	1
754 	1
755 	1
758 	1
762 	1
763 	1
764 	1
766 	1
770 	1
772 	1
773 	1
774 	1
777 	1
779 	1
780 	1
783 	1
784 	1
787 	1
788 	1
789 	1
791 	1
792 	1
794 	1
795 	1
798 	1
799 	1
802 	1
804 	1
807 	1
808 	1
812 	1
819 	1
822 	1
823 	1
824 	1
826 	1
828 	1
830 	1
831 	1
834 	1
842 	1
843 	1
847 	1
848 	1
850 	1
852 	1
853 	1
854 	1
855 	1
857 	1
859 	1
861 	1
862 	1
866 	1
867 	1
871 	1
875 	1
878 	1
880 	1
881 	1
882 	1
883 	1
884 	1
885 	1
888 	1
892 	1
893 	1
896 	1
898 	1
899 	1
903 	1
904 	1
906 	1
907 	1
909 	1
910 	1
914 	1
916 	1
920 	1
921 	1
922 	1
923 	1
929 	1
931 	1
932 	1
939 	1
941 	1
943 	1
946 	1
947 	1
948 	1
949 	1
952 	1
954 	1
956 	1
958 	1
959 	1
961 	1
962 	1
963 	1
965 	1
966 	1
967 	1
969 	1
972 	1
973 	1
975 	1
976 	1
977 	1
978 	1
979 	1
980 	1
983 	1
985 	1
986 	1
988 	1
989 	1
990 	1
992 	1
1001 	1
1004 	1
1005 	1
1006 	1
1008 	1
1011 	1
1012 	1
1013 	1
1016 	1
1019 	1
1020 	1
1021 	1
1023 	1
1024 	1
1026 	1
1027 	1
1030 	1
1031 	1
1034 	1
1035 	1
1037 	1
1040 	1
1042 	1
1043 	1
1044 	1
1047 	1
1048 	1
1049 	1
1053 	1
1054 	1
1056 	1
1058 	1
1060 	1
1063 	1
1064 	1
1065 	1
1067 	1
1072 	1
1074 	1
1077 	1
1078 	1
1079 	1
1081 	1
1084 	1
1087 	1
1088 	1
1089 	1
1092 	1
1093 	1
1095 	1
1099 	1
1104 	1
1106 	1
1110 	1
1112 	1
1113 	1
1114 	1
1116 	1
1117 	1
1118 	1
1119 	1
1122 	1
1123 	1
1126 	1
1128 	1
1131 	1
1133 	1
1134 	1
1135 	1
1137 	1
1138 	1
1142 	1
1144 	1
1146 	1
1149 	1
1151 	1
1152 	1
1154 	1
1155 	1
1161 	1
1162 	1
1163 	1
1164 	1
1166 	1
1168 	1
1169 	1
1173 	1
1175 	1
1176 	1
1177 	1
1182 	1
1183 	1
1185 	1
1187 	1
1188 	1
1189 	1
1190 	1
1193 	1
1196 	1
1197 	1
1199 	1
1200 	1
1203 	1
1205 	1
1206 	1
1207 	1
1208 	1
1209 	1
1210 	1
1211 	1
1215 	1
1216 	1
1217 	1
1220 	1
1222 	1
1223 	1
1224 	1
1225 	1
1228 	1
1229 	1
1231 	1
1232 	1
1233 	1
1234 	1
1235 	1
1236 	1
1238 	1
1239 	1
1240 	1
1243 	1
1248 	1
1249 	1
1256 	1
1257 	1
1259 	1
1260 	1
1262 	1
1269 	1
1270 	1
1271 	1
1274 	1
1276 	1
1278 	1
1280 	1
1282 	1
1283 	1
1286 	1
1290 	1
1296 	1
1297 	1
1298 	1
1299 	1
1300 	1
1301 	1
1304 	1
1305 	1
1307 	1
1309 	1
1310 	1
1311 	1
1312 	1
1314 	1
1315 	1
1316 	1
1319 	1
1320 	1
1321 	1
1324 	1
1325 	1
1326 	1
1327 	1
1328 	1
1329 	1
1330 	1
1331 	1
1332 	1
1336 	1
1337 	1
1338 	1
1340 	1
1341 	1
1342 	1
1343 	1
1344 	1
1345 	1
1347 	1
1349 	1
1350 	1
1351 	1
1353 	1
1354 	1
1355 	1
1356 	1
1359 	1
1366 	1
1367 	1
1368 	1
1369 	1
1370 	1
1374 	1
1375 	1
1377 	1
1378 	1
1379 	1
1380 	1
1382 	1
1384 	1
1387 	1
1390 	1
1391 	1
1392 	1
1393 	1
1394 	1
1396 	1
1397 	1
1398 	1
1400 	1
1403 	1
1404 	1
1405 	1
1407 	1
1411 	1
1412 	1
1418 	1
1420 	1
1421 	1
1422 	1
1423 	1
1424 	1
1425 	1
1427 	1
1429 	1
1430 	1
1431 	1
1432 	1
1435 	1
1440 	1
1441 	1
1442 	1
1443 	1
1444 	1
1445 	1
1446 	1
1447 	1
1448 	1
1452 	1
1453 	1
1457 	1
1458 	1
1459 	1
1460 	1
1461 	1
1463 	1
1464 	1
1466 	1
1467 	1
1469 	1
1471 	1
1472 	1
1473 	1
1475 	1
1476 	1
1478 	1
1480 	1
1481 	1
1482 	1
1483 	1
1484 	1
1485 	1
1486 	1
1487 	1
1488 	1
1494 	1
1495 	1
1496 	1
1500 	1
1501 	1
1502 	1
1503 	1
1504 	1
1505 	1
1506 	1
1509 	1
1512 	1
1514 	1
1517 	1
1518 	1
1520 	1
1521 	1
1524 	1
1525 	1
1526 	1
1527 	1
1528 	1
1529 	1
1530 	1
1531 	1
1532 	1
1536 	1
1537 	1
1538 	1
1540 	1
1543 	1
1544 	1
1547 	1
1548 	1
1549 	1
1551 	1
1552 	1
1553 	1
1554 	1
1555 	1
1556 	1
1558 	1
1561 	1
1564 	1
1565 	1
1566 	1
1568 	1
1569 	1
1570 	1
1571 	1
1574 	1
1577 	1
1578 	1
1579 	1
1580 	1
1581 	1
1583 	1
1585 	1
1589 	1
1594 	1
1596 	1
1597 	1
1602 	1
1606 	1
1609 	1
1610 	1
1611 	1
1612 	1
1614 	1
1615 	1
1618 	1
1619 	1
1621 	1
1623 	1
1624 	1
1627 	1
1630 	1
1633 	1
1634 	1
1635 	1
1639 	1
1641 	1
1643 	1
1644 	1
1645 	1
1652 	1
1655 	1
1659 	1
1664 	1
1666 	1
1668 	1
1671 	1
1673 	1
1674 	1
1679 	1
1680 	1
1683 	1
1684 	1
1690 	1
1692 	1
1693 	1
1696 	1
1697 	1
1698 	1
1704 	1
1708 	1
1709 	1
1712 	1
1717 	1
1718 	1
1720 	1
1721 	1
1723 	1
1724 	1
1726 	1
1727 	1
1729 	1
1731 	1
1732 	1
1737 	1
1738 	1
1739 	1
1740 	1
1741 	1
1743 	1
1744 	1
1745 	1
1747 	1
1748 	1
1752 	1
1755 	1
1758 	1
1760 	1
1761 	1
1764 	1
1768 	1
1769 	1
1770 	1
1772 	1
1773 	1
1774 	1
1776 	1
1778 	1
1780 	1
1781 	1
1782 	1
1783 	1
1785 	1
1786 	1
1792 	1
1793 	1
1794 	1
1795 	1
1798 	1
1801 	1
1803 	1
1807 	1
1808 	1
1810 	1
1812 	1
1814 	1
1815 	1
1816 	1
1818 	1
1823 	1
1826 	1
1828 	1
1837 	1
1840 	1
1845 	1
1846 	1
1849 	1
1851 	1
1852 	1
1853 	1
1854 	1
1855 	1
1857 	1
1861 	1
1863 	1
1865 	1
1866 	1
1868 	1
1870 	1
1871 	1
1876 	1
1877 	1
1881 	1
1884 	1
1885 	1
1887 	1
1889 	1
1893 	1
1896 	1
1897 	1
1899 	1
1907 	1
1908 	1
1911 	1
1914 	1
1916 	1
1917 	1
1918 	1
1919 	1
1922 	1
1923 	1
1924 	1
1925 	1
1928 	1
1929 	1
1931 	1
1932 	1
1934 	1
1935 	1
1938 	1
1939 	1
1942 	1
1944 	1
1945 	1
1947 	1
1949 	1
1950 	1
1952 	1
1954 	1
1955 	1
1956 	1
1957 	1
1958 	1
1959 	1
1960 	1
1961 	1
1962 	1
1963 	1
1965 	1
1969 	1
1970 	1
1972 	1
1974 	1
1975 	1
1976 	1
1978 	1
1980 	1
1983 	1
1984 	1
1985 	1
1986 	1
1988 	1
1991 	1
1993 	1
1997 	1
2000 	1
2001 	1
2009 	1
2010 	1
2011 	1
2013 	1
2014 	1
2015 	1
2016 	1
2017 	1
2021 	1
2027 	1
2028 	1
2029 	1
2031 	1
2034 	1
2037 	1
2038 	1
2039 	1
2040 	1
2042 	1
2043 	1
2044 	1
2046 	1
2047 	1
2052 	1
2053 	1
2054 	1
2055 	1
2056 	1
2058 	1
2059 	1
2060 	1
2061 	1
2063 	1
2064 	1
2067 	1
2068 	1
2070 	1
2072 	1
2074 	1
2075 	1
2076 	1
2077 	1
2078 	1
2081 	1
2083 	1
2085 	1
2087 	1
2088 	1
2089 	1
2092 	1
2093 	1
2094 	1
2095 	1
2097 	1
2098 	1
2102 	1
2103 	1
2105 	1
2106 	1
2107 	1
2109 	1
2110 	1
2113 	0.472881355932
