Number of items 	Total Weight 	Total Profit 
4230 	1375777.75 	284155.790548 


Total time: 0.0711162090302 s
Average time: 0.0177795886993 s
Last call: 2.14576721191e-06 s
Stamp 1 of the total: 0h 0m 0s 71ms 71116\u00B5s
Stamp 2 of the total: 00:00:00.0071
Pattern that ignores zeros:
71ms 71116\u00B5s
0071

Item    Fraction

1 	1
2 	1
6 	1
7 	1
9 	1
10 	1
11 	1
13 	1
14 	1
16 	1
18 	1
19 	1
23 	1
25 	1
26 	1
27 	1
31 	1
32 	1
33 	1
35 	1
38 	1
39 	1
40 	1
41 	1
42 	1
44 	1
49 	1
50 	1
53 	1
56 	1
57 	1
59 	1
65 	1
66 	1
67 	1
69 	1
72 	1
74 	1
80 	1
82 	1
84 	1
85 	1
86 	1
87 	1
88 	1
92 	1
93 	1
94 	1
96 	1
98 	1
100 	1
101 	1
104 	1
105 	1
108 	1
111 	1
112 	1
113 	1
116 	1
117 	1
118 	1
119 	1
121 	1
131 	1
134 	1
135 	1
136 	1
137 	1
138 	1
141 	1
143 	1
149 	1
150 	1
152 	1
153 	1
155 	1
156 	1
159 	1
160 	1
161 	1
165 	1
168 	1
169 	1
170 	1
171 	1
174 	1
175 	1
179 	1
181 	1
183 	1
185 	1
190 	1
191 	1
196 	1
200 	1
202 	1
207 	1
208 	1
209 	1
210 	1
214 	1
215 	1
216 	1
217 	1
220 	1
221 	1
225 	1
226 	1
231 	1
232 	1
233 	1
234 	1
236 	1
237 	1
239 	1
240 	1
241 	1
244 	1
245 	1
246 	1
248 	1
250 	1
252 	1
254 	1
255 	1
259 	1
262 	1
263 	1
265 	1
271 	1
273 	1
274 	1
275 	1
278 	1
281 	1
282 	1
283 	1
284 	1
285 	1
288 	1
289 	1
292 	1
294 	1
297 	1
298 	1
300 	1
301 	1
303 	1
304 	1
305 	1
310 	1
315 	1
319 	1
321 	1
322 	1
324 	1
325 	1
327 	1
330 	1
332 	1
333 	1
334 	1
335 	1
336 	1
340 	1
341 	1
342 	1
345 	1
348 	1
349 	1
352 	1
353 	1
354 	1
357 	1
359 	1
361 	1
362 	1
366 	1
369 	1
370 	1
372 	1
374 	1
375 	1
376 	1
378 	1
381 	1
383 	1
384 	1
385 	1
386 	1
389 	1
391 	1
392 	1
393 	1
394 	1
396 	1
398 	1
399 	1
402 	1
403 	1
405 	1
406 	1
407 	1
408 	1
410 	1
415 	1
416 	1
419 	1
420 	1
423 	1
426 	1
428 	1
429 	1
430 	1
434 	1
437 	1
440 	1
441 	1
442 	1
447 	1
449 	1
452 	1
453 	1
454 	1
455 	1
457 	1
458 	1
459 	1
460 	1
461 	1
462 	1
463 	1
468 	1
469 	1
470 	1
474 	1
475 	1
476 	1
478 	1
480 	1
481 	1
484 	1
485 	1
486 	1
487 	1
489 	1
492 	1
495 	1
496 	1
500 	1
503 	1
504 	1
505 	1
506 	1
507 	1
508 	1
510 	1
512 	1
517 	1
518 	1
521 	1
522 	1
525 	1
526 	1
527 	1
529 	1
532 	1
537 	1
538 	1
539 	1
540 	1
541 	1
542 	1
544 	1
547 	1
550 	1
551 	1
556 	1
557 	1
559 	1
560 	1
561 	1
564 	1
565 	1
569 	1
574 	1
575 	1
577 	1
579 	1
580 	1
582 	1
585 	1
586 	1
588 	1
589 	1
590 	1
591 	1
593 	1
594 	1
595 	1
597 	1
599 	1
600 	1
601 	1
602 	1
603 	1
604 	1
606 	1
607 	1
608 	1
610 	1
611 	1
617 	1
619 	1
621 	1
622 	1
625 	1
626 	1
633 	1
635 	1
636 	1
637 	1
638 	1
639 	1
640 	1
641 	1
644 	1
650 	1
651 	1
653 	1
656 	1
657 	1
658 	1
659 	1
661 	1
663 	1
664 	1
666 	1
668 	1
669 	1
674 	1
676 	1
686 	1
687 	1
691 	1
693 	1
697 	1
708 	1
712 	1
716 	1
722 	1
723 	1
726 	1
728 	1
729 	1
733 	1
736 	1
737 	1
738 	1
741 	1
742 	1
747 	1
748 	1
751 	1
752 	1
753 	1
755 	1
756 	1
757 	1
758 	1
760 	1
761 	1
763 	1
766 	1
771 	1
772 	1
776 	1
780 	1
781 	1
782 	1
783 	1
786 	1
787 	1
788 	1
789 	1
790 	1
791 	1
794 	1
796 	1
797 	1
798 	1
799 	1
800 	1
801 	1
803 	1
808 	1
809 	1
811 	1
816 	1
817 	1
818 	1
819 	1
821 	1
823 	1
824 	1
825 	1
826 	1
828 	1
830 	1
834 	1
835 	1
836 	1
839 	1
840 	1
841 	1
846 	1
847 	1
852 	1
854 	1
855 	1
856 	1
857 	1
858 	1
859 	1
860 	1
864 	1
865 	1
866 	1
869 	1
870 	1
874 	1
875 	1
876 	1
877 	1
878 	1
879 	1
881 	1
882 	1
883 	1
884 	1
886 	1
889 	1
891 	1
892 	1
895 	1
896 	1
897 	1
900 	1
902 	1
903 	1
907 	1
908 	1
911 	1
912 	1
913 	1
918 	1
920 	1
922 	1
925 	1
926 	1
928 	1
930 	1
931 	1
932 	1
933 	1
935 	1
938 	1
939 	1
942 	1
946 	1
948 	1
949 	1
950 	1
952 	1
956 	1
957 	1
958 	1
959 	1
963 	1
964 	1
965 	1
967 	1
971 	1
975 	1
979 	1
980 	1
981 	1
985 	1
987 	1
988 	1
990 	1
992 	1
994 	1
995 	1
996 	1
997 	1
999 	1
1000 	1
1004 	1
1005 	1
1008 	1
1009 	1
1012 	1
1013 	1
1014 	1
1015 	1
1016 	1
1017 	1
1020 	1
1024 	1
1025 	1
1027 	1
1032 	1
1033 	1
1036 	1
1039 	1
1043 	1
1046 	1
1049 	1
1050 	1
1052 	1
1053 	1
1054 	1
1055 	1
1056 	1
1058 	1
1063 	1
1065 	1
1066 	1
1068 	1
1069 	1
1070 	1
1071 	1
1075 	1
1076 	1
1077 	1
1078 	1
1082 	1
1084 	1
1085 	1
1086 	1
1091 	1
1093 	1
1094 	1
1099 	1
1107 	1
1109 	1
1113 	1
1115 	1
1116 	1
1118 	1
1119 	1
1124 	1
1126 	1
1131 	1
1132 	1
1134 	1
1136 	1
1141 	1
1143 	1
1151 	1
1156 	1
1158 	1
1161 	1
1166 	1
1167 	1
1169 	1
1172 	1
1173 	1
1175 	1
1176 	1
1178 	1
1180 	1
1184 	1
1185 	1
1186 	1
1189 	1
1191 	1
1192 	1
1193 	1
1195 	1
1196 	1
1198 	1
1199 	1
1200 	1
1201 	1
1202 	1
1203 	1
1204 	1
1206 	1
1208 	1
1209 	1
1212 	1
1213 	1
1214 	1
1218 	1
1220 	1
1221 	1
1222 	1
1225 	1
1228 	1
1234 	1
1235 	1
1237 	1
1238 	1
1239 	1
1241 	1
1242 	1
1244 	1
1245 	1
1246 	1
1249 	1
1250 	1
1251 	1
1252 	1
1253 	1
1254 	1
1257 	1
1259 	1
1260 	1
1261 	1
1262 	1
1263 	1
1267 	1
1269 	1
1272 	1
1274 	1
1278 	1
1282 	1
1283 	1
1284 	1
1286 	1
1288 	1
1289 	1
1290 	1
1291 	1
1292 	1
1296 	1
1299 	1
1301 	1
1305 	1
1309 	1
1310 	1
1313 	1
1315 	1
1323 	1
1327 	1
1328 	1
1331 	1
1332 	1
1333 	1
1335 	1
1337 	1
1341 	1
1342 	1
1345 	1
1346 	1
1347 	1
1348 	1
1350 	1
1351 	1
1352 	1
1355 	1
1359 	1
1364 	1
1365 	1
1366 	1
1368 	1
1370 	1
1373 	1
1374 	1
1378 	1
1381 	1
1383 	1
1384 	1
1385 	1
1386 	1
1388 	1
1391 	1
1395 	1
1396 	1
1398 	1
1403 	1
1404 	1
1405 	1
1410 	1
1411 	1
1412 	1
1416 	1
1419 	1
1421 	1
1422 	1
1425 	1
1426 	1
1428 	1
1430 	1
1431 	1
1433 	1
1435 	1
1436 	1
1437 	1
1438 	1
1439 	1
1444 	1
1445 	1
1450 	1
1453 	1
1455 	1
1456 	1
1460 	1
1461 	1
1462 	1
1463 	1
1465 	1
1466 	1
1469 	1
1470 	1
1473 	1
1474 	1
1476 	1
1478 	1
1479 	1
1480 	1
1481 	1
1482 	1
1485 	1
1488 	1
1489 	1
1490 	1
1495 	1
1496 	1
1497 	1
1498 	1
1500 	1
1501 	1
1502 	1
1508 	1
1510 	1
1512 	1
1513 	1
1515 	1
1518 	1
1520 	1
1522 	1
1523 	1
1525 	1
1528 	1
1529 	1
1531 	1
1532 	1
1533 	1
1534 	1
1537 	1
1538 	1
1541 	1
1543 	1
1544 	1
1547 	1
1548 	1
1549 	1
1551 	1
1553 	1
1555 	1
1560 	1
1563 	1
1566 	1
1567 	1
1568 	1
1569 	1
1570 	1
1571 	1
1572 	1
1574 	1
1577 	1
1580 	1
1581 	1
1582 	1
1585 	1
1586 	1
1588 	1
1591 	1
1593 	1
1594 	1
1595 	1
1596 	1
1597 	1
1603 	1
1605 	1
1606 	1
1608 	1
1609 	1
1610 	1
1611 	1
1613 	1
1614 	1
1616 	1
1617 	1
1618 	1
1619 	1
1620 	1
1622 	1
1623 	1
1624 	1
1627 	1
1630 	1
1631 	1
1632 	1
1635 	1
1637 	1
1639 	1
1641 	1
1642 	1
1645 	1
1646 	1
1653 	1
1654 	1
1655 	1
1656 	1
1657 	1
1660 	1
1663 	1
1665 	1
1670 	1
1677 	1
1680 	1
1685 	1
1689 	1
1691 	1
1692 	1
1693 	1
1695 	1
1697 	1
1699 	1
1703 	1
1704 	1
1708 	1
1713 	1
1717 	1
1719 	1
1720 	1
1721 	1
1722 	1
1723 	1
1725 	1
1729 	1
1731 	1
1733 	1
1734 	1
1739 	1
1740 	1
1741 	1
1744 	1
1745 	1
1747 	1
1751 	1
1752 	1
1755 	1
1759 	1
1761 	1
1763 	1
1765 	1
1767 	1
1770 	1
1771 	1
1772 	1
1776 	1
1779 	1
1781 	1
1782 	1
1785 	1
1786 	1
1790 	1
1798 	1
1801 	1
1802 	1
1804 	1
1805 	1
1807 	1
1808 	1
1809 	1
1810 	1
1811 	1
1816 	1
1817 	1
1819 	1
1820 	1
1821 	1
1822 	1
1823 	1
1824 	1
1825 	1
1827 	1
1832 	1
1834 	1
1843 	1
1844 	1
1845 	1
1847 	1
1850 	1
1851 	1
1852 	1
1853 	1
1856 	1
1858 	1
1859 	1
1860 	1
1863 	1
1865 	1
1869 	1
1870 	1
1871 	1
1873 	1
1875 	1
1876 	1
1877 	1
1879 	1
1885 	1
1886 	1
1887 	1
1888 	1
1890 	1
1892 	1
1897 	1
1898 	1
1901 	1
1902 	1
1906 	1
1910 	1
1911 	1
1912 	1
1914 	1
1915 	1
1916 	1
1917 	1
1921 	1
1922 	1
1923 	1
1925 	1
1926 	1
1927 	1
1928 	1
1930 	1
1931 	1
1937 	1
1939 	1
1944 	1
1945 	1
1946 	1
1947 	1
1950 	1
1952 	1
1953 	1
1955 	1
1956 	1
1957 	1
1958 	1
1960 	1
1961 	1
1964 	1
1965 	1
1966 	1
1968 	1
1969 	1
1970 	1
1971 	1
1972 	1
1973 	1
1974 	1
1975 	1
1976 	1
1979 	1
1981 	1
1982 	1
1983 	1
1984 	1
1986 	1
1987 	1
1988 	1
1989 	1
1990 	1
1991 	1
1996 	1
1997 	1
1999 	1
2000 	1
2001 	1
2004 	1
2006 	1
2008 	1
2009 	1
2010 	1
2011 	1
2012 	1
2013 	1
2014 	1
2015 	1
2016 	1
2017 	1
2020 	1
2022 	1
2023 	1
2024 	1
2028 	1
2029 	1
2030 	1
2032 	1
2037 	1
2038 	1
2039 	1
2044 	1
2045 	1
2048 	1
2049 	1
2050 	1
2052 	1
2054 	1
2056 	1
2058 	1
2059 	1
2060 	1
2061 	1
2063 	1
2067 	1
2068 	1
2069 	1
2071 	1
2073 	1
2075 	1
2079 	1
2080 	1
2081 	1
2083 	1
2087 	1
2091 	1
2093 	1
2094 	1
2095 	1
2096 	1
2097 	1
2098 	1
2099 	1
2101 	1
2103 	1
2104 	1
2106 	1
2109 	1
2110 	1
2112 	1
2113 	1
2114 	1
2115 	1
2117 	1
2121 	1
2122 	1
2123 	1
2126 	1
2127 	1
2128 	1
2129 	1
2130 	1
2131 	1
2136 	1
2137 	1
2142 	1
2145 	1
2147 	1
2151 	1
2152 	1
2153 	1
2154 	1
2156 	1
2158 	1
2159 	1
2160 	1
2164 	1
2165 	1
2166 	1
2167 	1
2168 	1
2169 	1
2172 	1
2174 	1
2176 	1
2180 	1
2183 	1
2185 	1
2189 	1
2196 	1
2199 	1
2200 	1
2201 	1
2203 	1
2205 	1
2206 	1
2208 	1
2209 	1
2210 	1
2211 	1
2215 	1
2217 	1
2219 	1
2221 	1
2222 	1
2224 	1
2226 	1
2227 	1
2230 	1
2231 	1
2232 	1
2233 	1
2234 	1
2235 	1
2237 	1
2239 	1
2240 	1
2241 	1
2244 	1
2245 	1
2248 	1
2249 	1
2253 	1
2258 	1
2259 	1
2260 	1
2262 	1
2263 	1
2264 	1
2265 	1
2266 	1
2267 	1
2268 	1
2269 	1
2270 	1
2271 	1
2272 	1
2273 	1
2275 	1
2276 	1
2277 	1
2279 	1
2282 	1
2286 	1
2287 	1
2288 	1
2289 	1
2290 	1
2291 	1
2294 	1
2297 	1
2298 	1
2300 	1
2302 	1
2308 	1
2311 	1
2316 	1
2318 	1
2319 	1
2321 	1
2323 	1
2324 	1
2325 	1
2326 	1
2329 	1
2330 	1
2331 	1
2333 	1
2334 	1
2335 	1
2336 	1
2337 	1
2338 	1
2339 	1
2341 	1
2342 	1
2347 	1
2352 	1
2354 	1
2355 	1
2362 	1
2363 	1
2364 	1
2365 	1
2367 	1
2370 	1
2373 	1
2375 	1
2380 	1
2382 	1
2383 	1
2387 	1
2388 	1
2390 	1
2391 	1
2392 	1
2393 	1
2396 	1
2398 	1
2400 	1
2401 	1
2402 	1
2403 	1
2409 	1
2410 	1
2411 	1
2412 	1
2413 	1
2414 	1
2416 	1
2419 	1
2424 	1
2426 	1
2428 	1
2430 	1
2431 	1
2432 	1
2433 	1
2434 	1
2436 	1
2437 	1
2438 	1
2439 	1
2441 	1
2442 	1
2444 	1
2446 	1
2452 	1
2453 	1
2455 	1
2458 	1
2459 	1
2461 	1
2462 	1
2463 	1
2465 	1
2468 	1
2469 	1
2470 	1
2471 	1
2472 	1
2473 	1
2476 	1
2481 	1
2483 	1
2484 	1
2485 	1
2489 	1
2490 	1
2491 	1
2492 	1
2493 	1
2495 	1
2497 	1
2504 	1
2505 	1
2506 	1
2510 	1
2517 	1
2521 	1
2522 	1
2527 	1
2531 	1
2533 	1
2536 	1
2539 	1
2540 	1
2541 	1
2546 	1
2548 	1
2550 	1
2553 	1
2554 	1
2555 	1
2557 	1
2560 	1
2562 	1
2563 	1
2566 	1
2567 	1
2569 	1
2577 	1
2578 	1
2580 	1
2583 	1
2584 	1
2588 	1
2591 	1
2592 	1
2594 	1
2596 	1
2597 	1
2599 	1
2600 	1
2604 	1
2605 	1
2606 	1
2607 	1
2611 	1
2613 	1
2616 	1
2620 	1
2621 	1
2622 	1
2623 	1
2624 	1
2626 	1
2627 	1
2628 	1
2629 	1
2632 	1
2634 	1
2636 	1
2637 	1
2639 	1
2641 	1
2642 	1
2644 	1
2648 	1
2650 	1
2653 	1
2657 	1
2659 	1
2660 	1
2663 	1
2665 	1
2666 	1
2667 	1
2668 	1
2669 	1
2670 	1
2675 	1
2676 	1
2677 	1
2679 	1
2680 	1
2683 	1
2686 	1
2689 	1
2692 	1
2693 	1
2697 	1
2699 	1
2704 	1
2705 	1
2706 	1
2709 	1
2711 	1
2714 	1
2715 	1
2716 	1
2717 	1
2719 	1
2720 	1
2722 	1
2724 	1
2726 	1
2729 	1
2731 	1
2732 	1
2737 	1
2738 	1
2741 	1
2744 	1
2746 	1
2748 	1
2754 	1
2756 	1
2757 	1
2758 	1
2759 	1
2761 	1
2764 	1
2765 	1
2766 	1
2767 	1
2769 	1
2774 	1
2778 	1
2780 	1
2782 	1
2785 	1
2787 	1
2788 	1
2789 	1
2791 	1
2792 	1
2793 	1
2794 	1
2795 	1
2796 	1
2799 	1
2801 	1
2803 	1
2804 	1
2805 	1
2806 	1
2809 	1
2810 	1
2812 	1
2813 	1
2815 	1
2817 	1
2819 	1
2821 	1
2827 	1
2828 	1
2831 	1
2833 	1
2834 	1
2835 	1
2838 	1
2839 	1
2843 	1
2844 	1
2847 	1
2848 	1
2850 	1
2853 	1
2854 	1
2855 	1
2857 	1
2858 	1
2861 	1
2863 	1
2864 	1
2869 	1
2871 	1
2874 	1
2876 	1
2877 	1
2878 	1
2879 	1
2880 	1
2882 	1
2884 	1
2886 	1
2887 	1
2889 	1
2891 	1
2892 	1
2899 	1
2900 	1
2902 	1
2904 	1
2906 	1
2907 	1
2909 	1
2910 	1
2911 	1
2913 	1
2914 	1
2917 	1
2918 	1
2920 	1
2921 	1
2923 	1
2925 	1
2926 	1
2929 	1
2932 	1
2935 	1
2940 	1
2942 	1
2945 	1
2949 	1
2952 	1
2953 	1
2954 	1
2955 	1
2957 	1
2958 	1
2960 	1
2962 	1
2963 	1
2964 	1
2965 	1
2966 	1
2969 	1
2970 	1
2973 	1
2975 	1
2977 	1
2979 	1
2982 	1
2983 	1
2985 	1
2986 	1
2988 	1
2989 	1
2990 	1
2991 	1
2996 	1
2997 	1
2999 	1
3000 	1
3001 	1
3002 	1
3004 	1
3005 	1
3006 	1
3007 	1
3008 	1
3009 	1
3011 	1
3015 	1
3016 	1
3017 	1
3020 	1
3021 	1
3022 	1
3023 	1
3024 	1
3025 	1
3028 	1
3029 	1
3031 	1
3033 	1
3037 	1
3040 	1
3041 	1
3044 	1
3049 	1
3050 	1
3051 	1
3053 	1
3054 	1
3055 	1
3058 	1
3059 	1
3061 	1
3062 	1
3065 	1
3066 	1
3070 	1
3074 	1
3075 	1
3076 	1
3079 	1
3082 	1
3084 	1
3085 	1
3086 	1
3088 	1
3090 	1
3092 	1
3097 	1
3098 	1
3099 	1
3100 	1
3102 	1
3103 	1
3106 	1
3108 	1
3110 	1
3112 	1
3113 	1
3115 	1
3116 	1
3117 	1
3118 	1
3119 	1
3120 	1
3121 	1
3123 	1
3125 	1
3127 	1
3131 	1
3134 	1
3135 	1
3137 	1
3139 	1
3140 	1
3145 	1
3147 	1
3148 	1
3154 	1
3157 	1
3160 	1
3162 	1
3163 	1
3165 	1
3166 	1
3167 	1
3169 	1
3171 	1
3172 	1
3176 	1
3177 	1
3178 	1
3179 	1
3181 	1
3186 	1
3187 	1
3188 	1
3189 	1
3190 	1
3192 	1
3194 	1
3197 	1
3198 	1
3201 	1
3205 	1
3209 	1
3210 	1
3212 	1
3215 	1
3216 	1
3217 	1
3220 	1
3222 	1
3224 	1
3230 	1
3232 	1
3233 	1
3234 	1
3236 	1
3237 	1
3240 	1
3242 	1
3243 	1
3248 	1
3249 	1
3250 	1
3251 	1
3252 	1
3254 	1
3256 	1
3258 	1
3260 	1
3261 	1
3262 	1
3265 	1
3268 	1
3269 	1
3270 	1
3272 	1
3273 	1
3275 	1
3277 	1
3278 	1
3281 	1
3282 	1
3283 	1
3286 	1
3287 	1
3292 	1
3293 	1
3295 	1
3297 	1
3298 	1
3299 	1
3301 	1
3306 	1
3307 	1
3311 	1
3312 	1
3318 	1
3319 	1
3322 	1
3329 	1
3336 	1
3337 	1
3338 	1
3339 	1
3341 	1
3344 	1
3345 	1
3347 	1
3348 	1
3349 	1
3350 	1
3351 	1
3353 	1
3354 	1
3355 	1
3356 	1
3357 	1
3362 	1
3363 	1
3364 	1
3365 	1
3367 	1
3368 	1
3372 	1
3373 	1
3376 	1
3378 	1
3380 	1
3381 	1
3388 	1
3391 	1
3392 	1
3394 	1
3395 	1
3396 	1
3397 	1
3398 	1
3400 	1
3401 	1
3402 	1
3404 	1
3410 	1
3411 	1
3412 	1
3415 	1
3418 	1
3419 	1
3420 	1
3422 	1
3424 	1
3426 	1
3427 	1
3428 	1
3430 	1
3431 	1
3433 	1
3435 	1
3437 	1
3439 	1
3440 	1
3441 	1
3446 	1
3448 	1
3450 	1
3454 	1
3455 	1
3460 	1
3461 	1
3464 	1
3465 	1
3466 	1
3468 	1
3470 	1
3472 	1
3476 	1
3477 	1
3478 	1
3480 	1
3481 	1
3482 	1
3487 	1
3490 	1
3492 	1
3493 	1
3495 	1
3496 	1
3499 	1
3500 	1
3501 	1
3505 	1
3508 	1
3509 	1
3510 	1
3512 	1
3513 	1
3517 	1
3519 	1
3521 	1
3523 	1
3524 	1
3525 	1
3526 	1
3527 	1
3531 	1
3534 	1
3535 	1
3537 	1
3539 	1
3541 	1
3544 	1
3547 	1
3548 	1
3549 	1
3550 	1
3552 	1
3553 	1
3555 	1
3557 	1
3559 	1
3560 	1
3563 	1
3564 	1
3566 	1
3567 	1
3568 	1
3569 	1
3570 	1
3572 	1
3573 	1
3574 	1
3575 	1
3577 	1
3579 	1
3582 	1
3583 	1
3585 	1
3586 	1
3587 	1
3591 	1
3594 	1
3595 	1
3596 	1
3599 	1
3600 	1
3602 	1
3603 	1
3604 	1
3608 	1
3610 	1
3612 	1
3613 	1
3614 	1
3615 	1
3617 	1
3618 	1
3625 	1
3626 	1
3630 	1
3631 	1
3632 	1
3635 	1
3639 	1
3640 	1
3642 	1
3643 	1
3646 	1
3649 	1
3651 	1
3652 	1
3653 	1
3654 	1
3659 	1
3660 	1
3662 	1
3664 	1
3665 	1
3667 	1
3668 	1
3671 	1
3674 	1
3675 	1
3676 	1
3677 	1
3679 	1
3680 	1
3683 	1
3686 	1
3690 	1
3691 	1
3692 	1
3693 	1
3694 	1
3695 	1
3698 	1
3700 	1
3701 	1
3703 	1
3705 	1
3707 	1
3710 	1
3712 	1
3713 	1
3718 	1
3722 	1
3723 	1
3728 	1
3730 	1
3731 	1
3732 	1
3733 	1
3734 	1
3737 	1
3738 	1
3741 	1
3742 	1
3743 	1
3744 	1
3747 	1
3748 	1
3749 	1
3750 	1
3751 	1
3753 	1
3754 	1
3757 	1
3759 	1
3760 	1
3761 	1
3763 	1
3766 	1
3770 	1
3772 	1
3773 	1
3774 	1
3775 	1
3780 	1
3781 	1
3785 	1
3786 	1
3788 	1
3791 	1
3793 	1
3794 	1
3796 	1
3800 	1
3801 	1
3805 	1
3809 	1
3813 	1
3814 	1
3815 	1
3819 	1
3821 	1
3824 	1
3825 	1
3829 	1
3830 	1
3831 	1
3834 	1
3838 	1
3839 	1
3841 	1
3845 	1
3850 	1
3851 	1
3853 	1
3854 	1
3855 	1
3857 	1
3858 	1
3859 	1
3860 	1
3862 	1
3864 	1
3865 	1
3866 	1
3871 	1
3873 	1
3874 	1
3876 	1
3883 	1
3885 	1
3886 	1
3887 	1
3890 	1
3895 	1
3902 	1
3903 	1
3905 	1
3906 	1
3907 	1
3911 	1
3912 	1
3915 	1
3919 	1
3920 	1
3924 	1
3925 	1
3927 	1
3933 	1
3934 	1
3935 	1
3936 	1
3937 	1
3938 	1
3939 	1
3942 	1
3944 	1
3945 	1
3948 	1
3949 	1
3950 	1
3956 	1
3957 	1
3958 	1
3960 	1
3962 	1
3965 	1
3966 	1
3969 	1
3972 	1
3973 	1
3974 	1
3977 	1
3979 	1
3981 	1
3982 	1
3984 	1
3986 	1
3987 	1
3988 	1
3990 	1
3991 	1
3992 	1
3993 	1
3995 	1
3996 	1
3998 	1
3999 	1
4000 	1
4001 	1
4006 	1
4009 	1
4010 	1
4011 	1
4012 	1
4014 	1
4015 	1
4016 	1
4018 	1
4024 	1
4026 	1
4029 	1
4030 	1
4033 	1
4037 	1
4038 	1
4039 	1
4042 	1
4043 	1
4045 	1
4046 	1
4047 	1
4052 	1
4053 	1
4054 	1
4055 	1
4056 	1
4057 	1
4058 	1
4060 	1
4063 	1
4064 	1
4068 	1
4069 	1
4070 	1
4073 	1
4075 	1
4079 	1
4080 	1
4081 	1
4085 	1
4086 	1
4088 	1
4089 	1
4091 	1
4092 	1
4093 	1
4095 	1
4096 	1
4097 	1
4099 	1
4100 	1
4101 	1
4102 	1
4103 	1
4105 	1
4108 	1
4109 	1
4111 	1
4112 	1
4113 	1
4117 	1
4119 	1
4123 	1
4125 	1
4127 	1
4130 	1
4133 	1
4136 	1
4138 	1
4140 	1
4143 	1
4144 	1
4146 	1
4150 	1
4151 	1
4157 	1
4158 	1
4161 	1
4162 	1
4166 	1
4167 	1
4168 	1
4170 	1
4171 	1
4175 	1
4177 	1
4178 	1
4179 	1
4180 	1
4181 	1
4184 	1
4187 	1
4188 	1
4193 	1
4194 	1
4200 	1
4201 	1
4205 	1
4209 	1
4214 	1
4219 	1
4220 	1
4221 	1
4222 	1
4224 	1
4227 	1
4228 	1
4230 	1
4231 	1
4232 	1
4234 	1
4235 	1
4239 	1
4243 	1
4246 	1
4247 	1
4248 	1
4249 	1
4251 	1
4252 	1
4253 	1
4257 	1
4258 	1
4259 	1
4261 	1
4262 	1
4264 	1
4265 	1
4268 	1
4271 	1
4273 	1
4275 	1
4277 	1
4280 	1
4281 	1
4283 	1
4285 	1
4286 	1
4288 	1
4289 	1
4290 	1
4292 	1
4294 	1
4298 	1
4299 	1
4300 	1
4303 	1
4304 	1
4305 	1
4308 	1
4310 	1
4311 	1
4313 	1
4315 	1
4321 	1
4323 	1
4324 	1
4329 	1
4330 	1
4333 	1
4335 	1
4336 	1
4338 	1
4340 	1
4345 	1
4349 	1
4350 	1
4355 	1
4357 	1
4360 	1
4361 	1
4362 	1
4363 	1
4367 	1
4368 	1
4369 	1
4372 	1
4376 	1
4378 	1
4379 	1
4380 	1
4384 	1
4385 	1
4393 	1
4394 	1
4395 	1
4396 	1
4398 	1
4399 	1
4402 	1
4404 	1
4405 	1
4406 	1
4409 	1
4410 	1
4414 	1
4415 	1
4417 	1
4420 	1
4421 	1
4422 	1
4425 	1
4427 	1
4429 	1
4432 	1
4437 	1
4441 	1
4442 	1
4443 	1
4446 	1
4447 	1
4449 	1
4451 	1
4456 	1
4457 	1
4458 	1
4459 	1
4460 	1
4464 	1
4465 	1
4467 	1
4468 	1
4469 	1
4472 	1
4474 	1
4479 	1
4480 	1
4485 	1
4486 	1
4487 	1
4488 	1
4490 	1
4493 	1
4498 	1
4500 	1
4502 	1
4504 	1
4505 	1
4508 	1
4511 	1
4513 	1
4514 	1
4515 	1
4517 	1
4519 	1
4520 	1
4526 	1
4527 	1
4528 	1
4530 	1
4532 	1
4534 	1
4536 	1
4537 	1
4538 	1
4539 	1
4542 	1
4544 	1
4545 	1
4548 	1
4553 	1
4558 	1
4560 	1
4561 	1
4568 	1
4569 	1
4571 	1
4574 	1
4575 	1
4576 	1
4577 	1
4582 	1
4584 	1
4585 	1
4587 	1
4588 	1
4592 	1
4598 	1
4599 	1
4602 	1
4603 	1
4604 	1
4605 	1
4606 	1
4607 	1
4610 	1
4611 	1
4612 	1
4617 	1
4618 	1
4620 	1
4621 	1
4622 	1
4626 	1
4628 	1
4630 	1
4632 	1
4634 	1
4636 	1
4638 	1
4639 	1
4640 	1
4642 	1
4646 	1
4648 	1
4649 	1
4650 	1
4651 	1
4653 	1
4654 	1
4655 	1
4656 	1
4657 	1
4659 	1
4667 	1
4669 	1
4670 	1
4671 	1
4672 	1
4674 	1
4675 	1
4678 	1
4679 	1
4680 	1
4681 	1
4684 	1
4686 	1
4691 	1
4692 	1
4693 	1
4694 	1
4697 	1
4698 	1
4699 	1
4703 	1
4704 	1
4705 	1
4707 	1
4710 	1
4713 	1
4714 	1
4715 	1
4716 	1
4717 	1
4718 	1
4722 	1
4723 	1
4724 	1
4726 	1
4727 	1
4729 	1
4731 	1
4732 	1
4733 	1
4736 	1
4739 	1
4740 	1
4741 	1
4742 	1
4743 	1
4744 	1
4747 	1
4749 	1
4750 	1
4753 	1
4765 	1
4766 	1
4767 	1
4769 	1
4770 	1
4778 	1
4779 	1
4781 	1
4782 	1
4784 	1
4786 	1
4788 	1
4789 	1
4791 	1
4792 	1
4793 	1
4795 	1
4798 	1
4800 	1
4803 	1
4805 	1
4806 	1
4808 	1
4810 	1
4813 	1
4814 	1
4816 	1
4818 	1
4822 	1
4825 	1
4827 	1
4830 	1
4831 	1
4832 	1
4833 	1
4834 	1
4835 	1
4838 	1
4839 	1
4840 	1
4841 	1
4842 	1
4843 	1
4844 	1
4845 	1
4847 	1
4848 	1
4849 	1
4851 	1
4852 	1
4853 	1
4856 	1
4858 	1
4859 	1
4861 	1
4864 	1
4865 	1
4867 	1
4869 	1
4871 	1
4873 	1
4876 	1
4879 	1
4881 	1
4882 	1
4884 	1
4887 	1
4891 	1
4892 	1
4894 	1
4896 	1
4897 	1
4899 	1
4900 	1
4901 	1
4902 	1
4903 	1
4904 	1
4905 	1
4906 	1
4911 	1
4912 	1
4913 	1
4915 	1
4918 	1
4919 	1
4920 	1
4922 	1
4923 	1
4924 	1
4927 	1
4928 	1
4929 	1
4930 	1
4934 	1
4935 	1
4936 	1
4937 	1
4938 	1
4939 	1
4940 	1
4942 	1
4944 	1
4946 	1
4947 	1
4948 	1
4950 	1
4951 	1
4952 	1
4953 	1
4954 	1
4958 	1
4962 	1
4963 	1
4964 	1
4965 	1
4966 	1
4967 	1
4968 	1
4969 	1
4974 	1
4975 	1
4981 	1
4982 	1
4986 	1
4988 	1
4990 	1
4992 	1
4993 	1
4994 	1
4998 	1
4999 	1
5000 	1
5001 	1
5002 	1
5005 	1
5006 	1
5007 	1
5008 	1
5009 	1
5017 	1
5018 	1
5021 	1
5025 	1
5027 	1
5028 	1
5029 	1
5033 	1
5034 	1
5042 	1
5043 	1
5044 	1
5047 	1
5048 	1
5051 	1
5052 	1
5054 	1
5055 	1
5056 	1
5057 	1
5058 	1
5062 	1
5065 	1
5069 	1
5071 	1
5072 	1
5073 	1
5075 	1
5077 	1
5078 	1
5080 	1
5081 	1
5082 	1
5084 	1
5086 	1
5088 	1
5089 	1
5092 	1
5093 	1
5095 	1
5096 	1
5100 	1
5101 	1
5103 	1
5105 	1
5110 	1
5112 	1
5115 	1
5116 	1
5117 	1
5118 	1
5121 	1
5122 	1
5125 	1
5127 	1
5137 	1
5138 	1
5143 	1
5144 	1
5147 	1
5149 	1
5153 	1
5156 	1
5157 	1
5159 	1
5162 	1
5163 	1
5164 	1
5165 	1
5166 	1
5167 	1
5168 	1
5173 	1
5175 	1
5176 	1
5177 	1
5178 	1
5182 	1
5184 	1
5185 	1
5186 	1
5188 	1
5190 	1
5192 	1
5195 	1
5203 	1
5204 	1
5205 	1
5208 	1
5210 	1
5211 	1
5212 	1
5213 	1
5216 	1
5217 	1
5218 	1
5227 	1
5230 	1
5233 	1
5237 	1
5240 	1
5241 	1
5242 	1
5247 	1
5250 	1
5252 	1
5258 	1
5260 	1
5261 	1
5264 	1
5265 	1
5268 	1
5275 	1
5277 	1
5280 	1
5281 	1
5282 	1
5283 	1
5284 	1
5285 	1
5286 	1
5287 	1
5288 	1
5289 	1
5291 	1
5293 	1
5295 	1
5297 	1
5299 	1
5301 	1
5304 	1
5306 	1
5307 	1
5310 	1
5311 	1
5313 	1
5314 	1
5315 	1
5320 	1
5324 	1
5327 	1
5329 	1
5331 	1
5334 	1
5335 	1
5336 	1
5337 	1
5338 	1
5341 	1
5344 	1
5345 	1
5350 	1
5351 	1
5352 	1
5354 	1
5356 	1
5360 	1
5364 	1
5366 	1
5368 	1
5369 	1
5372 	1
5374 	1
5382 	1
5383 	1
5384 	1
5385 	1
5386 	1
5391 	1
5394 	1
5397 	1
5401 	1
5402 	1
5403 	1
5408 	1
5409 	1
5411 	1
5412 	1
5413 	1
5414 	1
5417 	1
5418 	1
5419 	1
5420 	1
5422 	1
5425 	1
5426 	1
5428 	1
5429 	1
5430 	1
5431 	1
5433 	1
5434 	1
5436 	1
5437 	1
5438 	1
5440 	1
5441 	1
5442 	1
5445 	1
5448 	1
5450 	1
5456 	1
5457 	1
5461 	1
5465 	1
5468 	1
5469 	1
5471 	1
5473 	1
5475 	1
5476 	1
5478 	1
5480 	1
5482 	1
5483 	1
5484 	1
5485 	1
5489 	1
5491 	1
5493 	1
5494 	1
5496 	1
5497 	1
5499 	1
5502 	1
5503 	1
5507 	1
5508 	1
5513 	1
5517 	1
5518 	1
5523 	1
5525 	1
5530 	1
5532 	1
5533 	1
5536 	1
5538 	1
5539 	1
5540 	1
5541 	1
5542 	1
5543 	1
5550 	1
5551 	1
5552 	1
5554 	1
5558 	1
5561 	1
5564 	1
5565 	1
5569 	1
5571 	1
5572 	1
5573 	1
5574 	1
5576 	1
5578 	1
5579 	1
5581 	1
5584 	1
5588 	1
5590 	1
5593 	1
5594 	1
5595 	1
5600 	1
5602 	1
5603 	1
5606 	1
5607 	1
5609 	1
5614 	1
5617 	1
5618 	1
5619 	1
5620 	1
5621 	1
5622 	1
5628 	1
5630 	1
5633 	1
5634 	1
5636 	1
5638 	1
5639 	1
5640 	1
5641 	1
5642 	1
5646 	1
5647 	1
5649 	1
5651 	1
5655 	1
5658 	1
5660 	1
5661 	1
5662 	1
5664 	1
5665 	1
5666 	1
5667 	1
5668 	1
5669 	1
5671 	1
5673 	1
5676 	1
5677 	1
5679 	1
5680 	1
5681 	1
5683 	1
5685 	1
5686 	1
5691 	1
5692 	1
5694 	1
5696 	1
5697 	1
5698 	1
5699 	1
5702 	1
5703 	1
5705 	1
5706 	1
5707 	1
5708 	1
5709 	1
5710 	1
5711 	1
5712 	1
5714 	1
5715 	1
5720 	1
5721 	1
5723 	1
5724 	1
5726 	1
5728 	1
5730 	1
5731 	1
5732 	1
5733 	1
5734 	1
5735 	1
5737 	1
5739 	1
5742 	1
5743 	1
5745 	1
5749 	1
5750 	1
5751 	1
5753 	1
5754 	1
5756 	1
5757 	1
5759 	1
5761 	1
5763 	1
5764 	1
5765 	1
5766 	1
5771 	1
5773 	1
5775 	1
5777 	1
5779 	1
5781 	1
5788 	1
5790 	1
5791 	1
5793 	1
5794 	1
5795 	1
5798 	1
5799 	1
5803 	1
5804 	1
5805 	1
5806 	1
5809 	1
5810 	1
5811 	1
5813 	1
5816 	1
5817 	1
5819 	1
5822 	1
5823 	1
5824 	1
5827 	1
5829 	1
5830 	1
5832 	1
5835 	1
5839 	1
5840 	1
5841 	1
5842 	1
5843 	1
5844 	1
5845 	1
5848 	1
5850 	1
5854 	1
5861 	1
5864 	1
5867 	1
5868 	1
5870 	1
5873 	1
5874 	1
5875 	1
5878 	1
5880 	1
5882 	1
5884 	1
5885 	1
5886 	1
5887 	1
5889 	1
5890 	1
5893 	1
5894 	1
5896 	1
5899 	1
5900 	1
5901 	1
5904 	1
5905 	1
5907 	1
5910 	1
5913 	1
5914 	1
5917 	1
5918 	1
5920 	1
5921 	1
5924 	1
5927 	1
5928 	1
5929 	1
5933 	1
5937 	1
5939 	1
5941 	1
5945 	1
5949 	1
5950 	1
5951 	1
5952 	1
5956 	1
5958 	1
5960 	1
5965 	1
5969 	1
5970 	1
5973 	1
5975 	1
5976 	1
5977 	1
5978 	1
5980 	1
5984 	1
5985 	1
5986 	1
5988 	1
5993 	1
5998 	1
5999 	1
6000 	1
6001 	1
6002 	1
6004 	1
6006 	1
6008 	1
6012 	1
6016 	1
6021 	1
6023 	1
6024 	1
6026 	1
6028 	1
6029 	1
6031 	1
6033 	1
6034 	1
6036 	1
6037 	1
6042 	1
6043 	1
6047 	1
6049 	1
6050 	1
6051 	1
6052 	1
6053 	1
6055 	1
6057 	1
6059 	1
6061 	1
6062 	1
6064 	1
6065 	1
6067 	1
6070 	1
6072 	1
6075 	1
6076 	1
6077 	1
6079 	1
6080 	1
6082 	1
6083 	1
6084 	1
6087 	1
6091 	1
6093 	1
6094 	1
6095 	1
6096 	1
6097 	1
6098 	1
6099 	1
6101 	1
6102 	1
6104 	1
6105 	1
6107 	1
6108 	1
6109 	1
6111 	1
6116 	1
6118 	1
6119 	1
6125 	1
6135 	1
6136 	1
6137 	1
6138 	1
6139 	1
6142 	1
6144 	1
6148 	1
6149 	1
6150 	1
6153 	1
6156 	1
6157 	1
6159 	1
6162 	1
6163 	1
6164 	1
6171 	1
6172 	1
6174 	1
6176 	1
6177 	1
6180 	1
6182 	1
6183 	1
6186 	1
6190 	1
6191 	1
6192 	1
6193 	1
6194 	1
6195 	1
6198 	1
6199 	1
6200 	1
6201 	1
6202 	1
6204 	1
6205 	1
6206 	1
6211 	1
6213 	1
6215 	1
6216 	1
6218 	1
6219 	1
6221 	1
6222 	1
6225 	1
6226 	1
6227 	1
6228 	1
6229 	1
6230 	1
6240 	1
6244 	1
6246 	1
6248 	1
6250 	1
6251 	1
6257 	1
6258 	1
6260 	1
6264 	1
6268 	1
6270 	1
6271 	1
6272 	1
6275 	1
6276 	1
6277 	1
6278 	1
6280 	1
6284 	1
6287 	1
6288 	1
6289 	1
6290 	1
6291 	1
6294 	1
6295 	1
6296 	1
6300 	1
6302 	1
6303 	1
6305 	1
6307 	1
6308 	1
6311 	1
6313 	1
6315 	1
6318 	1
6320 	1
6323 	1
6325 	1
6326 	1
6328 	1
6329 	1
6331 	1
6332 	1
6333 	1
6334 	1
6338 	1
6341 	1
6343 	1
6347 	1
6348 	1
6350 	1
6357 	1
6358 	1
6359 	1
6365 	1
6366 	1
6367 	1
6368 	1
6369 	1
6372 	1
6373 	1
6375 	1
6377 	1
6380 	1
6382 	1
6386 	1
6393 	1
6394 	1
6395 	1
6397 	1
6398 	1
6399 	1
6401 	1
6403 	1
6408 	1
6409 	1
6414 	1
6420 	1
6421 	1
6423 	1
6424 	1
6426 	1
6427 	1
6429 	1
6433 	1
6434 	1
6435 	1
6437 	1
6442 	1
6445 	1
6451 	1
6455 	1
6459 	1
6460 	1
6462 	1
6464 	1
6466 	1
6467 	1
6468 	1
6469 	1
6470 	1
6477 	1
6484 	1
6488 	1
6491 	1
6492 	1
6493 	1
6495 	1
6496 	1
6497 	1
6499 	1
6501 	1
6504 	1
6505 	1
6507 	1
6508 	1
6509 	1
6512 	1
6513 	1
6514 	1
6515 	1
6518 	1
6524 	1
6525 	1
6526 	1
6527 	1
6528 	1
6531 	1
6535 	1
6538 	1
6539 	1
6541 	1
6542 	1
6543 	1
6544 	1
6546 	1
6547 	1
6548 	1
6551 	1
6552 	1
6554 	1
6555 	1
6557 	1
6559 	1
6563 	1
6564 	1
6567 	1
6569 	1
6570 	1
6574 	1
6581 	1
6582 	1
6584 	1
6587 	1
6590 	1
6591 	1
6594 	1
6595 	1
6596 	1
6598 	1
6602 	1
6604 	1
6605 	1
6606 	1
6609 	1
6610 	1
6611 	1
6616 	1
6617 	1
6619 	1
6621 	1
6623 	1
6629 	1
6630 	1
6631 	1
6633 	1
6634 	1
6636 	1
6638 	1
6639 	1
6640 	1
6642 	1
6645 	1
6649 	1
6653 	1
6656 	1
6660 	1
6666 	1
6667 	1
6669 	1
6670 	1
6671 	1
6673 	1
6678 	1
6679 	1
6680 	1
6685 	1
6687 	1
6688 	1
6690 	1
6691 	1
6693 	1
6698 	1
6699 	1
6701 	1
6702 	1
6704 	1
6705 	1
6707 	1
6709 	1
6710 	1
6712 	1
6716 	1
6718 	1
6719 	1
6720 	1
6722 	1
6723 	1
6724 	1
6728 	1
6729 	1
6730 	1
6731 	1
6734 	1
6738 	1
6739 	1
6740 	1
6742 	1
6743 	1
6744 	1
6745 	1
6747 	1
6748 	1
6750 	1
6751 	1
6753 	1
6759 	1
6760 	1
6762 	1
6765 	1
6770 	1
6771 	1
6772 	1
6773 	1
6775 	1
6776 	1
6778 	1
6779 	1
6780 	1
6783 	1
6784 	1
6788 	1
6789 	1
6790 	1
6791 	1
6796 	1
6799 	1
6804 	1
6805 	1
6807 	1
6808 	1
6810 	1
6811 	1
6812 	1
6813 	1
6816 	1
6818 	1
6819 	1
6821 	1
6822 	1
6824 	1
6825 	1
6826 	1
6827 	1
6828 	1
6830 	1
6831 	1
6832 	1
6835 	1
6838 	1
6839 	1
6840 	1
6841 	1
6843 	1
6845 	1
6846 	1
6849 	1
6851 	1
6852 	1
6853 	1
6854 	1
6858 	1
6859 	1
6861 	1
6862 	1
6866 	1
6868 	1
6870 	1
6871 	1
6874 	1
6875 	1
6877 	1
6878 	1
6880 	1
6881 	1
6884 	1
6885 	1
6886 	1
6887 	1
6888 	1
6891 	1
6893 	1
6894 	1
6895 	1
6897 	1
6898 	1
6899 	1
6901 	1
6902 	1
6906 	1
6907 	1
6908 	1
6909 	1
6910 	1
6911 	1
6912 	1
6914 	1
6922 	1
6923 	1
6924 	1
6925 	1
6929 	1
6931 	1
6932 	1
6934 	1
6940 	1
6943 	1
6947 	1
6949 	1
6951 	1
6954 	1
6960 	1
6961 	1
6962 	1
6963 	1
6967 	1
6968 	1
6969 	1
6970 	1
6972 	1
6973 	1
6975 	1
6978 	1
6982 	1
6987 	1
6989 	1
6990 	1
6991 	1
6992 	1
6993 	1
6995 	1
6996 	1
7000 	1
7003 	1
7004 	1
7005 	1
7006 	1
7008 	1
7013 	1
7015 	1
7016 	1
7017 	1
7019 	1
7023 	1
7024 	1
7025 	1
7026 	1
7029 	1
7031 	1
7035 	1
7037 	1
7038 	1
7040 	1
7042 	1
7043 	1
7045 	1
7047 	1
7048 	1
7052 	1
7053 	1
7056 	1
7057 	1
7058 	1
7061 	1
7066 	1
7068 	1
7069 	1
7071 	1
7072 	1
7076 	1
7077 	1
7080 	1
7081 	1
7086 	1
7088 	1
7089 	1
7092 	1
7094 	1
7095 	1
7096 	1
7097 	1
7098 	1
7101 	1
7103 	1
7104 	1
7105 	1
7107 	1
7108 	1
7112 	1
7113 	1
7114 	1
7116 	1
7118 	1
7120 	1
7122 	1
7125 	1
7127 	1
7128 	1
7131 	1
7139 	1
7144 	1
7145 	1
7149 	1
7151 	1
7152 	1
7154 	1
7155 	1
7157 	1
7158 	1
7160 	1
7161 	1
7163 	1
7164 	1
7167 	1
7168 	1
7170 	1
7171 	1
7172 	1
7176 	1
7178 	1
7179 	1
7180 	1
7181 	1
7185 	1
7187 	1
7189 	1
7191 	1
7192 	1
7193 	1
7196 	1
7197 	1
7198 	1
7202 	1
7203 	1
7205 	1
7206 	1
7208 	1
7209 	1
7210 	1
7212 	1
7214 	1
7215 	1
7218 	1
7219 	1
7221 	1
7222 	1
7223 	1
7226 	1
7228 	1
7231 	1
7233 	1
7234 	1
7237 	1
7238 	1
7241 	1
7246 	1
7248 	1
7249 	1
7252 	1
7253 	1
7255 	1
7256 	1
7257 	1
7260 	1
7261 	1
7262 	1
7263 	1
7265 	1
7267 	1
7268 	1
7269 	1
7270 	1
7271 	1
7273 	1
7277 	1
7280 	1
7285 	1
7286 	1
7287 	1
7291 	1
7292 	1
7294 	1
7296 	1
7297 	1
7298 	1
7300 	1
7302 	1
7303 	1
7304 	1
7305 	1
7308 	1
7309 	1
7310 	1
7311 	1
7313 	1
7314 	1
7319 	1
7322 	1
7329 	1
7331 	1
7332 	1
7334 	1
7337 	1
7342 	1
7346 	1
7347 	1
7349 	1
7352 	1
7355 	1
7356 	1
7359 	1
7362 	1
7363 	1
7365 	1
7368 	1
7375 	1
7377 	1
7378 	1
7380 	1
7383 	1
7385 	1
7386 	1
7387 	1
7391 	1
7392 	1
7393 	1
7397 	1
7401 	1
7405 	1
7406 	1
7407 	1
7409 	1
7410 	1
7413 	1
7414 	1
7416 	1
7420 	1
7423 	1
7424 	1
7425 	1
7426 	1
7428 	1
7430 	1
7432 	1
7433 	1
7434 	1
7437 	1
7443 	1
7445 	1
7447 	1
7448 	1
7449 	1
7450 	1
7455 	1
7463 	1
7465 	1
7466 	1
7467 	1
7469 	1
7470 	1
7472 	1
7473 	1
7474 	1
7481 	1
7482 	1
7483 	1
7484 	1
7485 	1
7488 	1
7493 	1
7494 	1
7495 	1
7496 	1
7497 	1
7499 	1
7501 	1
7502 	1
7504 	1
7505 	1
7508 	1
7509 	1
7511 	1
7512 	1
7514 	1
7515 	1
7516 	1
7518 	1
7519 	1
7522 	1
7527 	1
7528 	1
7530 	1
7534 	1
7536 	1
7537 	1
7538 	1
7541 	1
7542 	1
7546 	1
7547 	1
7552 	1
7557 	1
7558 	1
7560 	1
7561 	1
7563 	1
7564 	1
7569 	1
7575 	1
7576 	1
7578 	1
7579 	1
7580 	1
7582 	1
7584 	1
7585 	1
7587 	1
7589 	1
7590 	1
7591 	1
7592 	1
7593 	1
7596 	1
7597 	1
7598 	1
7599 	1
7600 	1
7603 	1
7610 	1
7613 	1
7615 	1
7616 	1
7617 	1
7622 	1
7625 	1
7628 	1
7630 	1
7631 	1
7634 	1
7635 	1
7637 	1
7640 	1
7642 	1
7643 	1
7646 	1
7649 	1
7650 	1
7651 	1
7653 	1
7655 	1
7657 	1
7659 	1
7664 	1
7668 	1
7669 	1
7670 	1
7672 	1
7673 	1
7676 	1
7679 	1
7680 	1
7681 	1
7682 	1
7683 	1
7685 	1
7686 	1
7687 	1
7688 	1
7689 	1
7693 	1
7697 	1
7701 	1
7705 	1
7707 	1
7710 	1
7711 	1
7714 	1
7718 	1
7719 	1
7720 	1
7732 	1
7734 	1
7738 	1
7739 	1
7741 	1
7742 	1
7744 	1
7746 	1
7747 	1
7749 	1
7750 	1
7752 	1
7753 	1
7754 	1
7755 	1
7758 	1
7760 	1
7761 	1
7762 	1
7764 	1
7766 	1
7768 	1
7770 	1
7772 	1
7773 	1
7776 	1
7777 	1
7778 	1
7782 	1
7783 	1
7786 	1
7787 	1
7788 	1
7789 	1
7793 	1
7795 	1
7798 	1
7799 	1
7801 	1
7802 	1
7803 	1
7807 	1
7810 	1
7811 	1
7815 	1
7817 	1
7819 	1
7821 	1
7822 	1
7827 	1
7828 	1
7832 	1
7835 	1
7840 	1
7842 	1
7844 	1
7845 	1
7849 	1
7850 	1
7853 	1
7855 	1
7856 	1
7857 	1
7864 	1
7869 	1
7873 	1
7875 	1
7878 	1
7880 	1
7881 	1
7884 	1
7888 	1
7889 	1
7890 	1
7891 	1
7892 	1
7899 	1
7900 	1
7901 	1
7902 	1
7904 	1
7905 	1
7909 	1
7910 	1
7914 	1
7915 	1
7916 	1
7922 	1
7923 	1
7929 	1
7932 	1
7934 	1
7935 	1
7937 	1
7938 	1
7942 	1
7944 	1
7947 	1
7950 	1
7951 	1
7954 	1
7957 	1
7961 	1
7963 	1
7964 	1
7968 	1
7969 	1
7970 	1
7972 	1
7973 	1
7974 	1
7975 	1
7979 	1
7981 	1
7982 	1
7984 	1
7985 	1
7987 	1
7988 	1
7990 	1
7992 	1
7994 	1
7998 	1
7999 	1
8004 	1
8008 	1
8010 	1
8011 	1
8012 	1
8013 	1
8014 	1
8015 	1
8016 	1
8020 	1
8021 	1
8023 	1
8026 	1
8027 	1
8029 	1
8035 	1
8037 	1
8039 	1
8041 	1
8042 	1
8044 	1
8046 	1
8047 	1
8050 	1
8051 	1
8053 	1
8054 	1
8058 	1
8062 	1
8064 	1
8065 	1
8067 	1
8068 	1
8071 	1
8072 	1
8075 	1
8077 	1
8079 	1
8080 	1
8081 	1
8086 	1
8087 	1
8091 	1
8092 	1
8095 	1
8101 	1
8102 	1
8103 	1
8107 	1
8108 	1
8109 	1
8110 	1
8111 	1
8113 	1
8116 	1
8117 	1
8120 	1
8122 	1
8123 	1
8124 	1
8125 	1
8127 	1
8129 	1
8130 	1
8133 	1
8134 	1
8135 	1
8139 	1
8142 	1
8143 	1
8145 	1
8146 	1
8149 	1
8152 	1
8155 	1
8158 	1
8163 	1
8166 	1
8167 	1
8168 	1
8169 	1
8171 	1
8172 	1
8174 	1
8177 	1
8178 	1
8179 	1
8180 	1
8181 	1
8182 	1
8184 	1
8190 	1
8191 	1
8193 	1
8194 	1
8200 	1
8201 	1
8203 	1
8204 	1
8205 	1
8207 	1
8210 	1
8213 	1
8216 	1
8217 	1
8219 	1
8223 	1
8224 	1
8226 	1
8227 	1
8228 	1
8229 	1
8230 	1
8235 	1
8237 	1
8238 	1
8242 	1
8243 	1
8249 	1
8252 	1
8253 	1
8254 	1
8255 	1
8258 	1
8260 	1
8261 	1
8262 	1
8263 	1
8264 	1
8267 	1
8269 	1
8272 	1
8276 	1
8278 	1
8279 	1
8284 	1
8287 	1
8289 	1
8292 	1
8293 	1
8297 	1
8300 	1
8304 	1
8309 	1
8311 	1
8312 	1
8313 	1
8314 	1
8315 	1
8318 	1
8319 	1
8323 	1
8325 	1
8329 	1
8334 	1
8336 	1
8337 	1
8338 	1
8339 	1
8340 	1
8341 	1
8342 	1
8343 	1
8344 	1
8345 	1
8346 	1
8348 	1
8349 	1
8353 	1
8355 	1
8356 	1
8357 	1
8359 	1
8360 	1
8361 	1
8362 	1
8363 	1
8364 	1
8365 	1
8366 	1
8370 	1
8373 	1
8375 	1
8379 	1
8381 	1
8382 	1
8384 	1
8386 	1
8389 	1
8393 	1
8395 	1
8396 	1
8398 	1
8399 	1
8400 	1
8402 	1
8403 	1
8405 	1
8407 	1
8408 	1
8409 	1
8410 	1
8414 	1
8415 	1
8416 	1
8417 	1
8421 	1
8422 	1
8423 	1
8424 	1
8426 	1
8427 	1
8432 	1
8433 	1
8435 	1
8437 	1
8438 	1
8439 	1
8440 	1
8443 	1
8445 	1
8446 	1
8448 	1
8450 	1
8451 	1
8452 	1
8453 	1
8455 	1
8457 	1
8461 	1
8464 	1
8467 	1
8468 	1
8469 	1
8470 	1
8471 	1
8477 	1
8481 	1
8482 	1
8483 	1
8484 	1
8486 	1
8491 	1
8492 	1
8493 	1
8494 	1
8495 	1
8497 	1
8498 	1
8501 	1
8504 	1
8505 	1
8507 	1
8509 	1
8511 	1
8512 	1
8513 	1
8514 	1
8516 	1
8517 	1
8518 	1
8519 	1
8520 	1
8522 	1
8524 	1
8525 	1
8527 	1
8528 	1
8529 	1
8530 	1
8533 	1
8536 	1
8539 	1
8541 	1
8544 	1
8545 	1
8548 	1
8550 	1
8555 	1
8557 	1
8558 	1
8559 	1
8560 	1
8561 	1
8562 	1
8564 	1
8565 	1
8570 	1
8584 	1
8585 	1
8589 	1
8591 	1
8592 	1
8598 	1
8599 	0.59156820623
