Number of items 	Total Weight 	Total Profit 
1738 	497963.75 	117373.863836 


Total time: 0.0573689937592 s
Average time: 0.0143427252769 s
Last call: 1.90734863281e-06 s
Stamp 1 of the total: 0h 0m 0s 57ms 57368\u00B5s
Stamp 2 of the total: 00:00:00.0057
Pattern that ignores zeros:
57ms 57368\u00B5s
0057

Item    Fraction

2 	1
4 	1
6 	1
8 	1
11 	1
16 	1
19 	1
20 	1
23 	1
26 	1
27 	1
28 	1
31 	1
33 	1
35 	1
41 	1
43 	1
54 	1
55 	1
63 	1
67 	1
68 	1
72 	1
73 	1
74 	1
78 	1
79 	1
81 	1
82 	1
84 	1
86 	1
92 	1
95 	1
98 	1
99 	1
102 	1
103 	1
105 	1
106 	1
108 	1
111 	1
112 	1
113 	1
114 	1
118 	1
119 	1
122 	1
124 	1
126 	1
128 	1
132 	1
134 	1
136 	1
138 	1
141 	1
142 	1
144 	1
148 	1
150 	1
152 	1
153 	1
154 	1
155 	1
156 	1
157 	1
158 	1
163 	1
165 	1
166 	1
167 	1
169 	1
170 	1
172 	1
176 	1
177 	1
182 	1
185 	1
188 	1
189 	1
190 	1
193 	1
194 	1
196 	1
197 	1
199 	1
201 	1
202 	1
205 	1
206 	1
209 	1
210 	1
212 	1
213 	1
217 	1
218 	1
220 	1
221 	1
223 	1
225 	1
226 	1
227 	1
228 	1
229 	1
230 	1
233 	1
234 	1
238 	1
240 	1
242 	1
243 	1
244 	1
248 	1
254 	1
256 	1
257 	1
259 	1
260 	1
261 	1
262 	1
263 	1
265 	1
267 	1
268 	1
269 	1
270 	1
271 	1
273 	1
277 	1
279 	1
282 	1
283 	1
286 	1
287 	1
288 	1
290 	1
292 	1
293 	1
294 	1
295 	1
300 	1
301 	1
302 	1
304 	1
306 	1
309 	1
310 	1
312 	1
317 	1
318 	1
319 	1
327 	1
328 	1
330 	1
334 	1
335 	1
336 	1
337 	1
338 	1
340 	1
342 	1
343 	1
344 	1
347 	1
348 	1
351 	1
355 	1
357 	1
359 	1
361 	1
365 	1
367 	1
368 	1
369 	1
370 	1
371 	1
372 	1
375 	1
377 	1
379 	1
380 	1
384 	1
385 	1
386 	1
391 	1
395 	1
397 	1
401 	1
402 	1
403 	1
404 	1
406 	1
413 	1
415 	1
418 	1
420 	1
422 	1
423 	1
424 	1
426 	1
427 	1
428 	1
429 	1
433 	1
435 	1
443 	1
444 	1
445 	1
446 	1
447 	1
448 	1
449 	1
456 	1
458 	1
461 	1
462 	1
467 	1
469 	1
470 	1
471 	1
472 	1
478 	1
480 	1
481 	1
482 	1
485 	1
486 	1
487 	1
488 	1
493 	1
495 	1
499 	1
506 	1
507 	1
510 	1
518 	1
521 	1
522 	1
523 	1
525 	1
527 	1
530 	1
533 	1
534 	1
539 	1
541 	1
543 	1
544 	1
545 	1
547 	1
551 	1
553 	1
554 	1
558 	1
559 	1
564 	1
566 	1
568 	1
574 	1
577 	1
583 	1
587 	1
590 	1
592 	1
594 	1
595 	1
596 	1
601 	1
607 	1
608 	1
609 	1
610 	1
613 	1
616 	1
621 	1
623 	1
629 	1
633 	1
637 	1
638 	1
639 	1
643 	1
644 	1
646 	1
649 	1
650 	1
652 	1
653 	1
654 	1
660 	1
661 	1
666 	1
671 	1
672 	1
675 	1
676 	1
677 	1
678 	1
680 	1
681 	1
682 	1
684 	1
686 	1
689 	1
692 	1
693 	1
694 	1
698 	1
700 	1
701 	1
704 	1
706 	1
707 	1
708 	1
709 	1
714 	1
715 	1
716 	1
718 	1
719 	1
720 	1
721 	1
723 	1
726 	1
728 	1
730 	1
734 	1
739 	1
740 	1
743 	1
745 	1
746 	1
748 	1
751 	1
754 	1
755 	1
757 	1
758 	1
759 	1
765 	1
770 	1
773 	1
775 	1
776 	1
778 	1
785 	1
786 	1
787 	1
793 	1
794 	1
795 	1
797 	1
799 	1
800 	1
804 	1
805 	1
806 	1
812 	1
813 	1
815 	1
818 	1
820 	1
824 	1
829 	1
830 	1
832 	1
835 	1
836 	1
837 	1
841 	1
842 	1
844 	1
845 	1
846 	1
847 	1
848 	1
849 	1
852 	1
855 	1
856 	1
857 	1
859 	1
860 	1
862 	1
863 	1
864 	1
868 	1
870 	1
872 	1
874 	1
877 	1
878 	1
879 	1
880 	1
883 	1
886 	1
888 	1
891 	1
892 	1
893 	1
895 	1
899 	1
900 	1
903 	1
905 	1
906 	1
908 	1
909 	1
910 	1
911 	1
912 	1
914 	1
915 	1
917 	1
919 	1
920 	1
922 	1
926 	1
927 	1
929 	1
934 	1
938 	1
940 	1
943 	1
946 	1
947 	1
948 	1
950 	1
951 	1
953 	1
956 	1
957 	1
958 	1
960 	1
962 	1
963 	1
964 	1
965 	1
966 	1
967 	1
969 	1
970 	1
971 	1
972 	1
973 	1
974 	1
976 	1
981 	1
984 	1
985 	1
986 	1
987 	1
988 	1
989 	1
990 	1
993 	1
999 	1
1001 	1
1002 	1
1008 	1
1018 	1
1020 	1
1021 	1
1022 	1
1025 	1
1026 	1
1027 	1
1028 	1
1029 	1
1033 	1
1035 	1
1036 	1
1039 	1
1040 	1
1048 	1
1052 	1
1053 	1
1054 	1
1056 	1
1059 	1
1064 	1
1065 	1
1068 	1
1070 	1
1071 	1
1074 	1
1075 	1
1077 	1
1078 	1
1079 	1
1080 	1
1083 	1
1084 	1
1087 	1
1090 	1
1091 	1
1095 	1
1096 	1
1098 	1
1100 	1
1102 	1
1103 	1
1107 	1
1108 	1
1115 	1
1116 	1
1117 	1
1118 	1
1119 	1
1127 	1
1130 	1
1131 	1
1132 	1
1133 	1
1134 	1
1137 	1
1138 	1
1140 	1
1143 	1
1146 	1
1150 	1
1152 	1
1153 	1
1157 	1
1158 	1
1160 	1
1162 	1
1165 	1
1166 	1
1168 	1
1171 	1
1172 	1
1174 	1
1175 	1
1177 	1
1178 	1
1180 	1
1183 	1
1185 	1
1191 	1
1193 	1
1194 	1
1197 	1
1199 	1
1200 	1
1201 	1
1203 	1
1207 	1
1210 	1
1214 	1
1215 	1
1216 	1
1217 	1
1218 	1
1221 	1
1223 	1
1227 	1
1229 	1
1230 	1
1231 	1
1238 	1
1239 	1
1240 	1
1244 	1
1246 	1
1248 	1
1249 	1
1250 	1
1258 	1
1260 	1
1262 	1
1265 	1
1266 	1
1267 	1
1268 	1
1269 	1
1270 	1
1271 	1
1272 	1
1280 	1
1283 	1
1285 	1
1286 	1
1291 	1
1295 	1
1296 	1
1297 	1
1303 	1
1308 	1
1310 	1
1314 	1
1321 	1
1324 	1
1326 	1
1328 	1
1337 	1
1343 	1
1347 	1
1353 	1
1355 	1
1361 	1
1365 	1
1366 	1
1367 	1
1368 	1
1370 	1
1372 	1
1373 	1
1376 	1
1380 	1
1384 	1
1386 	1
1387 	1
1388 	1
1389 	1
1390 	1
1393 	1
1396 	1
1400 	1
1402 	1
1403 	1
1404 	1
1406 	1
1408 	1
1409 	1
1410 	1
1413 	1
1417 	1
1418 	1
1419 	1
1420 	1
1421 	1
1422 	1
1423 	1
1424 	1
1426 	1
1427 	1
1431 	1
1432 	1
1433 	1
1435 	1
1436 	1
1437 	1
1443 	1
1447 	1
1448 	1
1449 	1
1451 	1
1455 	1
1458 	1
1463 	1
1465 	1
1469 	1
1476 	1
1477 	1
1482 	1
1490 	1
1492 	1
1493 	1
1494 	1
1495 	1
1498 	1
1501 	1
1503 	1
1504 	1
1506 	1
1508 	1
1510 	1
1511 	1
1514 	1
1517 	1
1522 	1
1523 	1
1526 	1
1529 	1
1530 	1
1531 	1
1534 	1
1537 	1
1538 	1
1542 	1
1545 	1
1547 	1
1549 	1
1553 	1
1554 	1
1557 	1
1558 	1
1563 	1
1565 	1
1568 	1
1571 	1
1572 	1
1574 	1
1576 	1
1578 	1
1580 	1
1583 	1
1584 	1
1585 	1
1590 	1
1592 	1
1596 	1
1598 	1
1599 	1
1601 	1
1604 	1
1606 	1
1607 	1
1608 	1
1610 	1
1614 	1
1615 	1
1616 	1
1618 	1
1626 	1
1627 	1
1629 	1
1633 	1
1638 	1
1642 	1
1648 	1
1650 	1
1664 	1
1665 	1
1666 	1
1670 	1
1672 	1
1673 	1
1675 	1
1677 	1
1678 	1
1683 	1
1684 	1
1685 	1
1691 	1
1693 	1
1699 	1
1701 	1
1703 	1
1705 	1
1707 	1
1709 	1
1711 	1
1712 	1
1713 	1
1715 	1
1717 	1
1727 	1
1728 	1
1731 	1
1738 	1
1739 	1
1741 	1
1747 	1
1749 	1
1751 	1
1752 	1
1753 	1
1754 	1
1755 	1
1756 	1
1761 	1
1764 	1
1765 	1
1766 	1
1768 	1
1772 	1
1775 	1
1777 	1
1796 	1
1797 	1
1799 	1
1803 	1
1804 	1
1805 	1
1806 	1
1808 	1
1811 	1
1812 	1
1813 	1
1816 	1
1817 	1
1819 	1
1821 	1
1828 	1
1831 	1
1832 	1
1833 	1
1834 	1
1837 	1
1840 	1
1841 	1
1846 	1
1848 	1
1851 	1
1852 	1
1855 	1
1856 	1
1857 	1
1858 	1
1860 	1
1862 	1
1864 	1
1867 	1
1875 	1
1876 	1
1879 	1
1880 	1
1881 	1
1882 	1
1883 	1
1884 	1
1885 	1
1886 	1
1888 	1
1890 	1
1891 	1
1892 	1
1893 	1
1895 	1
1896 	1
1897 	1
1898 	1
1900 	1
1901 	1
1902 	1
1904 	1
1905 	1
1906 	1
1907 	1
1908 	1
1917 	1
1924 	1
1927 	1
1928 	1
1931 	1
1934 	1
1935 	1
1937 	1
1939 	1
1942 	1
1943 	1
1945 	1
1946 	1
1952 	1
1954 	1
1956 	1
1959 	1
1960 	1
1963 	1
1964 	1
1965 	1
1967 	1
1969 	1
1971 	1
1974 	1
1981 	1
1983 	1
1985 	1
1986 	1
1988 	1
1993 	1
2000 	1
2003 	1
2004 	1
2008 	1
2009 	1
2011 	1
2013 	1
2016 	1
2017 	1
2020 	1
2026 	1
2028 	1
2029 	1
2032 	1
2033 	1
2041 	1
2043 	1
2047 	1
2049 	1
2052 	1
2056 	1
2059 	1
2060 	1
2062 	1
2063 	1
2066 	1
2067 	1
2069 	1
2070 	1
2071 	1
2075 	1
2077 	1
2078 	1
2080 	1
2081 	1
2082 	1
2083 	1
2084 	1
2085 	1
2086 	1
2088 	1
2092 	1
2093 	1
2097 	1
2099 	1
2101 	1
2107 	1
2111 	1
2112 	1
2118 	1
2119 	1
2120 	1
2122 	1
2125 	1
2126 	1
2127 	1
2128 	1
2130 	1
2135 	1
2137 	1
2138 	1
2139 	1
2140 	1
2141 	1
2146 	1
2148 	1
2150 	1
2151 	1
2152 	1
2155 	1
2157 	1
2163 	1
2164 	1
2166 	1
2169 	1
2177 	1
2178 	1
2180 	1
2181 	1
2182 	1
2183 	1
2186 	1
2190 	1
2192 	1
2195 	1
2197 	1
2200 	1
2202 	1
2203 	1
2204 	1
2205 	1
2206 	1
2209 	1
2213 	1
2215 	1
2217 	1
2220 	1
2222 	1
2223 	1
2225 	1
2226 	1
2228 	1
2230 	1
2231 	1
2232 	1
2238 	1
2240 	1
2241 	1
2244 	1
2246 	1
2247 	1
2249 	1
2252 	1
2260 	1
2261 	1
2262 	1
2263 	1
2267 	1
2271 	1
2276 	1
2278 	1
2280 	0.13579795022
2283 	1
2288 	1
2289 	1
2292 	1
2294 	1
2295 	1
2299 	1
2301 	1
2304 	1
2308 	1
2310 	1
2313 	1
2315 	1
2319 	1
2320 	1
2323 	1
2324 	1
2325 	1
2328 	1
2329 	1
2332 	1
2336 	1
2337 	1
2338 	1
2339 	1
2341 	1
2342 	1
2343 	1
2346 	1
2347 	1
2350 	1
2352 	1
2356 	1
2357 	1
2358 	1
2362 	1
2368 	1
2369 	1
2370 	1
2373 	1
2374 	1
2375 	1
2376 	1
2377 	1
2383 	1
2384 	1
2385 	1
2387 	1
2388 	1
2390 	1
2391 	1
2392 	1
2393 	1
2394 	1
2396 	1
2399 	1
2401 	1
2404 	1
2410 	1
2411 	1
2412 	1
2421 	1
2422 	1
2423 	1
2425 	1
2427 	1
2429 	1
2430 	1
2431 	1
2436 	1
2437 	1
2438 	1
2440 	1
2442 	1
2444 	1
2445 	1
2446 	1
2448 	1
2450 	1
2452 	1
2455 	1
2463 	1
2468 	1
2469 	1
2471 	1
2474 	1
2479 	1
2481 	1
2482 	1
2486 	1
2488 	1
2489 	1
2490 	1
2491 	1
2492 	1
2493 	1
2494 	1
2495 	1
2497 	1
2498 	1
2501 	1
2502 	1
2505 	1
2506 	1
2507 	1
2508 	1
2509 	1
2511 	1
2512 	1
2513 	1
2514 	1
2515 	1
2517 	1
2522 	1
2523 	1
2524 	1
2525 	1
2528 	1
2529 	1
2533 	1
2536 	1
2537 	1
2540 	1
2541 	1
2542 	1
2543 	1
2544 	1
2548 	1
2553 	1
2554 	1
2556 	1
2561 	1
2564 	1
2565 	1
2566 	1
2567 	1
2569 	1
2574 	1
2578 	1
2579 	1
2581 	1
2583 	1
2589 	1
2592 	1
2593 	1
2594 	1
2596 	1
2600 	1
2601 	1
2602 	1
2603 	1
2607 	1
2608 	1
2610 	1
2613 	1
2614 	1
2616 	1
2618 	1
2621 	1
2627 	1
2632 	1
2635 	1
2643 	1
2644 	1
2649 	1
2651 	1
2653 	1
2654 	1
2655 	1
2656 	1
2658 	1
2661 	1
2662 	1
2668 	1
2671 	1
2674 	1
2675 	1
2676 	1
2678 	1
2679 	1
2680 	1
2683 	1
2684 	1
2685 	1
2687 	1
2688 	1
2694 	1
2695 	1
2700 	1
2702 	1
2703 	1
2705 	1
2708 	1
2711 	1
2712 	1
2713 	1
2714 	1
2716 	1
2720 	1
2722 	1
2723 	1
2727 	1
2729 	1
2732 	1
2733 	1
2735 	1
2741 	1
2742 	1
2746 	1
2748 	1
2750 	1
2756 	1
2757 	1
2761 	1
2762 	1
2769 	1
2774 	1
2775 	1
2776 	1
2777 	1
2779 	1
2780 	1
2781 	1
2782 	1
2786 	1
2792 	1
2794 	1
2803 	1
2808 	1
2809 	1
2810 	1
2811 	1
2812 	1
2814 	1
2815 	1
2817 	1
2818 	1
2820 	1
2822 	1
2823 	1
2826 	1
2827 	1
2830 	1
2831 	1
2835 	1
2839 	1
2841 	1
2842 	1
2844 	1
2846 	1
2847 	1
2852 	1
2853 	1
2854 	1
2857 	1
2861 	1
2862 	1
2863 	1
2864 	1
2865 	1
2866 	1
2872 	1
2874 	1
2875 	1
2878 	1
2879 	1
2880 	1
2883 	1
2886 	1
2887 	1
2888 	1
2892 	1
2894 	1
2895 	1
2897 	1
2900 	1
2901 	1
2904 	1
2905 	1
2906 	1
2908 	1
2909 	1
2910 	1
2911 	1
2912 	1
2913 	1
2914 	1
2917 	1
2922 	1
2924 	1
2928 	1
2929 	1
2931 	1
2936 	1
2938 	1
2939 	1
2941 	1
2945 	1
2949 	1
2950 	1
2953 	1
2955 	1
2957 	1
2959 	1
2960 	1
2962 	1
2963 	1
2970 	1
2975 	1
2977 	1
2978 	1
2979 	1
2980 	1
2981 	1
2982 	1
2988 	1
2989 	1
2991 	1
2993 	1
2994 	1
2996 	1
2997 	1
3002 	1
3007 	1
3008 	1
3014 	1
3015 	1
3017 	1
3018 	1
3019 	1
3020 	1
3027 	1
3030 	1
3031 	1
3033 	1
3037 	1
3039 	1
3043 	1
3048 	1
3049 	1
3050 	1
3054 	1
3057 	1
3058 	1
3059 	1
3062 	1
3063 	1
3064 	1
3068 	1
3073 	1
3075 	1
3077 	1
3078 	1
3081 	1
3082 	1
3083 	1
3090 	1
3092 	1
3094 	1
3098 	1
3099 	1
3101 	1
3102 	1
3103 	1
3107 	1
3112 	1
3117 	1
3119 	1
3120 	1
3124 	1
3126 	1
3129 	1
3132 	1
3133 	1
3134 	1
3136 	1
3137 	1
3138 	1
3140 	1
3145 	1
3146 	1
3149 	1
3150 	1
3151 	1
3155 	1
3157 	1
3158 	1
3159 	1
3166 	1
3167 	1
3169 	1
3174 	1
3175 	1
3176 	1
3178 	1
3182 	1
3184 	1
3187 	1
3188 	1
3191 	1
3194 	1
3196 	1
3199 	1
3200 	1
3202 	1
3203 	1
3210 	1
3211 	1
3212 	1
3214 	1
3215 	1
3216 	1
3217 	1
3218 	1
3219 	1
3223 	1
3227 	1
3228 	1
3231 	1
3232 	1
3234 	1
3236 	1
3238 	1
3241 	1
3245 	1
3247 	1
3249 	1
3250 	1
3251 	1
3255 	1
3256 	1
3257 	1
3258 	1
3261 	1
3263 	1
3265 	1
3266 	1
3269 	1
3270 	1
3272 	1
3273 	1
3274 	1
3275 	1
3276 	1
3280 	1
3281 	1
3285 	1
3286 	1
3290 	1
3291 	1
3293 	1
3294 	1
3300 	1
3305 	1
3309 	1
3310 	1
3311 	1
3314 	1
3315 	1
3317 	1
3318 	1
3320 	1
3321 	1
3324 	1
3325 	1
3326 	1
3328 	1
3330 	1
3331 	1
3332 	1
3333 	1
3336 	1
3340 	1
3341 	1
3345 	1
3347 	1
3348 	1
3353 	1
3355 	1
3358 	1
3359 	1
3361 	1
3364 	1
3366 	1
3370 	1
3371 	1
3375 	1
3377 	1
3380 	1
3384 	1
3386 	1
3392 	1
3394 	1
3396 	1
3400 	1
3401 	1
3406 	1
3411 	1
3412 	1
3416 	1
3421 	1
3422 	1
3423 	1
3424 	1
3425 	1
3427 	1
3429 	1
3432 	1
3434 	1
3436 	1
3439 	1
3441 	1
3442 	1
3443 	1
3444 	1
3445 	1
3446 	1
3452 	1
3455 	1
3456 	1
3457 	1
3468 	1
3470 	1
3472 	1
3474 	1
3475 	1
3476 	1
3478 	1
3481 	1
3483 	1
3486 	1
3490 	1
3491 	1
3492 	1
3495 	1
3498 	1
3499 	1
3500 	1
3501 	1
3503 	1
3505 	1
3510 	1
3513 	1
3514 	1
3516 	1
3517 	1
3524 	1
3525 	1
3526 	1
3528 	1
3530 	1
3532 	1
3533 	1
3534 	1
3536 	1
3538 	1
3539 	1
3541 	1
3543 	1
3545 	1
3546 	1
3548 	1
3552 	1
3555 	1
3559 	1
3562 	1
3567 	1
3568 	1
3569 	1
3571 	1
3572 	1
3573 	1
3577 	1
3579 	1
3587 	1
3588 	1
3589 	1
3597 	1
3599 	1
3600 	1
3604 	1
3605 	1
3611 	1
3612 	1
3617 	1
3621 	1
3622 	1
3625 	1
3629 	1
3632 	1
3633 	1
3635 	1
3636 	1
3637 	1
3638 	1
3639 	1
3640 	1
3645 	1
3646 	1
3654 	1
3655 	1
3658 	1
3659 	1
3662 	1
3663 	1
3665 	1
3668 	1
3669 	1
3672 	1
3673 	1
3676 	1
3677 	1
3679 	1
3681 	1
3683 	1
3685 	1
3688 	1
3693 	1
3694 	1
3697 	1
3701 	1
3702 	1
3703 	1
3706 	1
3707 	1
3715 	1
3718 	1
3727 	1
3728 	1
3730 	1
3733 	1
3742 	1
3743 	1
3745 	1
3746 	1
3749 	1
3753 	1
3755 	1
3756 	1
3757 	1
3760 	1
3762 	1
3765 	1
3766 	1
3768 	1
3773 	1
3776 	1
3777 	1
3779 	1
3784 	1
3785 	1
3788 	1
3789 	1
3794 	1
3796 	1
3799 	1
3802 	1
3804 	1
3805 	1
3806 	1
3808 	1
3814 	1
3816 	1
3817 	1
3818 	1
3820 	1
3822 	1
3823 	1
3826 	1
3827 	1
3829 	1
3830 	1
3831 	1
3832 	1
3833 	1
3837 	1
3841 	1
3842 	1
3843 	1
3845 	1
3849 	1
3850 	1
3853 	1
3855 	1
3856 	1
3857 	1
3859 	1
3860 	1
3861 	1
3866 	1
3867 	1
3868 	1
3869 	1
3870 	1
3871 	1
3873 	1
3874 	1
3875 	1
3877 	1
3878 	1
3879 	1
3880 	1
3881 	1
3882 	1
3883 	1
3885 	1
3889 	1
3891 	1
3892 	1
3894 	1
3896 	1
3897 	1
3899 	1
3900 	1
3901 	1
3902 	1
3905 	1
3907 	1
3909 	1
3910 	1
3911 	1
3913 	1
3918 	1
3921 	1
3925 	1
3927 	1
3930 	1
3931 	1
3937 	1
3938 	1
3946 	1
3951 	1
3953 	1
3959 	1
3960 	1
3961 	1
3963 	1
3964 	1
3975 	1
3976 	1
3977 	1
3979 	1
3981 	1
3982 	1
3986 	1
3987 	1
3988 	1
3989 	1
3990 	1
3991 	1
3992 	1
3993 	1
3997 	1
3998 	1
