Number of items 	Total Weight 	Total Profit 
3036 	886310.25 	203746.797368 


Total time: 0.0730040073395 s
Average time: 0.0182522535324 s
Last call: 5.00679016113e-06 s
Stamp 1 of the total: 0h 0m 0s 73ms 73004\u00B5s
Stamp 2 of the total: 00:00:00.0073
Pattern that ignores zeros:
73ms 73004\u00B5s
0073

Item    Fraction

1 	1
2 	1
3 	1
6 	1
11 	1
12 	1
15 	1
17 	1
18 	1
24 	1
25 	1
28 	1
32 	1
36 	1
37 	1
39 	1
40 	1
41 	1
42 	1
43 	1
44 	1
46 	1
47 	1
48 	1
50 	1
55 	1
56 	1
59 	1
61 	1
62 	1
68 	1
70 	1
72 	1
75 	1
76 	1
78 	1
80 	1
81 	1
82 	1
84 	1
87 	1
89 	1
90 	1
95 	1
96 	1
98 	1
100 	1
102 	1
108 	1
109 	1
112 	1
116 	1
120 	1
123 	1
126 	1
127 	1
129 	1
130 	1
132 	1
135 	1
136 	1
137 	1
139 	1
140 	1
141 	1
146 	1
149 	1
150 	1
152 	1
156 	1
157 	1
161 	1
163 	1
166 	1
167 	1
168 	1
169 	1
171 	1
173 	1
176 	1
177 	1
179 	1
180 	1
181 	1
188 	1
193 	1
195 	1
196 	1
199 	1
201 	1
202 	1
207 	1
209 	1
212 	1
213 	1
214 	1
216 	1
217 	1
218 	1
219 	1
220 	1
226 	1
231 	1
232 	1
235 	1
238 	1
240 	1
246 	1
249 	1
250 	1
251 	1
252 	1
253 	1
259 	1
261 	1
267 	1
270 	1
271 	1
275 	1
278 	1
281 	1
282 	1
284 	1
288 	1
290 	1
291 	1
294 	1
296 	1
298 	1
300 	1
302 	1
305 	1
309 	1
311 	1
312 	1
313 	1
317 	1
325 	1
328 	1
329 	1
333 	1
334 	1
336 	1
337 	1
343 	1
345 	1
347 	1
355 	1
358 	1
361 	1
363 	1
364 	1
365 	1
366 	1
369 	1
370 	1
371 	1
372 	1
374 	1
376 	1
379 	1
383 	1
392 	1
393 	1
398 	1
402 	1
403 	1
404 	1
405 	1
406 	1
407 	1
408 	1
412 	1
415 	1
416 	1
421 	1
422 	1
423 	1
425 	1
426 	1
430 	1
432 	1
434 	1
435 	1
438 	1
441 	1
444 	1
445 	1
446 	1
448 	1
449 	1
450 	1
451 	1
455 	1
457 	1
458 	1
459 	1
465 	1
466 	1
470 	1
471 	1
476 	1
478 	1
480 	1
485 	1
486 	1
492 	1
494 	1
496 	1
497 	1
499 	1
500 	1
502 	1
505 	1
509 	1
511 	1
516 	1
517 	1
518 	1
520 	1
521 	1
525 	1
527 	1
529 	1
530 	1
532 	1
533 	1
534 	1
538 	1
540 	1
541 	1
546 	1
548 	1
556 	1
557 	1
558 	1
559 	1
560 	1
566 	1
567 	1
568 	1
569 	1
570 	1
571 	1
572 	1
573 	1
574 	1
575 	1
578 	1
580 	1
583 	1
584 	1
586 	1
588 	1
593 	1
596 	1
599 	1
611 	1
612 	1
613 	1
617 	1
618 	1
621 	1
625 	1
628 	1
630 	1
632 	1
635 	1
640 	1
641 	1
642 	1
643 	1
645 	1
648 	1
651 	1
652 	1
654 	1
655 	1
656 	1
658 	1
665 	1
667 	1
671 	1
672 	1
677 	1
680 	1
685 	1
687 	1
688 	1
689 	1
690 	1
695 	1
700 	1
703 	1
704 	1
705 	1
707 	1
708 	1
709 	1
710 	1
711 	1
712 	1
719 	1
720 	1
723 	1
724 	1
726 	1
729 	1
731 	1
732 	1
735 	1
736 	1
738 	1
741 	1
744 	1
745 	1
746 	1
747 	1
748 	1
749 	1
751 	1
752 	1
754 	1
757 	1
758 	1
761 	1
762 	1
765 	1
767 	1
768 	1
773 	1
774 	1
782 	1
784 	1
785 	1
787 	1
788 	1
789 	1
790 	1
791 	1
792 	1
793 	1
795 	1
798 	1
799 	1
801 	1
807 	1
814 	1
815 	1
816 	1
817 	1
820 	1
822 	1
823 	1
828 	1
830 	1
836 	1
837 	1
839 	1
841 	1
842 	1
843 	1
846 	1
847 	1
848 	1
851 	1
855 	1
858 	1
861 	1
862 	1
869 	1
871 	1
877 	1
878 	1
879 	1
883 	1
884 	1
886 	1
889 	1
890 	1
894 	1
896 	1
897 	1
899 	1
902 	1
903 	1
906 	1
908 	1
909 	1
910 	1
913 	1
916 	1
918 	1
919 	1
921 	1
925 	1
927 	1
928 	1
929 	1
932 	1
934 	1
936 	1
939 	1
942 	1
946 	1
947 	1
950 	1
952 	1
953 	1
954 	1
955 	1
958 	1
961 	1
962 	1
963 	1
964 	1
965 	1
967 	1
968 	1
972 	1
973 	1
975 	1
976 	1
977 	1
979 	1
980 	1
981 	1
982 	1
985 	1
988 	1
990 	1
998 	1
1000 	1
1001 	1
1003 	1
1006 	1
1008 	1
1009 	1
1010 	1
1012 	1
1014 	1
1015 	1
1021 	1
1022 	1
1026 	1
1029 	1
1031 	1
1032 	1
1034 	1
1041 	1
1045 	1
1047 	1
1048 	1
1051 	1
1052 	1
1054 	1
1055 	1
1056 	1
1057 	1
1059 	1
1060 	1
1063 	1
1064 	1
1066 	1
1067 	1
1068 	1
1070 	1
1072 	1
1078 	1
1080 	1
1081 	1
1082 	1
1083 	1
1084 	1
1088 	1
1091 	1
1094 	1
1095 	1
1096 	1
1097 	1
1098 	1
1100 	1
1101 	1
1103 	1
1105 	1
1111 	1
1112 	1
1113 	1
1116 	1
1119 	1
1120 	1
1121 	1
1122 	1
1127 	1
1130 	1
1131 	1
1134 	1
1135 	1
1138 	1
1139 	1
1141 	1
1149 	1
1150 	1
1151 	1
1156 	1
1158 	1
1159 	1
1161 	1
1163 	1
1166 	1
1168 	1
1170 	1
1172 	1
1176 	1
1177 	1
1178 	1
1179 	1
1184 	1
1186 	1
1187 	1
1189 	1
1191 	1
1192 	1
1194 	1
1195 	1
1196 	1
1200 	1
1203 	1
1204 	1
1205 	1
1206 	1
1210 	1
1211 	1
1213 	1
1215 	1
1216 	1
1218 	1
1219 	1
1221 	1
1224 	1
1228 	1
1229 	1
1233 	1
1240 	1
1246 	1
1247 	1
1253 	1
1254 	1
1259 	1
1260 	1
1261 	1
1262 	1
1265 	1
1266 	1
1268 	1
1274 	1
1276 	1
1283 	1
1286 	1
1288 	1
1289 	1
1290 	1
1291 	1
1293 	1
1294 	1
1297 	1
1298 	1
1299 	1
1300 	1
1302 	1
1306 	1
1307 	1
1308 	1
1310 	1
1312 	1
1314 	1
1315 	1
1316 	1
1317 	1
1318 	1
1320 	1
1321 	1
1322 	1
1325 	1
1326 	1
1328 	1
1331 	1
1333 	1
1334 	1
1335 	1
1337 	1
1338 	1
1341 	1
1344 	1
1347 	1
1349 	1
1351 	1
1352 	1
1353 	1
1357 	1
1362 	1
1369 	1
1372 	1
1375 	1
1376 	1
1379 	1
1381 	1
1382 	1
1387 	1
1388 	1
1389 	1
1395 	1
1396 	1
1398 	1
1400 	1
1403 	1
1405 	1
1407 	1
1408 	1
1409 	1
1410 	1
1412 	1
1413 	1
1416 	1
1417 	1
1421 	1
1424 	1
1425 	1
1427 	1
1428 	1
1429 	1
1430 	1
1434 	1
1439 	1
1442 	1
1445 	1
1447 	1
1450 	1
1453 	1
1456 	1
1457 	1
1460 	1
1462 	1
1466 	1
1468 	1
1469 	1
1470 	1
1471 	1
1472 	1
1474 	1
1476 	1
1478 	1
1481 	1
1483 	1
1485 	1
1486 	1
1487 	1
1489 	1
1490 	1
1491 	1
1492 	1
1495 	1
1497 	1
1498 	1
1505 	1
1509 	1
1511 	1
1513 	1
1514 	1
1520 	1
1522 	1
1524 	1
1525 	1
1527 	1
1528 	1
1529 	1
1533 	1
1534 	1
1537 	1
1538 	1
1539 	1
1540 	1
1542 	1
1544 	1
1546 	1
1548 	1
1549 	1
1551 	1
1558 	1
1560 	1
1561 	1
1563 	1
1565 	1
1566 	1
1568 	1
1570 	1
1572 	1
1574 	1
1577 	1
1578 	1
1579 	1
1580 	1
1583 	1
1584 	1
1585 	1
1586 	1
1592 	1
1596 	1
1597 	1
1598 	1
1599 	1
1603 	1
1605 	1
1609 	1
1613 	1
1624 	1
1625 	1
1626 	1
1627 	1
1632 	1
1636 	1
1641 	1
1644 	1
1645 	1
1646 	1
1647 	1
1650 	1
1651 	1
1654 	1
1657 	1
1660 	1
1661 	1
1667 	1
1668 	1
1672 	1
1673 	1
1676 	1
1677 	1
1678 	1
1679 	1
1680 	1
1681 	1
1685 	1
1692 	1
1698 	1
1701 	1
1702 	1
1704 	1
1705 	1
1706 	1
1709 	1
1710 	1
1713 	1
1714 	1
1716 	1
1717 	1
1718 	1
1720 	1
1721 	1
1722 	1
1723 	1
1724 	1
1725 	1
1726 	1
1727 	1
1728 	1
1734 	1
1735 	1
1736 	1
1738 	1
1740 	1
1743 	1
1744 	1
1745 	1
1747 	1
1748 	1
1750 	1
1754 	1
1759 	1
1764 	1
1767 	1
1770 	1
1776 	1
1778 	1
1782 	1
1784 	1
1785 	1
1786 	1
1788 	1
1790 	1
1793 	1
1794 	1
1797 	1
1798 	1
1801 	1
1802 	1
1804 	1
1805 	1
1806 	1
1807 	1
1811 	1
1813 	1
1817 	1
1818 	1
1826 	1
1828 	1
1829 	1
1830 	1
1831 	1
1832 	1
1837 	1
1841 	1
1843 	1
1851 	1
1853 	1
1858 	1
1859 	1
1863 	1
1870 	1
1872 	1
1874 	1
1875 	1
1879 	1
1880 	1
1884 	1
1886 	1
1887 	1
1888 	1
1890 	1
1892 	1
1902 	1
1903 	1
1906 	1
1909 	1
1910 	1
1918 	1
1919 	1
1920 	1
1922 	1
1923 	1
1924 	1
1926 	1
1929 	1
1930 	1
1935 	1
1938 	1
1941 	1
1942 	1
1943 	1
1952 	1
1953 	1
1954 	1
1961 	1
1963 	1
1966 	1
1970 	1
1971 	1
1972 	1
1973 	1
1974 	1
1975 	1
1977 	1
1985 	1
1986 	1
1987 	1
1989 	1
1990 	1
1992 	1
1995 	1
1996 	1
1997 	1
2000 	1
2003 	1
2008 	1
2009 	1
2010 	1
2013 	1
2014 	1
2020 	1
2023 	1
2025 	1
2029 	1
2034 	1
2036 	1
2037 	1
2041 	1
2042 	1
2048 	1
2050 	1
2051 	1
2053 	1
2054 	1
2055 	1
2058 	1
2059 	1
2067 	1
2068 	1
2069 	1
2073 	1
2074 	1
2075 	1
2082 	1
2087 	1
2091 	1
2092 	1
2096 	1
2102 	1
2103 	1
2105 	1
2107 	1
2109 	1
2111 	1
2117 	1
2118 	1
2120 	1
2121 	1
2123 	1
2125 	1
2126 	1
2127 	1
2128 	1
2129 	1
2131 	1
2132 	1
2134 	1
2135 	1
2137 	1
2138 	1
2139 	1
2141 	1
2145 	1
2146 	1
2147 	1
2148 	1
2149 	1
2151 	1
2153 	1
2158 	1
2159 	1
2160 	1
2161 	1
2164 	1
2165 	1
2166 	1
2167 	1
2169 	1
2171 	1
2172 	1
2174 	1
2177 	1
2178 	1
2180 	1
2181 	1
2185 	1
2186 	1
2189 	1
2190 	1
2191 	1
2192 	1
2193 	1
2196 	1
2199 	1
2205 	1
2210 	1
2217 	1
2218 	1
2220 	1
2223 	1
2232 	1
2237 	1
2238 	1
2239 	1
2243 	1
2245 	1
2246 	1
2247 	1
2248 	1
2255 	1
2256 	1
2258 	1
2260 	1
2261 	1
2262 	1
2265 	1
2267 	1
2268 	1
2269 	1
2271 	1
2276 	1
2277 	1
2282 	1
2283 	1
2284 	1
2287 	1
2288 	1
2291 	1
2296 	1
2298 	1
2303 	1
2304 	1
2305 	1
2308 	1
2309 	1
2310 	1
2313 	1
2314 	1
2315 	1
2319 	1
2320 	1
2324 	1
2325 	1
2326 	1
2328 	1
2329 	1
2332 	1
2333 	1
2334 	1
2336 	1
2339 	1
2340 	1
2341 	1
2345 	1
2348 	1
2349 	1
2352 	1
2353 	1
2355 	1
2361 	1
2364 	1
2366 	1
2368 	1
2369 	1
2374 	1
2376 	1
2377 	1
2378 	1
2379 	1
2381 	1
2383 	1
2385 	1
2386 	1
2388 	1
2390 	1
2391 	1
2392 	1
2393 	1
2396 	1
2397 	1
2401 	1
2402 	1
2403 	1
2409 	1
2410 	1
2411 	1
2412 	1
2414 	1
2415 	1
2416 	1
2418 	1
2420 	1
2421 	1
2422 	1
2427 	1
2428 	1
2429 	1
2431 	1
2436 	1
2438 	1
2444 	1
2447 	1
2450 	1
2453 	1
2454 	1
2456 	1
2457 	1
2459 	1
2461 	1
2462 	1
2466 	1
2467 	1
2468 	1
2475 	1
2477 	1
2478 	1
2479 	1
2480 	1
2482 	1
2483 	1
2484 	1
2486 	1
2488 	1
2489 	1
2490 	1
2491 	1
2492 	1
2498 	1
2499 	1
2501 	1
2502 	1
2506 	1
2511 	1
2512 	1
2513 	1
2514 	1
2515 	1
2518 	1
2523 	1
2524 	1
2525 	1
2532 	1
2533 	1
2534 	1
2535 	1
2538 	1
2539 	1
2543 	1
2546 	1
2547 	1
2548 	1
2549 	1
2552 	1
2553 	1
2555 	1
2557 	1
2559 	1
2560 	1
2563 	1
2567 	1
2574 	1
2575 	1
2578 	1
2580 	1
2583 	1
2585 	1
2586 	1
2587 	1
2591 	1
2596 	1
2599 	1
2600 	1
2601 	1
2604 	1
2607 	1
2608 	1
2609 	1
2611 	1
2613 	1
2616 	1
2617 	1
2618 	1
2629 	1
2630 	1
2632 	1
2634 	1
2636 	1
2640 	1
2643 	1
2645 	1
2647 	1
2648 	1
2649 	1
2654 	1
2655 	1
2657 	1
2658 	1
2661 	1
2665 	1
2666 	1
2671 	1
2682 	1
2683 	1
2686 	1
2688 	1
2690 	1
2692 	1
2693 	1
2695 	1
2696 	1
2697 	1
2700 	1
2701 	1
2708 	1
2710 	1
2711 	1
2713 	1
2714 	1
2715 	1
2716 	1
2717 	1
2720 	1
2723 	1
2726 	1
2728 	1
2729 	1
2732 	1
2733 	1
2736 	1
2741 	1
2745 	1
2746 	1
2747 	1
2752 	1
2755 	1
2758 	1
2759 	1
2760 	1
2763 	1
2765 	1
2766 	1
2768 	1
2770 	1
2778 	1
2779 	1
2780 	1
2783 	1
2786 	1
2787 	1
2788 	1
2789 	1
2791 	1
2793 	1
2794 	1
2797 	1
2799 	1
2801 	1
2804 	1
2806 	1
2807 	1
2811 	1
2818 	1
2819 	1
2820 	1
2821 	1
2822 	1
2823 	1
2824 	1
2825 	1
2828 	1
2829 	1
2830 	1
2831 	1
2832 	1
2833 	1
2834 	1
2835 	1
2836 	1
2842 	1
2843 	1
2846 	1
2849 	1
2850 	1
2851 	1
2853 	1
2854 	1
2858 	1
2859 	1
2860 	1
2862 	1
2864 	1
2872 	1
2873 	1
2874 	1
2875 	1
2876 	1
2877 	1
2879 	1
2880 	1
2881 	1
2884 	1
2885 	1
2886 	1
2887 	1
2888 	1
2889 	1
2892 	1
2893 	1
2894 	1
2898 	1
2899 	1
2901 	1
2905 	1
2906 	1
2909 	1
2913 	1
2918 	1
2920 	1
2922 	1
2924 	1
2931 	1
2932 	1
2934 	1
2937 	1
2940 	1
2941 	1
2943 	1
2945 	1
2946 	1
2947 	1
2951 	1
2954 	1
2955 	1
2956 	1
2959 	1
2962 	1
2964 	1
2967 	1
2971 	1
2973 	1
2975 	1
2976 	1
2979 	1
2981 	1
2982 	1
2983 	1
2987 	1
2989 	1
2991 	1
2992 	1
2993 	1
2994 	1
2995 	1
2999 	1
3000 	1
3005 	1
3010 	1
3011 	1
3014 	1
3015 	1
3016 	1
3020 	1
3021 	1
3024 	1
3025 	1
3028 	1
3030 	1
3031 	1
3032 	1
3034 	1
3035 	1
3037 	1
3039 	1
3041 	1
3044 	1
3046 	1
3051 	1
3054 	1
3059 	1
3061 	1
3063 	1
3065 	1
3066 	1
3067 	1
3073 	1
3075 	1
3077 	1
3081 	1
3082 	1
3086 	1
3089 	1
3090 	1
3091 	1
3092 	1
3093 	1
3094 	1
3095 	1
3097 	1
3099 	1
3104 	1
3105 	1
3108 	1
3117 	1
3120 	1
3121 	1
3124 	1
3125 	1
3127 	1
3130 	1
3132 	1
3133 	1
3134 	1
3137 	1
3139 	1
3141 	1
3149 	1
3151 	1
3155 	1
3156 	1
3157 	1
3159 	1
3161 	1
3163 	1
3164 	1
3166 	1
3167 	1
3169 	1
3172 	1
3174 	1
3177 	1
3179 	1
3181 	1
3183 	1
3186 	1
3188 	1
3189 	1
3190 	1
3193 	1
3195 	1
3196 	1
3200 	1
3204 	1
3206 	1
3209 	1
3213 	1
3214 	1
3220 	1
3225 	1
3226 	1
3231 	1
3232 	1
3234 	1
3238 	1
3240 	1
3241 	1
3244 	1
3250 	1
3254 	1
3256 	1
3257 	1
3260 	1
3279 	1
3280 	1
3281 	1
3283 	1
3284 	1
3285 	1
3288 	1
3290 	1
3291 	1
3292 	1
3293 	1
3294 	1
3295 	1
3296 	1
3297 	1
3298 	1
3299 	1
3300 	1
3302 	1
3304 	1
3305 	1
3310 	1
3314 	1
3316 	1
3317 	1
3318 	1
3322 	1
3325 	1
3327 	1
3328 	1
3329 	1
3331 	1
3332 	1
3333 	1
3334 	1
3335 	1
3337 	1
3338 	1
3340 	1
3342 	1
3346 	1
3347 	1
3348 	1
3349 	1
3351 	1
3352 	1
3353 	1
3355 	1
3358 	1
3359 	1
3360 	1
3362 	1
3363 	1
3364 	1
3366 	1
3368 	1
3371 	1
3373 	1
3377 	1
3380 	1
3381 	1
3383 	1
3387 	1
3389 	1
3390 	1
3395 	1
3400 	1
3401 	1
3404 	1
3405 	1
3406 	1
3407 	1
3408 	1
3409 	1
3414 	1
3415 	1
3419 	1
3420 	1
3422 	1
3423 	1
3424 	1
3429 	1
3431 	1
3433 	1
3434 	1
3435 	1
3438 	1
3440 	1
3441 	1
3442 	1
3444 	1
3446 	1
3447 	1
3448 	1
3449 	1
3454 	1
3462 	1
3463 	1
3470 	1
3471 	1
3473 	1
3474 	1
3478 	1
3480 	1
3481 	1
3484 	1
3485 	1
3489 	1
3490 	1
3493 	1
3497 	1
3498 	1
3502 	1
3503 	1
3504 	1
3505 	1
3506 	1
3507 	1
3509 	1
3512 	1
3515 	1
3517 	1
3518 	1
3520 	1
3521 	1
3530 	1
3533 	1
3540 	1
3541 	1
3542 	1
3544 	1
3549 	1
3555 	1
3565 	1
3566 	1
3567 	1
3571 	1
3575 	1
3576 	1
3580 	1
3581 	1
3582 	1
3584 	1
3585 	1
3586 	1
3587 	1
3588 	1
3590 	1
3592 	1
3594 	1
3595 	1
3597 	1
3598 	1
3599 	1
3601 	1
3602 	1
3606 	1
3609 	1
3610 	1
3613 	1
3615 	1
3618 	1
3622 	1
3623 	1
3628 	1
3629 	1
3630 	1
3633 	1
3636 	1
3637 	1
3638 	1
3639 	1
3640 	1
3644 	1
3646 	1
3647 	1
3648 	1
3650 	1
3652 	1
3657 	1
3659 	1
3661 	1
3662 	1
3665 	1
3666 	1
3668 	1
3671 	1
3675 	1
3677 	1
3678 	1
3679 	1
3684 	1
3688 	1
3691 	1
3692 	1
3698 	1
3702 	1
3707 	1
3708 	1
3709 	1
3712 	1
3714 	1
3715 	1
3716 	1
3717 	1
3718 	1
3720 	1
3723 	1
3725 	1
3735 	1
3740 	1
3743 	1
3747 	1
3748 	1
3751 	1
3752 	1
3754 	1
3755 	1
3756 	1
3757 	1
3761 	1
3763 	1
3765 	1
3766 	1
3767 	1
3770 	1
3774 	1
3775 	1
3776 	1
3779 	1
3781 	1
3783 	1
3790 	1
3793 	1
3795 	1
3796 	1
3801 	1
3802 	1
3803 	1
3805 	1
3806 	1
3807 	1
3812 	1
3813 	1
3814 	1
3815 	1
3820 	1
3822 	1
3824 	1
3828 	1
3834 	1
3835 	1
3836 	1
3837 	1
3838 	1
3844 	1
3845 	1
3847 	1
3853 	1
3854 	1
3855 	1
3857 	1
3860 	1
3861 	1
3863 	1
3866 	1
3868 	1
3869 	1
3871 	1
3873 	1
3874 	1
3876 	1
3881 	1
3885 	1
3889 	1
3892 	1
3897 	1
3901 	1
3903 	1
3905 	1
3906 	1
3910 	1
3911 	1
3912 	1
3917 	1
3921 	1
3924 	1
3925 	1
3927 	1
3928 	1
3929 	1
3930 	1
3932 	1
3935 	1
3936 	1
3937 	1
3938 	1
3946 	1
3949 	1
3951 	1
3956 	1
3957 	1
3959 	1
3961 	1
3965 	1
3967 	1
3970 	1
3971 	1
3972 	1
3974 	1
3977 	1
3981 	1
3984 	1
3986 	1
3989 	1
3990 	1
3991 	1
3993 	1
3995 	1
3999 	1
4003 	1
4009 	1
4013 	1
4015 	1
4018 	1
4019 	1
4020 	1
4022 	1
4024 	1
4025 	1
4026 	1
4030 	1
4034 	1
4036 	1
4038 	1
4039 	1
4040 	1
4042 	1
4045 	1
4047 	1
4050 	1
4052 	1
4054 	1
4058 	1
4063 	1
4064 	1
4065 	1
4067 	1
4071 	1
4072 	1
4078 	1
4080 	1
4081 	1
4082 	1
4086 	1
4087 	1
4088 	1
4089 	1
4091 	1
4092 	1
4094 	1
4095 	1
4096 	1
4097 	1
4098 	1
4099 	1
4101 	1
4103 	1
4104 	1
4106 	1
4107 	1
4108 	1
4112 	1
4113 	1
4114 	1
4116 	1
4117 	1
4118 	1
4120 	1
4122 	1
4129 	1
4130 	1
4131 	1
4133 	1
4134 	1
4135 	1
4137 	1
4142 	1
4144 	1
4145 	1
4146 	1
4148 	1
4149 	1
4154 	1
4156 	1
4159 	1
4162 	1
4164 	1
4166 	1
4167 	1
4170 	1
4171 	1
4173 	1
4174 	1
4177 	1
4179 	0.196315789474
4180 	1
4181 	1
4188 	1
4193 	1
4194 	1
4197 	1
4198 	1
4201 	1
4203 	1
4204 	1
4206 	1
4208 	1
4210 	1
4211 	1
4212 	1
4213 	1
4214 	1
4215 	1
4217 	1
4219 	1
4225 	1
4229 	1
4232 	1
4234 	1
4235 	1
4236 	1
4238 	1
4241 	1
4243 	1
4244 	1
4245 	1
4246 	1
4251 	1
4256 	1
4260 	1
4262 	1
4263 	1
4265 	1
4267 	1
4269 	1
4270 	1
4272 	1
4273 	1
4276 	1
4279 	1
4283 	1
4285 	1
4288 	1
4289 	1
4291 	1
4295 	1
4299 	1
4300 	1
4302 	1
4303 	1
4305 	1
4307 	1
4310 	1
4311 	1
4314 	1
4315 	1
4317 	1
4318 	1
4319 	1
4323 	1
4326 	1
4329 	1
4332 	1
4337 	1
4340 	1
4341 	1
4343 	1
4346 	1
4348 	1
4349 	1
4359 	1
4360 	1
4361 	1
4362 	1
4364 	1
4366 	1
4371 	1
4378 	1
4379 	1
4381 	1
4383 	1
4385 	1
4388 	1
4390 	1
4392 	1
4394 	1
4396 	1
4400 	1
4402 	1
4403 	1
4408 	1
4411 	1
4414 	1
4415 	1
4416 	1
4419 	1
4420 	1
4421 	1
4424 	1
4426 	1
4429 	1
4433 	1
4435 	1
4436 	1
4438 	1
4442 	1
4446 	1
4449 	1
4453 	1
4454 	1
4455 	1
4460 	1
4463 	1
4465 	1
4466 	1
4467 	1
4468 	1
4472 	1
4473 	1
4475 	1
4477 	1
4485 	1
4486 	1
4487 	1
4489 	1
4491 	1
4492 	1
4493 	1
4496 	1
4497 	1
4498 	1
4499 	1
4504 	1
4511 	1
4513 	1
4517 	1
4518 	1
4519 	1
4520 	1
4525 	1
4528 	1
4531 	1
4533 	1
4534 	1
4538 	1
4547 	1
4549 	1
4551 	1
4552 	1
4555 	1
4556 	1
4559 	1
4560 	1
4563 	1
4566 	1
4569 	1
4571 	1
4573 	1
4575 	1
4576 	1
4578 	1
4579 	1
4581 	1
4582 	1
4583 	1
4584 	1
4585 	1
4587 	1
4589 	1
4590 	1
4592 	1
4593 	1
4598 	1
4601 	1
4603 	1
4605 	1
4609 	1
4610 	1
4614 	1
4618 	1
4624 	1
4627 	1
4629 	1
4630 	1
4631 	1
4632 	1
4635 	1
4636 	1
4639 	1
4641 	1
4644 	1
4645 	1
4646 	1
4647 	1
4648 	1
4651 	1
4653 	1
4657 	1
4658 	1
4659 	1
4660 	1
4661 	1
4662 	1
4663 	1
4666 	1
4667 	1
4668 	1
4670 	1
4671 	1
4672 	1
4676 	1
4680 	1
4682 	1
4683 	1
4687 	1
4690 	1
4691 	1
4692 	1
4696 	1
4698 	1
4699 	1
4704 	1
4705 	1
4707 	1
4710 	1
4712 	1
4715 	1
4718 	1
4721 	1
4726 	1
4728 	1
4732 	1
4734 	1
4735 	1
4737 	1
4753 	1
4754 	1
4756 	1
4759 	1
4760 	1
4762 	1
4764 	1
4768 	1
4769 	1
4775 	1
4777 	1
4779 	1
4781 	1
4782 	1
4783 	1
4785 	1
4787 	1
4795 	1
4797 	1
4800 	1
4801 	1
4803 	1
4805 	1
4809 	1
4810 	1
4811 	1
4814 	1
4817 	1
4819 	1
4820 	1
4825 	1
4827 	1
4829 	1
4830 	1
4832 	1
4836 	1
4837 	1
4838 	1
4839 	1
4840 	1
4841 	1
4842 	1
4844 	1
4845 	1
4850 	1
4851 	1
4852 	1
4854 	1
4855 	1
4858 	1
4859 	1
4860 	1
4862 	1
4863 	1
4864 	1
4865 	1
4866 	1
4868 	1
4869 	1
4872 	1
4874 	1
4875 	1
4877 	1
4878 	1
4879 	1
4880 	1
4882 	1
4895 	1
4896 	1
4897 	1
4898 	1
4900 	1
4902 	1
4903 	1
4911 	1
4912 	1
4913 	1
4918 	1
4919 	1
4924 	1
4925 	1
4926 	1
4927 	1
4930 	1
4931 	1
4932 	1
4935 	1
4936 	1
4946 	1
4947 	1
4948 	1
4955 	1
4958 	1
4959 	1
4961 	1
4964 	1
4965 	1
4966 	1
4968 	1
4971 	1
4972 	1
4973 	1
4975 	1
4976 	1
4978 	1
4980 	1
4981 	1
4988 	1
4990 	1
4993 	1
4995 	1
4996 	1
4997 	1
4999 	1
5004 	1
5005 	1
5009 	1
5011 	1
5012 	1
5013 	1
5016 	1
5018 	1
5019 	1
5027 	1
5029 	1
5030 	1
5034 	1
5035 	1
5039 	1
5041 	1
5044 	1
5046 	1
5052 	1
5056 	1
5059 	1
5061 	1
5062 	1
5066 	1
5072 	1
5073 	1
5075 	1
5076 	1
5080 	1
5081 	1
5082 	1
5085 	1
5087 	1
5088 	1
5092 	1
5095 	1
5099 	1
5104 	1
5107 	1
5115 	1
5116 	1
5117 	1
5120 	1
5121 	1
5123 	1
5125 	1
5126 	1
5128 	1
5129 	1
5134 	1
5135 	1
5137 	1
5138 	1
5141 	1
5142 	1
5143 	1
5144 	1
5146 	1
5149 	1
5151 	1
5153 	1
5155 	1
5156 	1
5157 	1
5159 	1
5161 	1
5164 	1
5166 	1
5177 	1
5178 	1
5179 	1
5180 	1
5186 	1
5188 	1
5191 	1
5194 	1
5196 	1
5197 	1
5198 	1
5199 	1
5202 	1
5209 	1
5211 	1
5215 	1
5217 	1
5218 	1
5219 	1
5220 	1
5221 	1
5224 	1
5228 	1
5230 	1
5241 	1
5242 	1
5244 	1
5246 	1
5247 	1
5248 	1
5251 	1
5253 	1
5254 	1
5255 	1
5260 	1
5261 	1
5262 	1
5264 	1
5265 	1
5266 	1
5267 	1
5269 	1
5273 	1
5274 	1
5276 	1
5277 	1
5282 	1
5283 	1
5284 	1
5285 	1
5286 	1
5288 	1
5291 	1
5292 	1
5296 	1
5300 	1
5301 	1
5309 	1
5312 	1
5313 	1
5317 	1
5320 	1
5321 	1
5330 	1
5334 	1
5335 	1
5336 	1
5342 	1
5343 	1
5345 	1
5347 	1
5351 	1
5352 	1
5353 	1
5354 	1
5356 	1
5362 	1
5366 	1
5371 	1
5372 	1
5373 	1
5375 	1
5378 	1
5379 	1
5380 	1
5391 	1
5396 	1
5400 	1
5405 	1
5406 	1
5408 	1
5409 	1
5411 	1
5414 	1
5417 	1
5419 	1
5425 	1
5429 	1
5430 	1
5431 	1
5432 	1
5437 	1
5440 	1
5441 	1
5442 	1
5443 	1
5445 	1
5451 	1
5452 	1
5456 	1
5457 	1
5458 	1
5460 	1
5462 	1
5464 	1
5466 	1
5469 	1
5470 	1
5472 	1
5474 	1
5478 	1
5479 	1
5480 	1
5484 	1
5486 	1
5487 	1
5489 	1
5492 	1
5494 	1
5499 	1
5502 	1
5503 	1
5504 	1
5507 	1
5508 	1
5509 	1
5511 	1
5519 	1
5520 	1
5524 	1
5525 	1
5527 	1
5528 	1
5530 	1
5536 	1
5537 	1
5545 	1
5546 	1
5548 	1
5551 	1
5552 	1
5554 	1
5557 	1
5558 	1
5560 	1
5567 	1
5574 	1
5577 	1
5588 	1
5590 	1
5591 	1
5592 	1
5595 	1
5596 	1
5598 	1
5599 	1
5604 	1
5605 	1
5608 	1
5610 	1
5611 	1
5613 	1
5614 	1
5617 	1
5618 	1
5623 	1
5625 	1
5626 	1
5627 	1
5628 	1
5629 	1
5631 	1
5632 	1
5635 	1
5637 	1
5642 	1
5644 	1
5654 	1
5655 	1
5656 	1
5657 	1
5658 	1
5659 	1
5660 	1
5664 	1
5669 	1
5670 	1
5671 	1
5672 	1
5676 	1
5683 	1
5685 	1
5687 	1
5691 	1
5696 	1
5702 	1
5705 	1
5706 	1
5707 	1
5711 	1
5712 	1
5714 	1
5719 	1
5720 	1
5722 	1
5725 	1
5728 	1
5730 	1
5731 	1
5732 	1
5733 	1
5736 	1
5737 	1
5738 	1
5742 	1
5748 	1
5749 	1
5750 	1
5751 	1
5755 	1
5756 	1
5757 	1
5759 	1
5761 	1
5764 	1
5765 	1
5766 	1
5768 	1
5769 	1
5773 	1
5774 	1
5775 	1
5776 	1
5779 	1
5782 	1
5784 	1
5786 	1
5787 	1
5790 	1
5792 	1
5793 	1
5796 	1
5797 	1
5803 	1
5805 	1
5806 	1
5808 	1
5809 	1
5810 	1
5811 	1
5813 	1
5815 	1
5816 	1
5817 	1
5819 	1
5821 	1
5824 	1
5828 	1
5830 	1
5831 	1
5832 	1
5835 	1
5843 	1
5844 	1
5845 	1
5846 	1
5847 	1
5848 	1
5853 	1
5855 	1
5856 	1
5857 	1
5859 	1
5864 	1
5865 	1
5869 	1
5870 	1
5872 	1
5873 	1
5877 	1
5878 	1
5880 	1
5881 	1
5882 	1
5885 	1
5886 	1
5887 	1
5888 	1
5891 	1
5895 	1
5896 	1
5899 	1
5902 	1
5903 	1
5906 	1
5909 	1
5912 	1
5914 	1
5919 	1
5921 	1
5923 	1
5924 	1
5925 	1
5928 	1
5931 	1
5932 	1
5936 	1
5937 	1
5940 	1
5941 	1
5942 	1
5943 	1
5946 	1
5950 	1
5952 	1
5953 	1
5957 	1
5962 	1
5964 	1
5966 	1
5967 	1
5968 	1
5969 	1
5970 	1
5973 	1
5976 	1
5977 	1
5980 	1
5985 	1
5991 	1
5993 	1
5994 	1
5996 	1
5997 	1
6000 	1
6002 	1
6003 	1
6005 	1
6006 	1
6007 	1
6013 	1
6021 	1
6022 	1
6025 	1
6026 	1
6028 	1
6029 	1
6030 	1
6033 	1
6046 	1
6049 	1
6050 	1
6054 	1
6055 	1
6057 	1
6059 	1
6060 	1
6061 	1
6066 	1
6067 	1
6070 	1
6072 	1
6073 	1
6075 	1
6076 	1
6079 	1
6080 	1
6081 	1
6082 	1
6088 	1
6090 	1
6091 	1
6092 	1
6095 	1
6096 	1
6097 	1
6098 	1
6100 	1
6101 	1
6102 	1
6103 	1
6104 	1
6105 	1
6107 	1
6108 	1
6111 	1
6112 	1
6114 	1
6117 	1
6118 	1
6119 	1
6124 	1
6125 	1
6126 	1
6127 	1
6128 	1
6129 	1
6130 	1
6132 	1
6136 	1
6137 	1
6138 	1
6143 	1
6144 	1
6145 	1
6147 	1
6148 	1
6150 	1
6151 	1
6153 	1
6157 	1
6159 	1
6160 	1
6165 	1
6172 	1
6175 	1
6179 	1
6180 	1
6184 	1
6186 	1
6188 	1
6193 	1
6194 	1
6197 	1
6198 	1
6199 	1
6201 	1
6205 	1
6207 	1
6212 	1
6213 	1
6216 	1
6217 	1
6218 	1
6220 	1
6221 	1
6222 	1
6223 	1
6226 	1
6231 	1
6235 	1
6238 	1
6241 	1
6242 	1
6243 	1
6245 	1
6247 	1
6248 	1
6250 	1
6252 	1
6253 	1
6254 	1
6255 	1
6260 	1
6261 	1
6262 	1
6264 	1
6265 	1
6267 	1
6268 	1
6269 	1
6270 	1
6272 	1
6278 	1
6283 	1
6284 	1
6285 	1
6286 	1
6287 	1
6291 	1
6294 	1
6295 	1
6299 	1
6302 	1
6303 	1
6309 	1
6310 	1
6311 	1
6313 	1
6314 	1
6315 	1
6317 	1
6318 	1
6320 	1
6322 	1
6325 	1
6326 	1
6327 	1
6329 	1
6334 	1
6335 	1
6338 	1
6340 	1
6344 	1
6347 	1
6349 	1
6350 	1
6351 	1
6352 	1
6359 	1
6360 	1
6364 	1
6366 	1
6368 	1
6369 	1
6371 	1
6372 	1
6377 	1
6378 	1
6379 	1
6381 	1
6382 	1
6383 	1
6384 	1
6387 	1
6388 	1
6390 	1
6393 	1
6398 	1
6400 	1
6402 	1
6405 	1
6407 	1
6410 	1
6412 	1
6413 	1
6414 	1
6415 	1
6417 	1
6419 	1
6420 	1
6421 	1
6423 	1
6425 	1
6427 	1
6428 	1
6429 	1
6431 	1
6433 	1
6434 	1
6435 	1
6436 	1
6438 	1
6445 	1
6448 	1
6449 	1
6451 	1
6452 	1
6453 	1
6456 	1
6457 	1
6462 	1
6467 	1
6469 	1
6470 	1
6474 	1
6475 	1
6477 	1
6478 	1
6479 	1
6481 	1
6482 	1
6483 	1
6488 	1
6491 	1
6492 	1
6493 	1
6496 	1
6498 	1
6499 	1
6501 	1
6503 	1
6505 	1
6506 	1
6510 	1
6514 	1
6518 	1
6521 	1
6522 	1
6524 	1
6527 	1
6528 	1
6529 	1
6530 	1
6531 	1
6537 	1
6538 	1
6539 	1
6540 	1
6541 	1
6543 	1
6544 	1
6545 	1
6546 	1
6548 	1
6550 	1
6552 	1
6555 	1
6556 	1
6560 	1
6562 	1
6566 	1
6570 	1
6573 	1
6575 	1
6580 	1
6582 	1
6584 	1
6585 	1
6589 	1
6590 	1
6592 	1
6593 	1
6604 	1
6610 	1
6611 	1
6614 	1
6615 	1
6619 	1
6627 	1
6628 	1
6630 	1
6631 	1
6632 	1
6633 	1
6634 	1
6636 	1
6637 	1
6638 	1
6644 	1
6646 	1
6647 	1
6651 	1
6653 	1
6656 	1
6657 	1
6658 	1
6659 	1
6660 	1
6662 	1
6663 	1
6664 	1
6665 	1
6667 	1
6669 	1
6673 	1
6680 	1
6681 	1
6685 	1
6686 	1
6689 	1
6690 	1
6693 	1
6698 	1
6699 	1
6700 	1
6701 	1
6702 	1
6703 	1
6705 	1
6710 	1
6711 	1
6715 	1
6716 	1
6718 	1
6719 	1
6720 	1
6722 	1
6724 	1
6727 	1
6732 	1
6733 	1
6734 	1
6735 	1
6736 	1
6737 	1
6739 	1
6742 	1
6743 	1
6746 	1
6748 	1
6752 	1
6761 	1
6764 	1
6766 	1
6768 	1
6769 	1
6770 	1
6772 	1
6774 	1
6781 	1
6785 	1
6791 	1
6792 	1
6793 	1
6795 	1
6799 	1
6800 	1
6805 	1
6806 	1
6809 	1
6810 	1
6818 	1
6820 	1
6821 	1
6823 	1
6831 	1
6834 	1
6836 	1
6839 	1
6840 	1
6845 	1
6846 	1
6851 	1
6853 	1
6856 	1
6857 	1
6860 	1
6865 	1
6866 	1
6867 	1
6868 	1
6869 	1
6870 	1
6873 	1
6882 	1
6885 	1
6890 	1
6891 	1
6892 	1
6893 	1
6895 	1
6901 	1
6904 	1
6916 	1
6919 	1
6920 	1
6923 	1
6927 	1
6931 	1
6933 	1
6934 	1
6936 	1
6938 	1
6945 	1
6948 	1
6949 	1
6951 	1
6954 	1
6955 	1
6957 	1
6959 	1
6960 	1
6961 	1
6962 	1
6965 	1
6968 	1
6969 	1
6970 	1
6971 	1
6980 	1
6983 	1
6985 	1
6989 	1
6990 	1
6991 	1
6997 	1
6998 	1
6999 	1
