Number of items 	Total Weight 	Total Profit 
4349 	1252972.25 	293705.3399 


Total time: 0.11071896553 s
Average time: 0.027680516243 s
Last call: 3.09944152832e-06 s
Stamp 1 of the total: 0h 0m 0s 110ms 110718\u00B5s
Stamp 2 of the total: 00:00:00.0110
Pattern that ignores zeros:
110ms 110718\u00B5s
0110

Item    Fraction

1 	1
2 	1
8 	1
12 	1
16 	1
19 	1
20 	1
22 	1
23 	1
24 	1
27 	1
28 	1
33 	1
34 	1
37 	1
38 	1
39 	1
40 	1
41 	1
42 	1
49 	1
50 	1
53 	1
60 	1
62 	1
67 	1
69 	1
71 	1
73 	1
74 	1
75 	1
76 	1
78 	1
79 	1
80 	1
84 	1
88 	1
90 	1
94 	1
95 	1
97 	1
98 	1
100 	1
101 	1
104 	1
106 	1
107 	1
109 	1
110 	1
113 	1
118 	1
120 	1
121 	1
123 	1
124 	1
132 	1
133 	1
138 	1
139 	1
141 	1
143 	1
144 	1
145 	1
146 	1
148 	1
153 	1
155 	1
158 	1
159 	1
160 	1
161 	1
162 	1
163 	1
166 	1
169 	1
170 	1
171 	1
173 	1
176 	1
180 	1
184 	1
185 	1
190 	1
193 	1
202 	1
205 	1
208 	1
209 	1
212 	1
214 	1
215 	1
216 	1
217 	1
218 	1
219 	1
220 	1
222 	1
223 	1
226 	1
227 	1
228 	1
233 	1
235 	1
236 	1
237 	1
238 	1
241 	1
242 	1
245 	1
250 	1
253 	1
254 	1
255 	1
258 	1
261 	1
263 	1
265 	1
269 	1
270 	1
273 	1
275 	1
276 	1
277 	1
280 	1
282 	1
284 	1
285 	1
286 	1
287 	1
289 	1
290 	1
292 	1
296 	1
304 	1
306 	1
307 	1
308 	1
310 	1
319 	1
322 	1
323 	1
326 	1
327 	1
329 	1
330 	1
331 	1
335 	1
339 	1
347 	1
348 	1
351 	1
352 	1
353 	1
354 	1
355 	1
358 	1
361 	1
363 	1
366 	1
367 	1
369 	1
370 	1
371 	1
373 	1
377 	1
379 	1
380 	1
386 	1
390 	1
391 	1
394 	1
398 	1
399 	1
402 	1
406 	1
411 	1
420 	1
421 	1
424 	1
426 	1
431 	1
432 	1
434 	1
435 	1
436 	1
442 	1
444 	1
448 	1
451 	1
453 	1
457 	1
459 	1
462 	1
463 	1
464 	1
465 	1
467 	1
470 	1
472 	1
473 	1
474 	1
476 	1
478 	1
480 	1
482 	1
485 	1
487 	1
495 	1
498 	1
501 	1
502 	1
503 	1
506 	1
508 	1
513 	1
517 	1
526 	1
527 	1
530 	1
532 	1
535 	1
539 	1
541 	1
543 	1
547 	1
552 	1
553 	1
555 	1
558 	1
562 	1
564 	1
565 	1
567 	1
574 	1
575 	1
577 	1
579 	1
580 	1
589 	1
591 	1
593 	1
594 	1
608 	1
610 	1
622 	1
624 	1
628 	1
629 	1
632 	1
634 	1
635 	1
640 	1
641 	1
647 	1
648 	1
651 	1
653 	1
657 	1
658 	1
659 	1
662 	1
663 	1
664 	1
665 	1
667 	1
669 	1
670 	1
672 	1
674 	1
675 	1
680 	1
682 	1
684 	1
686 	1
687 	1
689 	1
692 	1
693 	1
694 	1
696 	1
698 	1
699 	1
706 	1
707 	1
715 	1
716 	1
718 	1
722 	1
723 	1
724 	1
729 	1
732 	1
734 	1
737 	1
738 	1
739 	1
741 	1
745 	1
746 	1
748 	1
750 	1
751 	1
754 	1
755 	1
756 	1
757 	1
758 	1
760 	1
762 	1
763 	1
764 	1
767 	1
768 	1
769 	1
770 	1
772 	1
773 	1
781 	1
786 	1
787 	1
789 	1
797 	1
800 	1
803 	1
805 	1
808 	1
814 	1
816 	1
817 	1
818 	1
819 	1
821 	1
822 	1
823 	1
824 	1
827 	1
829 	1
831 	1
833 	1
834 	1
837 	1
838 	1
839 	1
841 	1
843 	1
845 	1
848 	1
852 	1
854 	1
855 	1
857 	1
859 	1
860 	1
862 	1
865 	1
870 	1
871 	1
874 	1
881 	1
882 	1
883 	1
884 	1
888 	1
890 	1
893 	1
894 	1
895 	1
898 	1
899 	1
901 	1
903 	1
904 	1
906 	1
908 	1
910 	1
911 	1
913 	1
914 	1
916 	1
918 	1
920 	1
921 	1
922 	1
926 	1
928 	1
931 	1
932 	1
933 	1
938 	1
942 	1
946 	1
947 	1
950 	1
951 	1
952 	1
953 	1
959 	1
960 	1
961 	1
963 	1
966 	1
970 	1
971 	1
972 	1
974 	1
975 	1
976 	1
977 	1
979 	1
981 	1
982 	1
984 	1
985 	1
987 	1
992 	1
995 	1
999 	1
1000 	1
1002 	1
1003 	1
1005 	1
1007 	1
1010 	1
1011 	1
1016 	1
1018 	1
1020 	1
1023 	1
1030 	1
1032 	1
1035 	1
1036 	1
1042 	1
1045 	1
1047 	1
1052 	1
1053 	1
1055 	1
1056 	1
1057 	1
1058 	1
1059 	1
1061 	1
1064 	1
1068 	1
1069 	1
1070 	1
1076 	1
1080 	1
1083 	1
1084 	1
1086 	1
1088 	1
1089 	1
1091 	1
1092 	1
1094 	1
1099 	1
1103 	1
1107 	1
1108 	1
1109 	1
1110 	1
1114 	1
1115 	1
1116 	1
1117 	1
1118 	1
1119 	1
1121 	1
1122 	1
1125 	1
1126 	1
1131 	1
1133 	1
1134 	1
1135 	1
1136 	1
1137 	1
1138 	1
1141 	1
1145 	1
1147 	1
1148 	1
1152 	1
1154 	1
1155 	1
1161 	1
1162 	1
1163 	1
1164 	1
1168 	1
1169 	1
1170 	1
1173 	1
1174 	1
1175 	1
1176 	1
1178 	1
1179 	1
1183 	1
1184 	1
1185 	1
1186 	1
1188 	1
1189 	1
1196 	1
1199 	1
1202 	1
1204 	1
1206 	1
1207 	1
1209 	1
1211 	1
1212 	1
1213 	1
1216 	1
1218 	1
1219 	1
1220 	1
1221 	1
1223 	1
1226 	1
1228 	1
1229 	1
1231 	1
1233 	1
1236 	1
1238 	1
1242 	1
1249 	1
1250 	1
1251 	1
1252 	1
1253 	1
1255 	1
1257 	1
1258 	1
1259 	1
1265 	1
1269 	1
1270 	1
1271 	1
1276 	1
1279 	1
1281 	1
1282 	1
1284 	1
1285 	1
1286 	1
1287 	1
1288 	1
1290 	1
1291 	1
1293 	1
1295 	1
1297 	1
1300 	1
1301 	1
1304 	1
1305 	1
1306 	1
1307 	1
1309 	1
1311 	1
1314 	1
1315 	1
1316 	1
1318 	1
1322 	1
1323 	1
1328 	1
1329 	1
1330 	1
1334 	1
1339 	1
1340 	1
1344 	1
1345 	1
1348 	1
1352 	1
1354 	1
1368 	1
1369 	1
1371 	1
1373 	1
1377 	1
1380 	1
1383 	1
1388 	1
1391 	1
1392 	1
1396 	1
1397 	1
1401 	1
1404 	1
1405 	1
1406 	1
1407 	1
1408 	1
1414 	1
1415 	1
1418 	1
1419 	1
1426 	1
1430 	1
1431 	1
1433 	1
1434 	1
1435 	1
1437 	1
1440 	1
1448 	1
1450 	1
1451 	1
1456 	1
1457 	1
1458 	1
1459 	1
1460 	1
1465 	1
1475 	1
1476 	1
1480 	1
1481 	1
1482 	1
1484 	1
1485 	1
1487 	1
1489 	1
1494 	1
1496 	1
1498 	1
1499 	1
1500 	1
1502 	1
1504 	1
1505 	1
1506 	1
1507 	1
1508 	1
1509 	1
1511 	1
1513 	1
1514 	1
1518 	1
1520 	1
1522 	1
1524 	1
1525 	1
1529 	1
1531 	1
1534 	1
1536 	1
1537 	1
1539 	1
1540 	1
1541 	1
1544 	1
1545 	1
1548 	1
1549 	1
1550 	1
1551 	1
1552 	1
1555 	1
1556 	1
1562 	1
1564 	1
1568 	1
1569 	1
1572 	1
1577 	1
1578 	1
1579 	1
1580 	1
1582 	1
1584 	1
1585 	1
1586 	1
1587 	1
1589 	1
1594 	1
1595 	1
1596 	1
1597 	1
1598 	1
1601 	1
1603 	1
1605 	1
1606 	1
1612 	1
1616 	1
1618 	1
1620 	1
1624 	1
1626 	1
1630 	1
1641 	1
1642 	1
1643 	1
1644 	1
1649 	1
1650 	1
1652 	1
1653 	1
1655 	1
1660 	1
1668 	1
1673 	1
1674 	1
1677 	1
1678 	1
1684 	1
1687 	1
1692 	1
1693 	1
1694 	1
1697 	1
1699 	1
1700 	1
1701 	1
1702 	1
1710 	1
1716 	1
1718 	1
1719 	1
1720 	1
1722 	1
1723 	1
1733 	1
1735 	1
1736 	1
1738 	1
1740 	1
1741 	1
1742 	1
1746 	1
1747 	1
1748 	1
1750 	1
1751 	1
1754 	1
1758 	1
1759 	1
1764 	1
1767 	1
1769 	1
1770 	1
1771 	1
1775 	1
1776 	1
1779 	1
1780 	1
1784 	1
1787 	1
1791 	1
1792 	1
1798 	1
1801 	1
1802 	1
1807 	1
1809 	1
1816 	1
1818 	1
1819 	1
1824 	1
1830 	1
1831 	1
1836 	1
1837 	1
1839 	1
1840 	1
1843 	1
1844 	1
1849 	1
1851 	1
1854 	1
1857 	1
1865 	1
1866 	1
1867 	1
1868 	1
1871 	1
1873 	1
1874 	1
1876 	1
1877 	1
1878 	1
1883 	1
1885 	1
1886 	1
1887 	1
1888 	1
1889 	1
1892 	1
1893 	1
1894 	1
1895 	1
1896 	1
1898 	1
1901 	1
1902 	1
1904 	1
1905 	1
1906 	1
1911 	1
1912 	1
1917 	1
1922 	1
1929 	1
1935 	1
1936 	1
1938 	1
1939 	1
1944 	1
1945 	1
1946 	1
1947 	1
1949 	1
1952 	1
1956 	1
1958 	1
1960 	1
1962 	1
1963 	1
1964 	1
1966 	1
1968 	1
1969 	1
1970 	1
1971 	1
1972 	1
1973 	1
1975 	1
1976 	1
1977 	1
1980 	1
1981 	1
1982 	1
1989 	1
1992 	1
1993 	1
1995 	1
1997 	1
1998 	1
1999 	1
2000 	1
2003 	1
2005 	1
2006 	1
2011 	1
2012 	1
2016 	1
2017 	1
2020 	1
2023 	1
2024 	1
2026 	1
2027 	1
2029 	1
2030 	1
2032 	1
2033 	1
2037 	1
2039 	1
2040 	1
2041 	1
2045 	1
2047 	1
2053 	1
2055 	1
2056 	1
2057 	1
2061 	1
2066 	1
2071 	1
2072 	1
2073 	1
2074 	1
2075 	1
2076 	1
2081 	1
2082 	1
2083 	1
2084 	1
2086 	1
2090 	1
2094 	1
2095 	1
2096 	1
2097 	1
2098 	1
2101 	1
2102 	1
2112 	1
2114 	1
2116 	1
2117 	1
2119 	1
2121 	1
2124 	1
2125 	1
2126 	1
2128 	1
2133 	1
2134 	1
2136 	1
2138 	1
2142 	1
2146 	1
2147 	1
2154 	1
2156 	1
2160 	1
2161 	1
2164 	1
2168 	1
2169 	1
2172 	1
2177 	1
2178 	1
2182 	1
2185 	1
2191 	1
2193 	1
2194 	1
2195 	1
2198 	1
2200 	1
2201 	1
2205 	1
2208 	1
2209 	1
2215 	1
2216 	1
2218 	1
2219 	1
2220 	1
2223 	1
2226 	1
2229 	1
2232 	1
2234 	1
2237 	1
2238 	1
2239 	1
2240 	1
2241 	1
2242 	1
2243 	1
2247 	1
2249 	1
2254 	1
2255 	1
2256 	1
2257 	1
2260 	1
2261 	1
2264 	1
2267 	1
2268 	1
2275 	1
2276 	1
2277 	1
2278 	1
2280 	1
2281 	1
2283 	1
2287 	1
2289 	1
2290 	1
2291 	1
2292 	1
2294 	1
2299 	1
2301 	1
2302 	1
2303 	1
2304 	1
2306 	1
2309 	1
2310 	1
2314 	1
2315 	1
2316 	1
2317 	1
2318 	1
2323 	1
2326 	1
2328 	1
2331 	1
2333 	1
2339 	1
2340 	1
2341 	1
2345 	1
2346 	1
2350 	1
2351 	1
2352 	1
2356 	1
2358 	1
2359 	1
2360 	1
2361 	1
2364 	1
2366 	1
2367 	1
2368 	1
2369 	1
2372 	1
2373 	1
2374 	1
2378 	1
2379 	1
2381 	1
2382 	1
2385 	1
2398 	1
2399 	1
2400 	1
2403 	1
2405 	1
2406 	1
2408 	1
2411 	1
2415 	1
2418 	1
2420 	1
2424 	1
2426 	1
2427 	1
2428 	1
2429 	1
2431 	1
2435 	1
2436 	1
2437 	1
2438 	1
2442 	1
2443 	1
2444 	1
2445 	1
2450 	1
2451 	1
2456 	1
2457 	1
2460 	1
2462 	1
2465 	1
2467 	1
2469 	1
2471 	1
2472 	1
2476 	1
2479 	1
2481 	1
2482 	1
2483 	1
2485 	1
2487 	1
2488 	1
2494 	1
2495 	1
2497 	1
2500 	1
2506 	1
2507 	1
2508 	1
2509 	1
2510 	1
2512 	1
2513 	1
2514 	1
2515 	1
2517 	1
2518 	1
2522 	1
2523 	1
2524 	1
2525 	1
2526 	1
2527 	1
2528 	1
2529 	1
2530 	1
2532 	1
2534 	1
2537 	1
2539 	1
2540 	1
2550 	1
2551 	1
2555 	1
2557 	1
2559 	1
2560 	1
2561 	1
2564 	1
2568 	1
2570 	1
2575 	1
2578 	1
2580 	1
2582 	1
2584 	1
2586 	1
2587 	1
2588 	1
2593 	1
2597 	1
2598 	1
2599 	1
2600 	1
2604 	1
2606 	1
2611 	1
2612 	1
2614 	1
2615 	1
2616 	1
2620 	1
2621 	1
2622 	1
2624 	1
2627 	1
2628 	1
2629 	1
2635 	1
2636 	1
2640 	1
2641 	1
2644 	1
2645 	1
2646 	1
2650 	1
2652 	1
2653 	1
2654 	1
2658 	1
2660 	1
2661 	1
2664 	1
2667 	1
2670 	1
2671 	1
2673 	1
2676 	1
2677 	1
2681 	1
2682 	1
2685 	1
2686 	1
2690 	1
2692 	1
2695 	1
2705 	1
2706 	1
2708 	1
2712 	1
2713 	1
2718 	1
2719 	1
2724 	1
2726 	1
2728 	1
2732 	1
2733 	1
2734 	1
2736 	1
2738 	1
2739 	1
2743 	1
2745 	1
2746 	1
2747 	1
2751 	1
2752 	1
2753 	1
2754 	1
2756 	1
2757 	1
2762 	1
2764 	1
2765 	1
2766 	1
2768 	1
2772 	1
2773 	1
2777 	1
2780 	1
2782 	1
2786 	1
2787 	1
2791 	1
2792 	1
2793 	1
2795 	1
2798 	1
2800 	1
2801 	1
2802 	1
2804 	1
2805 	1
2811 	1
2812 	1
2814 	1
2815 	1
2816 	1
2817 	1
2818 	1
2820 	1
2821 	1
2822 	1
2825 	1
2826 	1
2827 	1
2828 	1
2830 	1
2834 	1
2835 	1
2836 	1
2839 	1
2841 	1
2842 	1
2843 	1
2844 	1
2846 	1
2849 	1
2850 	1
2851 	1
2853 	1
2855 	1
2856 	1
2859 	1
2862 	1
2864 	1
2869 	1
2870 	1
2871 	1
2873 	1
2874 	1
2875 	1
2877 	1
2880 	1
2882 	1
2883 	1
2884 	1
2885 	1
2886 	1
2888 	1
2889 	1
2891 	1
2892 	1
2894 	1
2896 	1
2899 	1
2900 	1
2905 	1
2908 	1
2910 	1
2912 	1
2913 	1
2915 	1
2918 	1
2922 	1
2923 	1
2924 	1
2927 	1
2928 	1
2932 	1
2933 	1
2936 	1
2938 	1
2940 	1
2945 	1
2946 	1
2947 	1
2950 	1
2952 	1
2957 	1
2958 	1
2959 	1
2961 	1
2962 	1
2967 	1
2968 	1
2971 	1
2974 	1
2976 	1
2977 	1
2980 	1
2984 	1
2985 	1
2987 	1
2989 	1
2994 	1
2997 	1
3000 	1
3001 	1
3002 	1
3003 	1
3008 	1
3009 	1
3013 	1
3014 	1
3015 	1
3016 	1
3017 	1
3018 	1
3020 	1
3022 	1
3023 	1
3027 	1
3035 	1
3036 	1
3041 	1
3044 	1
3045 	1
3047 	1
3050 	1
3051 	1
3052 	1
3054 	1
3055 	1
3057 	1
3058 	1
3062 	1
3064 	1
3066 	1
3068 	1
3070 	1
3073 	1
3076 	1
3077 	1
3078 	1
3080 	1
3082 	1
3083 	1
3085 	1
3088 	1
3089 	1
3092 	1
3093 	1
3094 	1
3095 	1
3096 	1
3097 	1
3098 	1
3100 	1
3101 	1
3104 	1
3107 	1
3112 	1
3114 	1
3116 	1
3120 	1
3122 	1
3123 	1
3124 	1
3125 	1
3126 	1
3127 	1
3128 	1
3130 	1
3134 	1
3135 	1
3136 	1
3139 	1
3144 	0.0906160458453
3146 	1
3147 	1
3148 	1
3149 	1
3152 	1
3157 	1
3158 	1
3161 	1
3162 	1
3163 	1
3164 	1
3165 	1
3166 	1
3167 	1
3168 	1
3170 	1
3173 	1
3175 	1
3181 	1
3186 	1
3191 	1
3192 	1
3193 	1
3194 	1
3196 	1
3198 	1
3201 	1
3203 	1
3205 	1
3206 	1
3207 	1
3208 	1
3209 	1
3211 	1
3212 	1
3213 	1
3214 	1
3215 	1
3217 	1
3220 	1
3222 	1
3223 	1
3224 	1
3228 	1
3231 	1
3232 	1
3233 	1
3234 	1
3235 	1
3236 	1
3254 	1
3255 	1
3256 	1
3264 	1
3265 	1
3267 	1
3269 	1
3270 	1
3273 	1
3276 	1
3283 	1
3285 	1
3287 	1
3288 	1
3289 	1
3291 	1
3292 	1
3294 	1
3296 	1
3297 	1
3298 	1
3299 	1
3301 	1
3302 	1
3305 	1
3310 	1
3312 	1
3313 	1
3315 	1
3320 	1
3321 	1
3323 	1
3324 	1
3325 	1
3326 	1
3327 	1
3328 	1
3333 	1
3334 	1
3335 	1
3336 	1
3337 	1
3339 	1
3341 	1
3343 	1
3347 	1
3348 	1
3351 	1
3352 	1
3354 	1
3355 	1
3357 	1
3359 	1
3361 	1
3367 	1
3368 	1
3369 	1
3370 	1
3372 	1
3373 	1
3377 	1
3379 	1
3381 	1
3383 	1
3384 	1
3386 	1
3388 	1
3390 	1
3392 	1
3395 	1
3399 	1
3406 	1
3408 	1
3409 	1
3410 	1
3413 	1
3417 	1
3418 	1
3419 	1
3420 	1
3422 	1
3424 	1
3426 	1
3428 	1
3431 	1
3433 	1
3434 	1
3435 	1
3436 	1
3437 	1
3441 	1
3442 	1
3445 	1
3446 	1
3447 	1
3448 	1
3454 	1
3455 	1
3458 	1
3459 	1
3460 	1
3466 	1
3471 	1
3473 	1
3474 	1
3480 	1
3482 	1
3484 	1
3486 	1
3488 	1
3493 	1
3500 	1
3501 	1
3504 	1
3505 	1
3511 	1
3512 	1
3515 	1
3516 	1
3522 	1
3523 	1
3524 	1
3528 	1
3529 	1
3530 	1
3532 	1
3533 	1
3535 	1
3537 	1
3538 	1
3539 	1
3549 	1
3550 	1
3552 	1
3553 	1
3554 	1
3558 	1
3560 	1
3561 	1
3562 	1
3563 	1
3567 	1
3572 	1
3573 	1
3576 	1
3577 	1
3579 	1
3580 	1
3581 	1
3584 	1
3587 	1
3588 	1
3589 	1
3590 	1
3591 	1
3593 	1
3594 	1
3595 	1
3596 	1
3597 	1
3600 	1
3603 	1
3605 	1
3608 	1
3609 	1
3610 	1
3611 	1
3613 	1
3615 	1
3617 	1
3618 	1
3620 	1
3621 	1
3622 	1
3625 	1
3626 	1
3627 	1
3629 	1
3630 	1
3633 	1
3634 	1
3638 	1
3639 	1
3641 	1
3642 	1
3643 	1
3645 	1
3647 	1
3650 	1
3652 	1
3656 	1
3657 	1
3659 	1
3666 	1
3667 	1
3668 	1
3669 	1
3671 	1
3672 	1
3673 	1
3675 	1
3679 	1
3683 	1
3687 	1
3689 	1
3690 	1
3693 	1
3695 	1
3697 	1
3699 	1
3701 	1
3702 	1
3703 	1
3707 	1
3709 	1
3711 	1
3713 	1
3715 	1
3719 	1
3720 	1
3722 	1
3726 	1
3729 	1
3730 	1
3732 	1
3733 	1
3734 	1
3735 	1
3737 	1
3743 	1
3748 	1
3749 	1
3752 	1
3759 	1
3763 	1
3766 	1
3769 	1
3772 	1
3773 	1
3776 	1
3778 	1
3780 	1
3781 	1
3784 	1
3786 	1
3788 	1
3791 	1
3792 	1
3799 	1
3803 	1
3804 	1
3806 	1
3812 	1
3815 	1
3816 	1
3818 	1
3819 	1
3821 	1
3822 	1
3825 	1
3826 	1
3827 	1
3828 	1
3832 	1
3833 	1
3834 	1
3835 	1
3836 	1
3838 	1
3839 	1
3840 	1
3844 	1
3845 	1
3849 	1
3851 	1
3853 	1
3860 	1
3861 	1
3862 	1
3864 	1
3866 	1
3868 	1
3869 	1
3870 	1
3872 	1
3874 	1
3875 	1
3876 	1
3878 	1
3880 	1
3882 	1
3884 	1
3886 	1
3887 	1
3889 	1
3891 	1
3898 	1
3903 	1
3905 	1
3907 	1
3911 	1
3912 	1
3913 	1
3914 	1
3915 	1
3916 	1
3917 	1
3918 	1
3922 	1
3924 	1
3928 	1
3929 	1
3932 	1
3933 	1
3937 	1
3938 	1
3941 	1
3946 	1
3947 	1
3949 	1
3952 	1
3961 	1
3969 	1
3970 	1
3971 	1
3972 	1
3974 	1
3975 	1
3976 	1
3978 	1
3981 	1
3987 	1
3988 	1
3992 	1
3994 	1
4000 	1
4002 	1
4003 	1
4005 	1
4006 	1
4007 	1
4010 	1
4011 	1
4012 	1
4013 	1
4015 	1
4017 	1
4018 	1
4019 	1
4022 	1
4023 	1
4024 	1
4025 	1
4028 	1
4031 	1
4034 	1
4035 	1
4037 	1
4039 	1
4042 	1
4043 	1
4047 	1
4049 	1
4050 	1
4051 	1
4055 	1
4058 	1
4059 	1
4063 	1
4065 	1
4068 	1
4069 	1
4070 	1
4075 	1
4076 	1
4078 	1
4079 	1
4082 	1
4086 	1
4091 	1
4097 	1
4098 	1
4099 	1
4101 	1
4110 	1
4111 	1
4112 	1
4113 	1
4114 	1
4115 	1
4117 	1
4119 	1
4120 	1
4121 	1
4124 	1
4125 	1
4126 	1
4128 	1
4132 	1
4134 	1
4136 	1
4139 	1
4141 	1
4142 	1
4143 	1
4144 	1
4145 	1
4147 	1
4150 	1
4151 	1
4156 	1
4158 	1
4159 	1
4160 	1
4161 	1
4170 	1
4175 	1
4176 	1
4177 	1
4178 	1
4180 	1
4183 	1
4188 	1
4190 	1
4192 	1
4193 	1
4200 	1
4204 	1
4207 	1
4208 	1
4209 	1
4213 	1
4214 	1
4216 	1
4217 	1
4219 	1
4222 	1
4225 	1
4230 	1
4231 	1
4236 	1
4237 	1
4238 	1
4243 	1
4245 	1
4246 	1
4248 	1
4252 	1
4258 	1
4263 	1
4266 	1
4269 	1
4273 	1
4274 	1
4275 	1
4276 	1
4277 	1
4282 	1
4283 	1
4285 	1
4286 	1
4289 	1
4290 	1
4291 	1
4292 	1
4294 	1
4296 	1
4298 	1
4299 	1
4301 	1
4304 	1
4306 	1
4307 	1
4310 	1
4312 	1
4316 	1
4317 	1
4323 	1
4326 	1
4327 	1
4329 	1
4332 	1
4335 	1
4337 	1
4339 	1
4340 	1
4344 	1
4347 	1
4348 	1
4353 	1
4354 	1
4355 	1
4360 	1
4361 	1
4362 	1
4364 	1
4367 	1
4369 	1
4374 	1
4376 	1
4377 	1
4379 	1
4380 	1
4382 	1
4384 	1
4387 	1
4390 	1
4391 	1
4392 	1
4395 	1
4398 	1
4403 	1
4405 	1
4407 	1
4409 	1
4412 	1
4413 	1
4414 	1
4417 	1
4419 	1
4420 	1
4421 	1
4423 	1
4424 	1
4426 	1
4430 	1
4432 	1
4433 	1
4436 	1
4437 	1
4439 	1
4441 	1
4442 	1
4443 	1
4446 	1
4447 	1
4448 	1
4449 	1
4450 	1
4451 	1
4460 	1
4465 	1
4466 	1
4471 	1
4472 	1
4481 	1
4483 	1
4484 	1
4486 	1
4488 	1
4489 	1
4490 	1
4494 	1
4495 	1
4497 	1
4499 	1
4500 	1
4501 	1
4502 	1
4503 	1
4505 	1
4506 	1
4507 	1
4508 	1
4511 	1
4513 	1
4515 	1
4516 	1
4517 	1
4518 	1
4519 	1
4520 	1
4521 	1
4525 	1
4526 	1
4528 	1
4530 	1
4531 	1
4532 	1
4536 	1
4537 	1
4541 	1
4542 	1
4543 	1
4545 	1
4551 	1
4552 	1
4554 	1
4559 	1
4560 	1
4564 	1
4565 	1
4566 	1
4567 	1
4568 	1
4571 	1
4572 	1
4573 	1
4575 	1
4576 	1
4578 	1
4583 	1
4586 	1
4589 	1
4592 	1
4596 	1
4597 	1
4598 	1
4601 	1
4604 	1
4606 	1
4608 	1
4609 	1
4612 	1
4614 	1
4615 	1
4617 	1
4621 	1
4622 	1
4623 	1
4624 	1
4625 	1
4628 	1
4629 	1
4630 	1
4631 	1
4632 	1
4636 	1
4639 	1
4640 	1
4641 	1
4643 	1
4644 	1
4647 	1
4649 	1
4651 	1
4654 	1
4655 	1
4656 	1
4659 	1
4664 	1
4667 	1
4671 	1
4674 	1
4677 	1
4679 	1
4680 	1
4681 	1
4684 	1
4687 	1
4688 	1
4690 	1
4691 	1
4693 	1
4698 	1
4702 	1
4703 	1
4704 	1
4706 	1
4707 	1
4708 	1
4711 	1
4713 	1
4714 	1
4717 	1
4719 	1
4720 	1
4721 	1
4724 	1
4725 	1
4727 	1
4732 	1
4734 	1
4742 	1
4746 	1
4747 	1
4748 	1
4752 	1
4755 	1
4756 	1
4758 	1
4759 	1
4760 	1
4762 	1
4767 	1
4768 	1
4769 	1
4771 	1
4777 	1
4778 	1
4779 	1
4781 	1
4784 	1
4785 	1
4786 	1
4788 	1
4791 	1
4792 	1
4793 	1
4794 	1
4797 	1
4801 	1
4802 	1
4804 	1
4805 	1
4807 	1
4809 	1
4811 	1
4814 	1
4816 	1
4819 	1
4820 	1
4825 	1
4827 	1
4830 	1
4831 	1
4836 	1
4837 	1
4839 	1
4841 	1
4842 	1
4843 	1
4844 	1
4845 	1
4846 	1
4852 	1
4853 	1
4855 	1
4857 	1
4858 	1
4859 	1
4861 	1
4863 	1
4864 	1
4870 	1
4871 	1
4872 	1
4881 	1
4882 	1
4883 	1
4887 	1
4888 	1
4889 	1
4890 	1
4891 	1
4892 	1
4893 	1
4894 	1
4895 	1
4897 	1
4902 	1
4904 	1
4907 	1
4908 	1
4910 	1
4911 	1
4912 	1
4913 	1
4914 	1
4915 	1
4920 	1
4921 	1
4922 	1
4925 	1
4936 	1
4941 	1
4942 	1
4943 	1
4944 	1
4946 	1
4948 	1
4949 	1
4950 	1
4951 	1
4952 	1
4954 	1
4955 	1
4956 	1
4962 	1
4963 	1
4964 	1
4965 	1
4969 	1
4971 	1
4973 	1
4979 	1
4981 	1
4984 	1
4986 	1
4987 	1
4989 	1
4991 	1
4998 	1
5001 	1
5003 	1
5006 	1
5008 	1
5011 	1
5014 	1
5017 	1
5019 	1
5020 	1
5021 	1
5022 	1
5024 	1
5026 	1
5028 	1
5029 	1
5030 	1
5031 	1
5034 	1
5036 	1
5040 	1
5042 	1
5043 	1
5044 	1
5048 	1
5051 	1
5052 	1
5054 	1
5055 	1
5056 	1
5057 	1
5062 	1
5066 	1
5068 	1
5073 	1
5074 	1
5084 	1
5086 	1
5089 	1
5091 	1
5092 	1
5093 	1
5094 	1
5095 	1
5097 	1
5098 	1
5104 	1
5109 	1
5113 	1
5114 	1
5115 	1
5116 	1
5120 	1
5121 	1
5122 	1
5123 	1
5126 	1
5128 	1
5130 	1
5133 	1
5135 	1
5137 	1
5139 	1
5140 	1
5145 	1
5146 	1
5148 	1
5151 	1
5152 	1
5156 	1
5157 	1
5161 	1
5164 	1
5165 	1
5167 	1
5169 	1
5170 	1
5178 	1
5180 	1
5182 	1
5187 	1
5189 	1
5192 	1
5197 	1
5200 	1
5206 	1
5207 	1
5211 	1
5213 	1
5214 	1
5215 	1
5216 	1
5217 	1
5219 	1
5222 	1
5227 	1
5230 	1
5233 	1
5236 	1
5237 	1
5238 	1
5239 	1
5241 	1
5245 	1
5249 	1
5251 	1
5252 	1
5255 	1
5256 	1
5259 	1
5264 	1
5265 	1
5267 	1
5277 	1
5278 	1
5279 	1
5283 	1
5286 	1
5287 	1
5290 	1
5291 	1
5293 	1
5294 	1
5298 	1
5299 	1
5302 	1
5303 	1
5304 	1
5305 	1
5307 	1
5308 	1
5310 	1
5313 	1
5314 	1
5316 	1
5320 	1
5324 	1
5326 	1
5328 	1
5330 	1
5331 	1
5332 	1
5337 	1
5338 	1
5339 	1
5340 	1
5344 	1
5345 	1
5350 	1
5352 	1
5357 	1
5359 	1
5360 	1
5367 	1
5369 	1
5370 	1
5371 	1
5372 	1
5374 	1
5375 	1
5379 	1
5380 	1
5381 	1
5384 	1
5385 	1
5387 	1
5390 	1
5394 	1
5396 	1
5399 	1
5401 	1
5402 	1
5406 	1
5407 	1
5413 	1
5415 	1
5417 	1
5423 	1
5424 	1
5426 	1
5427 	1
5429 	1
5430 	1
5431 	1
5432 	1
5433 	1
5436 	1
5437 	1
5438 	1
5439 	1
5440 	1
5442 	1
5446 	1
5447 	1
5448 	1
5454 	1
5455 	1
5456 	1
5457 	1
5458 	1
5462 	1
5465 	1
5466 	1
5469 	1
5470 	1
5471 	1
5474 	1
5475 	1
5479 	1
5483 	1
5489 	1
5490 	1
5494 	1
5498 	1
5499 	1
5504 	1
5505 	1
5507 	1
5508 	1
5509 	1
5513 	1
5514 	1
5518 	1
5519 	1
5521 	1
5523 	1
5524 	1
5528 	1
5529 	1
5530 	1
5531 	1
5534 	1
5535 	1
5538 	1
5543 	1
5544 	1
5547 	1
5548 	1
5550 	1
5552 	1
5554 	1
5556 	1
5557 	1
5558 	1
5559 	1
5564 	1
5567 	1
5568 	1
5569 	1
5570 	1
5575 	1
5577 	1
5579 	1
5583 	1
5584 	1
5587 	1
5590 	1
5593 	1
5594 	1
5596 	1
5597 	1
5600 	1
5601 	1
5602 	1
5605 	1
5606 	1
5607 	1
5608 	1
5610 	1
5615 	1
5616 	1
5617 	1
5619 	1
5621 	1
5626 	1
5630 	1
5632 	1
5633 	1
5635 	1
5639 	1
5641 	1
5643 	1
5644 	1
5645 	1
5650 	1
5653 	1
5655 	1
5658 	1
5661 	1
5664 	1
5666 	1
5674 	1
5678 	1
5679 	1
5681 	1
5682 	1
5683 	1
5684 	1
5685 	1
5688 	1
5690 	1
5691 	1
5694 	1
5695 	1
5696 	1
5700 	1
5702 	1
5704 	1
5708 	1
5713 	1
5717 	1
5722 	1
5725 	1
5726 	1
5730 	1
5731 	1
5732 	1
5734 	1
5737 	1
5739 	1
5740 	1
5741 	1
5745 	1
5746 	1
5748 	1
5751 	1
5753 	1
5754 	1
5757 	1
5758 	1
5761 	1
5763 	1
5767 	1
5768 	1
5770 	1
5773 	1
5775 	1
5778 	1
5779 	1
5780 	1
5782 	1
5783 	1
5785 	1
5787 	1
5788 	1
5794 	1
5796 	1
5797 	1
5799 	1
5803 	1
5806 	1
5808 	1
5809 	1
5811 	1
5812 	1
5813 	1
5814 	1
5816 	1
5817 	1
5818 	1
5819 	1
5822 	1
5827 	1
5829 	1
5830 	1
5833 	1
5835 	1
5837 	1
5841 	1
5842 	1
5847 	1
5851 	1
5853 	1
5858 	1
5859 	1
5860 	1
5861 	1
5862 	1
5868 	1
5872 	1
5874 	1
5876 	1
5878 	1
5882 	1
5883 	1
5884 	1
5886 	1
5887 	1
5888 	1
5891 	1
5894 	1
5895 	1
5898 	1
5902 	1
5905 	1
5908 	1
5909 	1
5913 	1
5914 	1
5915 	1
5927 	1
5928 	1
5930 	1
5931 	1
5932 	1
5934 	1
5935 	1
5938 	1
5940 	1
5943 	1
5948 	1
5950 	1
5951 	1
5952 	1
5957 	1
5958 	1
5963 	1
5964 	1
5967 	1
5968 	1
5969 	1
5971 	1
5977 	1
5978 	1
5981 	1
5985 	1
5991 	1
5994 	1
5995 	1
5996 	1
5998 	1
5999 	1
6000 	1
6002 	1
6005 	1
6008 	1
6011 	1
6014 	1
6015 	1
6019 	1
6020 	1
6022 	1
6025 	1
6026 	1
6030 	1
6031 	1
6034 	1
6037 	1
6038 	1
6040 	1
6044 	1
6046 	1
6047 	1
6049 	1
6051 	1
6052 	1
6053 	1
6054 	1
6056 	1
6058 	1
6059 	1
6074 	1
6076 	1
6077 	1
6078 	1
6079 	1
6084 	1
6086 	1
6090 	1
6094 	1
6097 	1
6098 	1
6099 	1
6101 	1
6103 	1
6108 	1
6109 	1
6110 	1
6112 	1
6113 	1
6114 	1
6118 	1
6119 	1
6120 	1
6121 	1
6126 	1
6127 	1
6129 	1
6132 	1
6133 	1
6138 	1
6139 	1
6146 	1
6148 	1
6150 	1
6152 	1
6156 	1
6157 	1
6158 	1
6159 	1
6160 	1
6161 	1
6162 	1
6163 	1
6165 	1
6166 	1
6179 	1
6184 	1
6186 	1
6189 	1
6190 	1
6193 	1
6196 	1
6198 	1
6200 	1
6201 	1
6205 	1
6207 	1
6208 	1
6212 	1
6213 	1
6214 	1
6217 	1
6218 	1
6221 	1
6226 	1
6230 	1
6231 	1
6234 	1
6235 	1
6236 	1
6238 	1
6239 	1
6241 	1
6242 	1
6244 	1
6246 	1
6254 	1
6255 	1
6257 	1
6261 	1
6263 	1
6264 	1
6269 	1
6270 	1
6273 	1
6278 	1
6280 	1
6281 	1
6283 	1
6285 	1
6286 	1
6288 	1
6289 	1
6293 	1
6297 	1
6298 	1
6300 	1
6303 	1
6305 	1
6306 	1
6307 	1
6310 	1
6312 	1
6313 	1
6314 	1
6318 	1
6319 	1
6322 	1
6323 	1
6324 	1
6325 	1
6326 	1
6327 	1
6332 	1
6333 	1
6334 	1
6335 	1
6336 	1
6341 	1
6347 	1
6348 	1
6353 	1
6355 	1
6358 	1
6359 	1
6360 	1
6366 	1
6367 	1
6369 	1
6373 	1
6376 	1
6377 	1
6381 	1
6382 	1
6383 	1
6384 	1
6395 	1
6397 	1
6398 	1
6399 	1
6400 	1
6401 	1
6404 	1
6406 	1
6408 	1
6409 	1
6410 	1
6412 	1
6413 	1
6414 	1
6419 	1
6422 	1
6423 	1
6425 	1
6426 	1
6429 	1
6430 	1
6434 	1
6435 	1
6436 	1
6437 	1
6441 	1
6442 	1
6447 	1
6448 	1
6451 	1
6453 	1
6456 	1
6460 	1
6461 	1
6462 	1
6465 	1
6470 	1
6471 	1
6472 	1
6474 	1
6475 	1
6477 	1
6478 	1
6480 	1
6482 	1
6483 	1
6485 	1
6487 	1
6489 	1
6490 	1
6491 	1
6493 	1
6496 	1
6499 	1
6501 	1
6510 	1
6511 	1
6514 	1
6515 	1
6516 	1
6517 	1
6521 	1
6522 	1
6524 	1
6526 	1
6527 	1
6528 	1
6532 	1
6533 	1
6535 	1
6536 	1
6538 	1
6540 	1
6541 	1
6542 	1
6543 	1
6544 	1
6545 	1
6546 	1
6552 	1
6554 	1
6562 	1
6566 	1
6568 	1
6569 	1
6570 	1
6571 	1
6572 	1
6573 	1
6578 	1
6581 	1
6586 	1
6587 	1
6589 	1
6592 	1
6594 	1
6595 	1
6596 	1
6600 	1
6605 	1
6607 	1
6608 	1
6609 	1
6612 	1
6617 	1
6619 	1
6625 	1
6626 	1
6628 	1
6630 	1
6637 	1
6641 	1
6644 	1
6645 	1
6647 	1
6650 	1
6651 	1
6652 	1
6653 	1
6656 	1
6658 	1
6662 	1
6666 	1
6668 	1
6670 	1
6671 	1
6674 	1
6675 	1
6676 	1
6678 	1
6679 	1
6684 	1
6686 	1
6692 	1
6695 	1
6701 	1
6702 	1
6704 	1
6705 	1
6707 	1
6710 	1
6715 	1
6716 	1
6717 	1
6719 	1
6720 	1
6722 	1
6724 	1
6725 	1
6728 	1
6729 	1
6731 	1
6732 	1
6739 	1
6740 	1
6741 	1
6743 	1
6749 	1
6752 	1
6754 	1
6759 	1
6761 	1
6763 	1
6765 	1
6767 	1
6770 	1
6771 	1
6775 	1
6786 	1
6791 	1
6795 	1
6796 	1
6798 	1
6800 	1
6804 	1
6806 	1
6808 	1
6811 	1
6812 	1
6813 	1
6819 	1
6821 	1
6824 	1
6825 	1
6826 	1
6827 	1
6828 	1
6831 	1
6832 	1
6833 	1
6834 	1
6835 	1
6837 	1
6839 	1
6840 	1
6841 	1
6845 	1
6854 	1
6856 	1
6857 	1
6858 	1
6859 	1
6864 	1
6866 	1
6870 	1
6880 	1
6881 	1
6884 	1
6885 	1
6886 	1
6887 	1
6888 	1
6892 	1
6893 	1
6896 	1
6901 	1
6902 	1
6904 	1
6905 	1
6907 	1
6908 	1
6911 	1
6912 	1
6922 	1
6923 	1
6926 	1
6928 	1
6929 	1
6930 	1
6931 	1
6934 	1
6938 	1
6939 	1
6942 	1
6950 	1
6953 	1
6956 	1
6965 	1
6969 	1
6970 	1
6975 	1
6977 	1
6978 	1
6980 	1
6981 	1
6983 	1
6988 	1
6989 	1
6990 	1
6991 	1
6992 	1
6993 	1
6995 	1
6999 	1
7002 	1
7003 	1
7007 	1
7009 	1
7012 	1
7014 	1
7020 	1
7021 	1
7023 	1
7024 	1
7025 	1
7028 	1
7029 	1
7030 	1
7031 	1
7032 	1
7034 	1
7035 	1
7039 	1
7041 	1
7048 	1
7050 	1
7053 	1
7055 	1
7056 	1
7057 	1
7058 	1
7060 	1
7062 	1
7066 	1
7071 	1
7075 	1
7077 	1
7078 	1
7079 	1
7080 	1
7084 	1
7085 	1
7087 	1
7088 	1
7090 	1
7093 	1
7095 	1
7096 	1
7098 	1
7100 	1
7101 	1
7103 	1
7104 	1
7106 	1
7107 	1
7108 	1
7109 	1
7110 	1
7112 	1
7113 	1
7118 	1
7119 	1
7120 	1
7121 	1
7125 	1
7126 	1
7127 	1
7132 	1
7133 	1
7138 	1
7140 	1
7141 	1
7142 	1
7143 	1
7144 	1
7145 	1
7146 	1
7147 	1
7149 	1
7151 	1
7154 	1
7157 	1
7159 	1
7163 	1
7164 	1
7165 	1
7168 	1
7169 	1
7170 	1
7173 	1
7174 	1
7179 	1
7180 	1
7184 	1
7185 	1
7189 	1
7191 	1
7193 	1
7194 	1
7200 	1
7201 	1
7204 	1
7205 	1
7206 	1
7207 	1
7209 	1
7210 	1
7214 	1
7216 	1
7219 	1
7222 	1
7223 	1
7224 	1
7226 	1
7229 	1
7231 	1
7234 	1
7237 	1
7238 	1
7244 	1
7248 	1
7249 	1
7251 	1
7254 	1
7256 	1
7258 	1
7260 	1
7267 	1
7270 	1
7273 	1
7274 	1
7280 	1
7283 	1
7284 	1
7285 	1
7291 	1
7294 	1
7296 	1
7297 	1
7302 	1
7305 	1
7309 	1
7314 	1
7315 	1
7317 	1
7318 	1
7322 	1
7325 	1
7327 	1
7328 	1
7329 	1
7332 	1
7333 	1
7339 	1
7342 	1
7343 	1
7344 	1
7348 	1
7352 	1
7354 	1
7355 	1
7360 	1
7365 	1
7366 	1
7375 	1
7383 	1
7385 	1
7386 	1
7388 	1
7390 	1
7391 	1
7393 	1
7394 	1
7395 	1
7396 	1
7398 	1
7399 	1
7402 	1
7404 	1
7405 	1
7406 	1
7408 	1
7410 	1
7411 	1
7413 	1
7414 	1
7417 	1
7418 	1
7424 	1
7426 	1
7428 	1
7433 	1
7434 	1
7435 	1
7437 	1
7438 	1
7444 	1
7445 	1
7449 	1
7452 	1
7453 	1
7454 	1
7457 	1
7463 	1
7464 	1
7466 	1
7468 	1
7470 	1
7474 	1
7475 	1
7483 	1
7486 	1
7488 	1
7489 	1
7490 	1
7494 	1
7496 	1
7497 	1
7500 	1
7503 	1
7504 	1
7506 	1
7508 	1
7509 	1
7510 	1
7511 	1
7515 	1
7518 	1
7519 	1
7521 	1
7531 	1
7535 	1
7536 	1
7540 	1
7544 	1
7546 	1
7550 	1
7552 	1
7554 	1
7555 	1
7556 	1
7559 	1
7560 	1
7563 	1
7564 	1
7565 	1
7567 	1
7568 	1
7574 	1
7579 	1
7580 	1
7581 	1
7582 	1
7584 	1
7585 	1
7586 	1
7590 	1
7591 	1
7592 	1
7593 	1
7596 	1
7597 	1
7601 	1
7602 	1
7603 	1
7605 	1
7606 	1
7607 	1
7612 	1
7615 	1
7617 	1
7625 	1
7628 	1
7629 	1
7630 	1
7633 	1
7635 	1
7638 	1
7639 	1
7646 	1
7647 	1
7648 	1
7650 	1
7651 	1
7653 	1
7654 	1
7655 	1
7656 	1
7663 	1
7665 	1
7678 	1
7681 	1
7682 	1
7683 	1
7684 	1
7686 	1
7690 	1
7692 	1
7693 	1
7695 	1
7696 	1
7708 	1
7712 	1
7715 	1
7719 	1
7720 	1
7724 	1
7725 	1
7726 	1
7727 	1
7730 	1
7736 	1
7737 	1
7741 	1
7743 	1
7744 	1
7745 	1
7746 	1
7747 	1
7749 	1
7750 	1
7754 	1
7760 	1
7765 	1
7768 	1
7769 	1
7771 	1
7773 	1
7781 	1
7782 	1
7784 	1
7785 	1
7787 	1
7788 	1
7794 	1
7796 	1
7797 	1
7801 	1
7803 	1
7806 	1
7807 	1
7811 	1
7813 	1
7815 	1
7816 	1
7817 	1
7822 	1
7826 	1
7828 	1
7829 	1
7839 	1
7844 	1
7845 	1
7847 	1
7848 	1
7850 	1
7851 	1
7853 	1
7854 	1
7856 	1
7857 	1
7858 	1
7859 	1
7862 	1
7863 	1
7867 	1
7871 	1
7872 	1
7873 	1
7878 	1
7881 	1
7886 	1
7887 	1
7888 	1
7891 	1
7893 	1
7898 	1
7899 	1
7900 	1
7902 	1
7906 	1
7910 	1
7911 	1
7912 	1
7914 	1
7915 	1
7916 	1
7920 	1
7924 	1
7925 	1
7930 	1
7932 	1
7940 	1
7941 	1
7943 	1
7944 	1
7946 	1
7947 	1
7950 	1
7953 	1
7955 	1
7957 	1
7958 	1
7959 	1
7960 	1
7961 	1
7962 	1
7963 	1
7970 	1
7971 	1
7972 	1
7973 	1
7974 	1
7975 	1
7976 	1
7978 	1
7980 	1
7982 	1
7983 	1
7984 	1
7990 	1
7991 	1
7992 	1
7994 	1
7995 	1
7996 	1
7998 	1
7999 	1
8002 	1
8003 	1
8004 	1
8007 	1
8008 	1
8010 	1
8011 	1
8013 	1
8014 	1
8021 	1
8028 	1
8029 	1
8036 	1
8037 	1
8038 	1
8042 	1
8051 	1
8052 	1
8054 	1
8055 	1
8056 	1
8057 	1
8058 	1
8060 	1
8064 	1
8069 	1
8070 	1
8071 	1
8072 	1
8075 	1
8079 	1
8080 	1
8083 	1
8094 	1
8096 	1
8098 	1
8102 	1
8103 	1
8105 	1
8106 	1
8107 	1
8111 	1
8112 	1
8113 	1
8114 	1
8115 	1
8118 	1
8122 	1
8127 	1
8131 	1
8137 	1
8144 	1
8145 	1
8149 	1
8152 	1
8155 	1
8162 	1
8165 	1
8169 	1
8173 	1
8176 	1
8177 	1
8178 	1
8189 	1
8191 	1
8192 	1
8193 	1
8194 	1
8195 	1
8197 	1
8198 	1
8199 	1
8200 	1
8203 	1
8207 	1
8208 	1
8210 	1
8211 	1
8213 	1
8220 	1
8223 	1
8224 	1
8225 	1
8227 	1
8230 	1
8236 	1
8237 	1
8238 	1
8240 	1
8241 	1
8243 	1
8244 	1
8245 	1
8246 	1
8247 	1
8249 	1
8251 	1
8254 	1
8257 	1
8258 	1
8259 	1
8260 	1
8265 	1
8266 	1
8268 	1
8272 	1
8273 	1
8274 	1
8276 	1
8278 	1
8279 	1
8283 	1
8284 	1
8285 	1
8286 	1
8291 	1
8292 	1
8293 	1
8297 	1
8299 	1
8300 	1
8308 	1
8314 	1
8315 	1
8317 	1
8320 	1
8322 	1
8327 	1
8328 	1
8333 	1
8334 	1
8337 	1
8338 	1
8342 	1
8343 	1
8346 	1
8349 	1
8350 	1
8351 	1
8353 	1
8357 	1
8359 	1
8360 	1
8362 	1
8364 	1
8372 	1
8373 	1
8375 	1
8376 	1
8377 	1
8381 	1
8386 	1
8388 	1
8389 	1
8390 	1
8395 	1
8396 	1
8397 	1
8400 	1
8401 	1
8404 	1
8409 	1
8413 	1
8414 	1
8420 	1
8421 	1
8422 	1
8426 	1
8428 	1
8429 	1
8430 	1
8434 	1
8436 	1
8437 	1
8439 	1
8440 	1
8442 	1
8443 	1
8446 	1
8452 	1
8454 	1
8456 	1
8458 	1
8459 	1
8462 	1
8464 	1
8466 	1
8469 	1
8470 	1
8472 	1
8473 	1
8476 	1
8477 	1
8478 	1
8479 	1
8480 	1
8487 	1
8488 	1
8491 	1
8492 	1
8493 	1
8494 	1
8496 	1
8498 	1
8501 	1
8502 	1
8507 	1
8508 	1
8512 	1
8513 	1
8514 	1
8516 	1
8517 	1
8522 	1
8526 	1
8528 	1
8531 	1
8532 	1
8533 	1
8535 	1
8538 	1
8540 	1
8543 	1
8544 	1
8545 	1
8546 	1
8547 	1
8552 	1
8557 	1
8559 	1
8560 	1
8563 	1
8565 	1
8566 	1
8572 	1
8574 	1
8575 	1
8576 	1
8577 	1
8579 	1
8581 	1
8582 	1
8584 	1
8587 	1
8589 	1
8590 	1
8593 	1
8594 	1
8595 	1
8598 	1
8601 	1
8602 	1
8604 	1
8605 	1
8606 	1
8610 	1
8617 	1
8627 	1
8631 	1
8632 	1
8633 	1
8640 	1
8641 	1
8643 	1
8651 	1
8652 	1
8656 	1
8657 	1
8659 	1
8662 	1
8663 	1
8666 	1
8674 	1
8675 	1
8677 	1
8681 	1
8684 	1
8685 	1
8686 	1
8687 	1
8691 	1
8692 	1
8695 	1
8698 	1
8699 	1
8701 	1
8703 	1
8704 	1
8708 	1
8711 	1
8715 	1
8716 	1
8717 	1
8719 	1
8720 	1
8721 	1
8723 	1
8724 	1
8728 	1
8729 	1
8731 	1
8733 	1
8734 	1
8738 	1
8739 	1
8745 	1
8746 	1
8747 	1
8748 	1
8753 	1
8755 	1
8756 	1
8757 	1
8758 	1
8759 	1
8763 	1
8764 	1
8767 	1
8769 	1
8771 	1
8774 	1
8775 	1
8778 	1
8779 	1
8780 	1
8781 	1
8785 	1
8789 	1
8791 	1
8795 	1
8796 	1
8797 	1
8799 	1
8803 	1
8804 	1
8805 	1
8807 	1
8811 	1
8812 	1
8813 	1
8818 	1
8819 	1
8821 	1
8824 	1
8825 	1
8828 	1
8829 	1
8830 	1
8833 	1
8834 	1
8840 	1
8842 	1
8843 	1
8846 	1
8849 	1
8850 	1
8851 	1
8854 	1
8857 	1
8858 	1
8859 	1
8861 	1
8863 	1
8866 	1
8868 	1
8869 	1
8880 	1
8882 	1
8883 	1
8887 	1
8888 	1
8889 	1
8890 	1
8891 	1
8893 	1
8897 	1
8898 	1
8900 	1
8904 	1
8905 	1
8906 	1
8907 	1
8908 	1
8911 	1
8915 	1
8919 	1
8921 	1
8923 	1
8925 	1
8931 	1
8932 	1
8934 	1
8935 	1
8936 	1
8938 	1
8941 	1
8942 	1
8944 	1
8946 	1
8948 	1
8950 	1
8953 	1
8954 	1
8956 	1
8958 	1
8960 	1
8961 	1
8962 	1
8968 	1
8973 	1
8978 	1
8979 	1
8980 	1
8981 	1
8983 	1
8984 	1
8987 	1
8990 	1
8996 	1
8998 	1
8999 	1
9001 	1
9002 	1
9003 	1
9004 	1
9005 	1
9006 	1
9008 	1
9015 	1
9016 	1
9017 	1
9018 	1
9019 	1
9021 	1
9022 	1
9024 	1
9027 	1
9030 	1
9031 	1
9034 	1
9039 	1
9040 	1
9042 	1
9045 	1
9046 	1
9048 	1
9052 	1
9053 	1
9054 	1
9060 	1
9063 	1
9068 	1
9072 	1
9077 	1
9078 	1
9083 	1
9084 	1
9085 	1
9087 	1
9089 	1
9090 	1
9096 	1
9099 	1
9103 	1
9104 	1
9105 	1
9106 	1
9107 	1
9108 	1
9116 	1
9122 	1
9124 	1
9127 	1
9129 	1
9135 	1
9136 	1
9138 	1
9139 	1
9142 	1
9143 	1
9144 	1
9145 	1
9146 	1
9147 	1
9148 	1
9151 	1
9152 	1
9156 	1
9157 	1
9160 	1
9162 	1
9166 	1
9168 	1
9173 	1
9178 	1
9181 	1
9189 	1
9190 	1
9193 	1
9194 	1
9200 	1
9201 	1
9202 	1
9203 	1
9204 	1
9208 	1
9213 	1
9214 	1
9215 	1
9218 	1
9219 	1
9220 	1
9225 	1
9226 	1
9227 	1
9232 	1
9234 	1
9235 	1
9237 	1
9241 	1
9242 	1
9244 	1
9246 	1
9248 	1
9249 	1
9250 	1
9251 	1
9253 	1
9256 	1
9257 	1
9262 	1
9263 	1
9268 	1
9269 	1
9273 	1
9276 	1
9278 	1
9281 	1
9282 	1
9285 	1
9286 	1
9287 	1
9288 	1
9289 	1
9291 	1
9295 	1
9298 	1
9299 	1
9300 	1
9303 	1
9305 	1
9307 	1
9310 	1
9311 	1
9312 	1
9315 	1
9317 	1
9319 	1
9320 	1
9321 	1
9323 	1
9334 	1
9336 	1
9337 	1
9338 	1
9340 	1
9341 	1
9344 	1
9347 	1
9348 	1
9350 	1
9353 	1
9354 	1
9355 	1
9358 	1
9359 	1
9364 	1
9366 	1
9367 	1
9368 	1
9371 	1
9375 	1
9376 	1
9377 	1
9381 	1
9382 	1
9383 	1
9389 	1
9395 	1
9399 	1
9402 	1
9404 	1
9406 	1
9407 	1
9408 	1
9410 	1
9412 	1
9414 	1
9415 	1
9418 	1
9420 	1
9421 	1
9423 	1
9425 	1
9427 	1
9429 	1
9430 	1
9441 	1
9445 	1
9447 	1
9450 	1
9451 	1
9452 	1
9457 	1
9461 	1
9463 	1
9467 	1
9468 	1
9470 	1
9474 	1
9475 	1
9482 	1
9483 	1
9485 	1
9486 	1
9490 	1
9493 	1
9494 	1
9495 	1
9496 	1
9497 	1
9498 	1
9501 	1
9502 	1
9505 	1
9506 	1
9507 	1
9508 	1
9511 	1
9512 	1
9514 	1
9516 	1
9517 	1
9518 	1
9524 	1
9534 	1
9535 	1
9542 	1
9543 	1
9544 	1
9546 	1
9547 	1
9549 	1
9550 	1
9551 	1
9555 	1
9558 	1
9561 	1
9565 	1
9566 	1
9567 	1
9569 	1
9573 	1
9574 	1
9576 	1
9579 	1
9581 	1
9582 	1
9585 	1
9586 	1
9588 	1
9590 	1
9591 	1
9596 	1
9597 	1
9600 	1
9601 	1
9602 	1
9605 	1
9606 	1
9607 	1
9610 	1
9611 	1
9616 	1
9619 	1
9621 	1
9622 	1
9623 	1
9626 	1
9628 	1
9629 	1
9631 	1
9632 	1
9633 	1
9634 	1
9635 	1
9636 	1
9639 	1
9643 	1
9647 	1
9650 	1
9653 	1
9654 	1
9658 	1
9660 	1
9666 	1
9668 	1
9669 	1
9672 	1
9673 	1
9676 	1
9679 	1
9681 	1
9684 	1
9685 	1
9687 	1
9688 	1
9693 	1
9697 	1
9702 	1
9705 	1
9706 	1
9709 	1
9711 	1
9714 	1
9715 	1
9718 	1
9719 	1
9721 	1
9722 	1
9724 	1
9725 	1
9727 	1
9729 	1
9730 	1
9731 	1
9732 	1
9736 	1
9738 	1
9740 	1
9742 	1
9743 	1
9745 	1
9746 	1
9749 	1
9752 	1
9755 	1
9758 	1
9759 	1
9762 	1
9764 	1
9765 	1
9767 	1
9770 	1
9772 	1
9773 	1
9777 	1
9782 	1
9788 	1
9789 	1
9792 	1
9796 	1
9799 	1
9801 	1
9802 	1
9803 	1
9805 	1
9806 	1
9808 	1
9809 	1
9811 	1
9812 	1
9813 	1
9816 	1
9822 	1
9827 	1
9831 	1
9832 	1
9833 	1
9834 	1
9836 	1
9837 	1
9838 	1
9839 	1
9840 	1
9842 	1
9843 	1
9845 	1
9847 	1
9848 	1
9850 	1
9851 	1
9857 	1
9859 	1
9860 	1
9861 	1
9862 	1
9864 	1
9867 	1
9868 	1
9871 	1
9872 	1
9874 	1
9876 	1
9877 	1
9879 	1
9880 	1
9883 	1
9884 	1
9885 	1
9886 	1
9890 	1
9891 	1
9894 	1
9898 	1
9899 	1
9900 	1
9901 	1
9905 	1
9906 	1
9908 	1
9909 	1
9911 	1
9912 	1
9914 	1
9915 	1
9916 	1
9919 	1
9921 	1
9922 	1
9923 	1
9924 	1
9926 	1
9929 	1
9933 	1
9934 	1
9939 	1
9946 	1
9947 	1
9949 	1
9950 	1
9951 	1
9952 	1
9953 	1
9955 	1
9958 	1
9959 	1
9966 	1
9967 	1
9971 	1
9973 	1
9975 	1
9977 	1
9979 	1
9980 	1
9982 	1
9984 	1
9990 	1
9994 	1
9997 	1
9998 	1
