Number of items 	Total Weight 	Total Profit 
432 	125637.25 	28950.0277778 


Total time: 0.00712203979492 s
Average time: 0.00178098678589 s
Last call: 1.90734863281e-06 s
Stamp 1 of the total: 0h 0m 0s 7ms 7122\u00B5s
Stamp 2 of the total: 00:00:00.0007
Pattern that ignores zeros:
7ms 7122\u00B5s
0007

Item    Fraction

3 	1
6 	1
7 	1
9 	1
10 	1
11 	1
13 	1
14 	1
18 	1
19 	1
23 	1
24 	1
25 	1
27 	1
35 	1
37 	1
38 	1
41 	1
47 	1
49 	1
52 	1
54 	1
55 	1
56 	1
60 	1
63 	1
65 	1
66 	1
68 	1
71 	1
72 	1
73 	1
80 	1
82 	1
83 	1
89 	1
90 	1
91 	1
92 	1
96 	1
97 	1
98 	1
99 	1
101 	1
104 	1
106 	1
107 	1
108 	1
113 	1
114 	1
117 	1
119 	1
122 	1
124 	1
129 	1
132 	1
133 	1
134 	1
139 	1
140 	1
142 	1
144 	1
146 	1
148 	1
149 	1
151 	1
154 	1
158 	1
159 	1
162 	1
163 	1
165 	1
168 	1
169 	1
170 	1
171 	1
180 	1
181 	1
182 	1
184 	1
185 	1
187 	1
189 	1
190 	1
196 	1
197 	1
199 	1
201 	1
205 	1
206 	1
208 	1
210 	1
211 	1
213 	1
214 	1
215 	1
216 	1
218 	1
220 	1
224 	1
225 	1
227 	1
228 	1
231 	1
232 	1
236 	1
237 	1
239 	1
241 	1
244 	1
246 	1
247 	1
248 	1
249 	1
251 	1
254 	1
257 	1
258 	1
260 	1
261 	1
266 	1
268 	1
269 	1
275 	1
282 	1
283 	1
285 	1
286 	1
287 	1
291 	1
292 	1
295 	1
296 	1
298 	1
302 	1
304 	1
305 	1
306 	1
307 	1
311 	1
312 	1
313 	1
314 	1
315 	1
317 	1
319 	1
321 	1
325 	1
326 	1
328 	1
329 	1
330 	1
333 	1
335 	1
338 	1
342 	1
343 	1
346 	1
352 	1
353 	1
354 	1
357 	1
362 	1
363 	1
366 	1
371 	1
374 	1
376 	1
381 	1
383 	1
384 	1
385 	1
386 	1
387 	1
388 	1
389 	1
393 	1
395 	1
399 	1
400 	1
401 	1
404 	1
405 	1
408 	1
409 	1
419 	1
422 	1
427 	1
429 	1
431 	1
432 	1
435 	1
436 	1
437 	1
445 	1
446 	1
447 	1
448 	1
454 	1
456 	1
459 	1
462 	1
463 	1
465 	1
466 	1
472 	1
473 	1
474 	1
477 	1
479 	1
482 	1
485 	1
486 	1
488 	1
490 	1
492 	1
494 	1
496 	1
498 	1
501 	1
504 	1
506 	1
507 	1
510 	1
515 	1
521 	1
523 	1
529 	1
532 	1
533 	1
536 	1
540 	1
541 	1
546 	1
547 	1
549 	1
550 	1
553 	1
555 	1
556 	1
558 	1
559 	1
564 	1
565 	1
566 	1
567 	1
568 	1
569 	1
572 	0.790277777778
574 	1
577 	1
578 	1
583 	1
585 	1
586 	1
588 	1
589 	1
594 	1
599 	1
601 	1
604 	1
605 	1
606 	1
607 	1
608 	1
609 	1
611 	1
612 	1
614 	1
615 	1
618 	1
619 	1
623 	1
625 	1
631 	1
634 	1
635 	1
637 	1
638 	1
640 	1
641 	1
643 	1
645 	1
646 	1
648 	1
652 	1
653 	1
654 	1
656 	1
658 	1
659 	1
660 	1
664 	1
665 	1
666 	1
668 	1
669 	1
670 	1
671 	1
673 	1
674 	1
678 	1
679 	1
680 	1
681 	1
688 	1
689 	1
690 	1
692 	1
694 	1
696 	1
697 	1
698 	1
699 	1
707 	1
708 	1
709 	1
712 	1
713 	1
714 	1
717 	1
721 	1
722 	1
726 	1
728 	1
730 	1
733 	1
736 	1
737 	1
740 	1
741 	1
744 	1
747 	1
749 	1
754 	1
755 	1
756 	1
762 	1
763 	1
766 	1
768 	1
769 	1
774 	1
775 	1
777 	1
779 	1
782 	1
785 	1
798 	1
801 	1
805 	1
808 	1
810 	1
813 	1
814 	1
815 	1
816 	1
821 	1
832 	1
834 	1
837 	1
840 	1
841 	1
842 	1
846 	1
847 	1
848 	1
855 	1
856 	1
857 	1
859 	1
862 	1
871 	1
872 	1
873 	1
874 	1
876 	1
880 	1
881 	1
885 	1
886 	1
887 	1
889 	1
890 	1
891 	1
894 	1
896 	1
897 	1
902 	1
906 	1
908 	1
910 	1
914 	1
915 	1
918 	1
919 	1
920 	1
922 	1
923 	1
924 	1
925 	1
930 	1
935 	1
937 	1
941 	1
942 	1
943 	1
946 	1
948 	1
950 	1
953 	1
956 	1
958 	1
960 	1
961 	1
965 	1
967 	1
968 	1
971 	1
972 	1
974 	1
978 	1
982 	1
983 	1
984 	1
990 	1
991 	1
992 	1
993 	1
994 	1
996 	1
999 	1
