Number of items 	Total Weight 	Total Profit 
5982 	1770869.75 	401776.092243 


Total time: 0.131000041962 s
Average time: 0.0327507853508 s
Last call: 3.09944152832e-06 s
Stamp 1 of the total: 0h 0m 0s 131ms 131000\u00B5s
Stamp 2 of the total: 00:00:00.0131
Pattern that ignores zeros:
131ms 131000\u00B5s
0131

Item    Fraction

1 	1
2 	1
6 	1
7 	1
8 	1
9 	1
10 	1
12 	1
14 	1
15 	1
17 	1
18 	1
22 	1
25 	1
28 	1
31 	1
32 	1
36 	1
37 	1
38 	1
42 	1
45 	1
49 	1
53 	1
54 	1
55 	1
59 	1
61 	1
64 	1
75 	1
76 	1
83 	1
88 	1
92 	1
93 	1
96 	1
97 	1
102 	1
104 	1
105 	1
106 	1
107 	1
110 	1
111 	1
112 	1
113 	1
115 	1
116 	1
117 	1
120 	1
121 	1
123 	1
124 	1
127 	1
131 	1
132 	1
135 	1
137 	1
139 	1
140 	1
142 	1
143 	1
145 	1
147 	1
149 	1
150 	1
153 	1
157 	1
158 	1
161 	1
163 	1
164 	1
165 	1
166 	1
167 	1
169 	1
170 	1
171 	1
173 	1
176 	1
180 	1
181 	1
182 	1
183 	1
185 	1
186 	1
187 	1
188 	1
189 	1
190 	1
191 	1
192 	1
193 	1
194 	1
196 	1
199 	1
202 	1
204 	1
205 	1
206 	1
211 	1
212 	1
213 	1
215 	1
216 	1
217 	1
218 	1
223 	1
226 	1
228 	1
230 	1
233 	1
235 	1
236 	1
238 	1
244 	1
246 	1
251 	1
253 	1
257 	1
263 	1
264 	1
265 	1
268 	1
270 	1
273 	1
275 	1
280 	1
281 	1
282 	1
284 	1
286 	1
287 	1
292 	1
295 	1
297 	1
298 	1
300 	1
302 	1
303 	1
304 	1
306 	1
312 	1
313 	1
317 	1
329 	1
333 	1
335 	1
337 	1
339 	1
340 	1
346 	1
348 	1
350 	1
352 	1
353 	1
356 	1
357 	1
359 	1
360 	1
364 	1
366 	1
368 	1
370 	1
371 	1
378 	1
379 	1
383 	1
386 	1
387 	1
390 	1
391 	1
392 	1
393 	1
394 	1
397 	1
398 	1
399 	1
401 	1
402 	1
404 	1
405 	1
412 	1
414 	1
416 	1
421 	1
424 	1
425 	1
428 	1
429 	1
430 	1
432 	1
434 	1
436 	1
439 	1
441 	1
442 	1
446 	1
447 	1
448 	1
451 	1
453 	1
454 	1
455 	1
459 	1
461 	1
463 	1
464 	1
468 	1
469 	1
476 	1
477 	1
480 	1
481 	1
483 	1
486 	1
489 	1
490 	1
491 	1
492 	1
495 	1
497 	1
498 	1
502 	1
509 	1
510 	1
513 	1
514 	1
515 	1
516 	1
518 	1
523 	1
526 	1
527 	1
528 	1
531 	1
534 	1
537 	1
539 	1
545 	1
547 	1
548 	1
549 	1
550 	1
553 	1
558 	1
559 	1
560 	1
564 	1
565 	1
567 	1
568 	1
570 	1
572 	1
574 	1
575 	1
576 	1
577 	1
579 	1
582 	1
583 	1
584 	1
585 	1
589 	1
590 	1
594 	1
597 	1
602 	1
603 	1
610 	1
612 	1
614 	1
616 	1
620 	1
621 	1
623 	1
624 	1
627 	1
628 	1
629 	1
630 	1
632 	1
634 	1
637 	1
645 	1
647 	1
649 	1
651 	1
652 	1
655 	1
656 	1
657 	1
658 	1
660 	1
661 	1
663 	1
664 	1
665 	1
667 	1
669 	1
671 	1
673 	1
674 	1
678 	1
681 	1
682 	1
683 	1
685 	1
686 	1
688 	1
692 	1
698 	1
700 	1
702 	1
703 	1
705 	1
709 	1
711 	1
712 	1
714 	1
715 	1
716 	1
723 	1
724 	1
725 	1
728 	1
729 	1
732 	1
734 	1
736 	1
737 	1
738 	1
739 	1
743 	1
747 	1
748 	1
753 	1
754 	1
755 	1
758 	1
761 	1
765 	1
768 	1
772 	1
774 	1
775 	1
776 	1
777 	1
781 	1
784 	1
787 	1
788 	1
793 	1
794 	1
796 	1
800 	1
804 	1
805 	1
806 	1
810 	1
812 	1
816 	1
817 	1
819 	1
823 	1
828 	1
830 	1
831 	1
832 	1
833 	1
834 	1
835 	1
837 	1
839 	1
845 	1
846 	1
847 	1
849 	1
850 	1
853 	1
854 	1
858 	1
859 	1
860 	1
861 	1
862 	1
863 	1
864 	1
868 	1
871 	1
873 	1
877 	1
878 	1
881 	1
890 	1
892 	1
893 	1
895 	1
898 	1
900 	1
901 	1
905 	1
911 	1
915 	1
916 	1
917 	1
923 	1
924 	1
927 	1
929 	1
931 	1
934 	1
935 	1
938 	1
939 	1
941 	1
942 	1
943 	1
946 	1
950 	1
956 	1
957 	1
968 	1
969 	1
971 	1
972 	1
974 	1
975 	1
977 	1
983 	1
984 	1
986 	1
989 	1
991 	1
992 	1
994 	1
995 	1
996 	1
998 	1
1000 	1
1001 	1
1007 	1
1009 	1
1011 	1
1012 	1
1013 	1
1014 	1
1019 	1
1023 	1
1024 	1
1026 	1
1027 	1
1031 	1
1032 	1
1033 	1
1034 	1
1037 	1
1038 	1
1040 	1
1044 	1
1046 	1
1048 	1
1051 	1
1052 	1
1053 	1
1056 	1
1060 	1
1062 	1
1068 	1
1071 	1
1073 	1
1075 	1
1076 	1
1081 	1
1082 	1
1083 	1
1084 	1
1085 	1
1086 	1
1092 	1
1093 	1
1095 	1
1097 	1
1102 	1
1104 	1
1107 	1
1116 	1
1117 	1
1118 	1
1119 	1
1121 	1
1125 	1
1127 	1
1128 	1
1132 	1
1134 	1
1137 	1
1141 	1
1145 	1
1146 	1
1151 	1
1156 	1
1157 	1
1163 	1
1165 	1
1167 	1
1169 	1
1170 	1
1174 	1
1175 	1
1177 	1
1179 	1
1182 	1
1183 	1
1187 	1
1191 	1
1192 	1
1193 	1
1194 	1
1195 	1
1197 	1
1198 	1
1200 	1
1201 	1
1204 	1
1208 	1
1209 	1
1212 	1
1213 	1
1215 	1
1217 	1
1219 	1
1220 	1
1222 	1
1223 	1
1226 	1
1228 	1
1229 	1
1231 	1
1232 	1
1233 	1
1234 	1
1235 	1
1237 	1
1241 	1
1244 	1
1245 	1
1246 	1
1247 	1
1248 	1
1249 	1
1250 	1
1253 	1
1254 	1
1257 	1
1262 	1
1263 	1
1264 	1
1266 	1
1268 	1
1270 	1
1273 	1
1274 	1
1277 	1
1278 	1
1281 	1
1282 	1
1285 	1
1290 	1
1295 	1
1296 	1
1298 	1
1300 	1
1302 	1
1307 	1
1310 	1
1312 	1
1316 	1
1326 	1
1328 	1
1329 	1
1330 	1
1331 	1
1332 	1
1333 	1
1337 	1
1338 	1
1340 	1
1342 	1
1344 	1
1345 	1
1349 	1
1350 	1
1351 	1
1355 	1
1356 	1
1357 	1
1359 	1
1363 	1
1364 	1
1366 	1
1368 	1
1369 	1
1371 	1
1373 	1
1374 	1
1377 	1
1379 	1
1382 	1
1385 	1
1386 	1
1387 	1
1388 	1
1389 	1
1393 	1
1394 	1
1395 	1
1398 	1
1401 	1
1404 	1
1406 	1
1411 	1
1413 	1
1419 	1
1420 	1
1423 	1
1424 	1
1428 	1
1430 	1
1431 	1
1433 	1
1435 	1
1436 	1
1437 	1
1443 	1
1444 	1
1445 	1
1446 	1
1447 	1
1450 	1
1452 	1
1456 	1
1457 	1
1459 	1
1460 	1
1463 	1
1464 	1
1467 	1
1469 	1
1474 	1
1480 	1
1483 	1
1485 	1
1486 	1
1487 	1
1488 	1
1490 	1
1491 	1
1492 	1
1493 	1
1495 	1
1497 	1
1498 	1
1503 	1
1504 	1
1506 	1
1507 	1
1508 	1
1509 	1
1511 	1
1513 	1
1519 	1
1524 	1
1525 	1
1530 	1
1531 	1
1533 	1
1534 	1
1539 	1
1541 	1
1546 	1
1548 	1
1549 	1
1551 	1
1552 	1
1553 	1
1554 	1
1555 	1
1559 	1
1567 	1
1568 	1
1570 	1
1573 	1
1576 	1
1579 	1
1582 	1
1583 	1
1586 	1
1588 	1
1591 	1
1592 	1
1593 	1
1596 	1
1601 	1
1604 	1
1605 	1
1606 	1
1607 	1
1610 	1
1612 	1
1614 	1
1617 	1
1618 	1
1619 	1
1621 	1
1622 	1
1625 	1
1627 	1
1629 	1
1630 	1
1635 	1
1639 	1
1641 	1
1644 	1
1648 	1
1649 	1
1650 	1
1651 	1
1653 	1
1654 	1
1658 	1
1663 	1
1667 	1
1668 	1
1669 	1
1672 	1
1675 	1
1679 	1
1684 	1
1686 	1
1687 	1
1698 	1
1700 	1
1702 	1
1707 	1
1708 	1
1709 	1
1710 	1
1711 	1
1722 	1
1723 	1
1724 	1
1727 	1
1728 	1
1729 	1
1731 	1
1735 	1
1741 	1
1742 	1
1743 	1
1744 	1
1750 	1
1751 	1
1753 	1
1756 	1
1757 	1
1760 	1
1762 	1
1764 	1
1768 	1
1772 	1
1777 	1
1780 	1
1781 	1
1788 	1
1789 	1
1790 	1
1793 	1
1794 	1
1795 	1
1799 	1
1800 	1
1802 	1
1803 	1
1805 	1
1806 	1
1810 	1
1812 	1
1816 	1
1817 	1
1821 	1
1823 	1
1824 	1
1825 	1
1826 	1
1827 	1
1828 	1
1832 	1
1836 	1
1837 	1
1838 	1
1842 	1
1843 	1
1845 	1
1846 	1
1847 	1
1850 	1
1852 	1
1853 	1
1855 	1
1856 	1
1857 	1
1858 	1
1861 	1
1865 	1
1866 	1
1867 	1
1868 	1
1869 	1
1870 	1
1871 	1
1873 	1
1874 	1
1875 	1
1879 	1
1881 	1
1892 	1
1896 	1
1897 	1
1898 	1
1902 	1
1903 	1
1904 	1
1908 	1
1909 	1
1910 	1
1911 	1
1914 	1
1917 	1
1919 	1
1921 	1
1922 	1
1923 	1
1924 	1
1925 	1
1927 	1
1929 	1
1931 	1
1935 	1
1940 	1
1943 	1
1944 	1
1945 	1
1946 	1
1952 	1
1953 	1
1957 	1
1963 	1
1964 	1
1965 	1
1968 	1
1969 	1
1971 	1
1975 	1
1977 	1
1980 	1
1983 	1
1984 	1
1986 	1
1990 	1
1993 	1
1995 	1
2009 	1
2010 	1
2011 	1
2012 	1
2013 	1
2015 	1
2016 	1
2019 	1
2020 	1
2038 	1
2039 	1
2041 	1
2045 	1
2048 	1
2053 	1
2055 	1
2058 	1
2060 	1
2062 	1
2066 	1
2067 	1
2069 	1
2070 	1
2071 	1
2072 	1
2074 	1
2076 	1
2077 	1
2078 	1
2079 	1
2081 	1
2085 	1
2088 	1
2090 	1
2091 	1
2092 	1
2094 	1
2097 	1
2100 	1
2101 	1
2103 	1
2104 	1
2107 	1
2108 	1
2115 	1
2116 	1
2117 	1
2119 	1
2120 	1
2124 	1
2125 	1
2127 	1
2128 	1
2130 	1
2131 	1
2133 	1
2135 	1
2138 	1
2139 	1
2143 	1
2144 	1
2146 	1
2147 	1
2150 	1
2152 	1
2153 	1
2157 	1
2158 	1
2160 	1
2161 	1
2168 	1
2169 	1
2170 	1
2171 	1
2175 	1
2177 	1
2178 	1
2180 	1
2187 	1
2188 	1
2189 	1
2196 	1
2197 	1
2198 	1
2208 	1
2211 	1
2212 	1
2213 	1
2215 	1
2221 	1
2223 	1
2224 	1
2225 	1
2227 	1
2228 	1
2230 	1
2232 	1
2236 	1
2239 	1
2241 	1
2242 	1
2243 	1
2252 	1
2254 	1
2255 	1
2256 	1
2258 	1
2261 	1
2264 	1
2265 	1
2266 	1
2269 	1
2273 	1
2275 	1
2277 	1
2280 	1
2282 	1
2283 	1
2284 	1
2285 	1
2286 	1
2289 	1
2290 	1
2292 	1
2294 	1
2295 	1
2296 	1
2298 	1
2307 	1
2308 	1
2309 	1
2312 	1
2313 	1
2315 	1
2331 	1
2332 	1
2340 	1
2341 	1
2342 	1
2345 	1
2347 	1
2348 	1
2351 	1
2352 	1
2353 	1
2354 	1
2355 	1
2356 	1
2360 	1
2362 	1
2370 	1
2375 	1
2376 	1
2378 	1
2380 	1
2383 	1
2389 	1
2390 	1
2400 	1
2402 	1
2403 	1
2404 	1
2416 	1
2418 	1
2419 	1
2421 	1
2422 	1
2423 	1
2424 	1
2427 	1
2428 	1
2430 	1
2433 	1
2434 	1
2436 	1
2437 	1
2438 	1
2439 	1
2441 	1
2442 	1
2445 	1
2446 	1
2450 	1
2451 	1
2453 	1
2461 	1
2463 	1
2465 	1
2466 	1
2467 	1
2469 	1
2471 	1
2473 	1
2474 	1
2476 	1
2477 	1
2479 	1
2484 	1
2485 	1
2488 	1
2489 	1
2491 	1
2496 	1
2498 	1
2500 	1
2503 	1
2504 	1
2506 	1
2507 	1
2509 	1
2510 	1
2512 	1
2516 	1
2518 	1
2520 	1
2525 	1
2526 	1
2527 	1
2529 	1
2530 	1
2537 	1
2545 	1
2546 	1
2547 	1
2551 	1
2552 	1
2553 	1
2554 	1
2555 	1
2558 	1
2559 	1
2563 	1
2564 	1
2565 	1
2566 	1
2570 	1
2571 	1
2573 	1
2576 	1
2577 	1
2578 	1
2580 	1
2583 	1
2584 	1
2585 	1
2586 	1
2590 	1
2591 	1
2594 	1
2595 	1
2596 	1
2599 	1
2601 	1
2603 	1
2610 	1
2611 	1
2614 	1
2615 	1
2619 	1
2622 	1
2631 	1
2636 	1
2637 	1
2641 	1
2643 	1
2645 	1
2646 	1
2649 	1
2653 	1
2654 	1
2657 	1
2660 	1
2661 	1
2662 	1
2666 	1
2668 	1
2669 	1
2670 	1
2673 	1
2675 	1
2676 	1
2678 	1
2679 	1
2681 	1
2683 	1
2685 	1
2689 	1
2692 	1
2693 	1
2694 	1
2696 	1
2707 	1
2709 	1
2712 	1
2714 	1
2715 	1
2719 	1
2720 	1
2722 	1
2723 	1
2726 	1
2727 	1
2733 	1
2734 	1
2735 	1
2738 	1
2739 	1
2741 	1
2742 	1
2744 	1
2745 	1
2746 	1
2750 	1
2751 	1
2752 	1
2757 	1
2760 	1
2765 	1
2769 	1
2771 	1
2772 	1
2775 	1
2778 	1
2781 	1
2783 	1
2784 	1
2785 	1
2788 	1
2789 	1
2790 	1
2794 	1
2796 	1
2799 	1
2802 	1
2805 	1
2812 	1
2818 	1
2822 	1
2824 	1
2829 	1
2830 	1
2838 	1
2845 	1
2851 	1
2855 	1
2856 	1
2858 	1
2863 	1
2865 	1
2866 	1
2867 	1
2869 	1
2870 	1
2873 	1
2877 	1
2878 	1
2882 	1
2884 	1
2886 	1
2887 	1
2888 	1
2892 	1
2893 	1
2894 	1
2895 	1
2896 	1
2900 	1
2905 	1
2907 	1
2908 	1
2910 	1
2913 	1
2914 	1
2924 	1
2925 	1
2927 	1
2929 	1
2933 	1
2935 	1
2937 	1
2938 	1
2939 	1
2942 	1
2947 	1
2949 	1
2950 	1
2953 	1
2954 	1
2955 	1
2961 	1
2962 	1
2964 	1
2965 	1
2967 	1
2968 	1
2969 	1
2971 	1
2976 	1
2981 	1
2982 	1
2985 	1
2987 	1
2991 	1
2994 	1
2995 	1
2997 	1
3000 	1
3001 	1
3008 	1
3010 	1
3013 	1
3016 	1
3017 	1
3018 	1
3023 	1
3027 	1
3029 	1
3030 	1
3031 	1
3032 	1
3038 	1
3039 	1
3040 	1
3045 	1
3046 	1
3047 	1
3050 	1
3052 	1
3055 	1
3056 	1
3058 	1
3059 	1
3060 	1
3062 	1
3063 	1
3065 	1
3066 	1
3068 	1
3073 	1
3074 	1
3075 	1
3076 	1
3077 	1
3078 	1
3080 	1
3084 	1
3086 	1
3091 	1
3092 	1
3093 	1
3097 	1
3098 	1
3101 	1
3104 	1
3105 	1
3106 	1
3109 	1
3110 	1
3112 	1
3113 	1
3114 	1
3115 	1
3116 	1
3120 	1
3121 	1
3122 	1
3123 	1
3130 	1
3131 	1
3132 	1
3133 	1
3135 	1
3137 	1
3141 	1
3144 	1
3146 	1
3150 	1
3151 	1
3152 	1
3155 	1
3159 	1
3160 	1
3162 	1
3165 	1
3166 	1
3167 	1
3169 	1
3170 	1
3171 	1
3173 	1
3174 	1
3179 	1
3181 	1
3182 	1
3186 	1
3191 	1
3192 	1
3193 	1
3196 	1
3198 	1
3201 	1
3205 	1
3206 	1
3207 	1
3208 	1
3213 	1
3215 	1
3223 	1
3224 	1
3227 	1
3228 	1
3229 	1
3232 	1
3234 	1
3237 	1
3238 	1
3240 	1
3242 	1
3245 	1
3249 	1
3251 	1
3253 	1
3255 	1
3256 	1
3258 	1
3259 	1
3262 	1
3263 	1
3264 	1
3266 	1
3267 	1
3271 	1
3279 	1
3281 	1
3282 	1
3283 	1
3284 	1
3286 	1
3287 	1
3288 	1
3289 	1
3292 	1
3296 	1
3297 	1
3301 	1
3305 	1
3310 	1
3314 	1
3315 	1
3319 	1
3320 	1
3321 	1
3322 	1
3325 	1
3327 	1
3330 	1
3331 	1
3332 	1
3333 	1
3340 	1
3344 	1
3345 	1
3346 	1
3347 	1
3348 	1
3349 	1
3350 	1
3357 	1
3358 	1
3361 	1
3363 	1
3366 	1
3367 	1
3369 	1
3374 	1
3376 	1
3381 	1
3382 	1
3383 	1
3387 	1
3389 	1
3390 	1
3396 	1
3398 	1
3401 	1
3402 	1
3405 	1
3407 	1
3409 	1
3414 	1
3417 	1
3419 	1
3425 	1
3427 	1
3429 	1
3431 	1
3434 	1
3437 	1
3438 	1
3439 	1
3455 	1
3457 	1
3460 	1
3462 	1
3466 	1
3467 	1
3471 	1
3473 	1
3474 	1
3475 	1
3477 	1
3479 	1
3485 	1
3486 	1
3489 	1
3491 	1
3498 	1
3499 	1
3500 	1
3501 	1
3503 	1
3505 	1
3506 	1
3509 	1
3512 	1
3517 	1
3522 	1
3529 	1
3531 	1
3532 	1
3534 	1
3536 	1
3539 	1
3540 	1
3544 	1
3546 	1
3550 	1
3553 	1
3554 	1
3556 	1
3558 	1
3561 	1
3562 	1
3563 	1
3568 	1
3574 	1
3575 	1
3576 	1
3583 	1
3584 	1
3585 	1
3586 	1
3589 	1
3590 	1
3591 	1
3594 	1
3602 	1
3604 	1
3605 	1
3607 	1
3610 	1
3611 	1
3613 	1
3616 	1
3617 	1
3619 	1
3620 	1
3622 	1
3623 	1
3624 	1
3625 	1
3626 	1
3628 	1
3629 	1
3632 	1
3633 	1
3634 	1
3638 	1
3640 	1
3641 	1
3642 	1
3644 	1
3645 	1
3646 	1
3647 	1
3648 	1
3652 	1
3655 	1
3656 	1
3665 	1
3666 	1
3668 	1
3670 	1
3673 	1
3676 	1
3677 	1
3683 	1
3684 	1
3687 	1
3691 	1
3693 	1
3694 	1
3695 	1
3698 	1
3702 	1
3703 	1
3705 	1
3710 	1
3711 	1
3715 	1
3716 	1
3717 	1
3720 	1
3722 	1
3723 	1
3725 	1
3729 	1
3736 	1
3737 	1
3740 	1
3741 	1
3744 	1
3756 	1
3758 	1
3760 	1
3763 	1
3764 	1
3765 	1
3766 	1
3772 	1
3775 	1
3776 	1
3777 	1
3782 	1
3783 	1
3790 	1
3791 	1
3793 	1
3796 	1
3797 	1
3799 	1
3800 	1
3804 	1
3808 	1
3811 	1
3812 	1
3814 	1
3815 	1
3817 	1
3820 	1
3822 	1
3824 	1
3825 	1
3827 	1
3835 	1
3836 	1
3839 	1
3841 	1
3844 	1
3846 	1
3847 	1
3848 	1
3849 	1
3857 	1
3861 	1
3862 	1
3865 	1
3867 	1
3868 	1
3869 	1
3870 	1
3871 	1
3872 	1
3876 	1
3877 	1
3878 	1
3879 	1
3880 	1
3881 	1
3882 	1
3885 	1
3889 	1
3890 	1
3891 	1
3895 	1
3898 	1
3900 	1
3901 	1
3902 	1
3904 	1
3907 	1
3910 	1
3911 	1
3912 	1
3914 	1
3920 	1
3921 	1
3924 	1
3925 	1
3926 	1
3927 	1
3930 	1
3931 	1
3932 	1
3938 	1
3939 	1
3942 	1
3943 	1
3947 	1
3948 	1
3950 	1
3951 	1
3953 	1
3954 	1
3955 	1
3956 	1
3958 	1
3962 	1
3969 	1
3970 	1
3977 	1
3978 	1
3982 	1
3984 	1
3995 	1
3997 	1
4001 	1
4004 	1
4007 	1
4010 	1
4011 	1
4012 	1
4015 	1
4018 	1
4021 	1
4022 	1
4025 	1
4027 	1
4029 	1
4034 	1
4036 	1
4037 	1
4039 	1
4043 	1
4044 	1
4051 	1
4053 	1
4054 	1
4058 	1
4062 	1
4065 	1
4066 	1
4069 	1
4071 	1
4074 	1
4076 	1
4078 	1
4079 	1
4080 	1
4082 	1
4085 	1
4087 	1
4088 	1
4089 	1
4092 	1
4093 	1
4094 	1
4098 	1
4104 	1
4105 	1
4108 	1
4109 	1
4112 	1
4114 	1
4116 	1
4121 	1
4127 	1
4130 	1
4132 	1
4135 	1
4137 	1
4139 	1
4141 	1
4142 	1
4143 	1
4147 	1
4151 	1
4152 	1
4156 	1
4157 	1
4162 	1
4163 	1
4164 	1
4165 	1
4168 	1
4170 	1
4171 	1
4178 	1
4180 	1
4181 	1
4183 	1
4184 	1
4185 	1
4187 	1
4189 	1
4190 	1
4193 	1
4196 	1
4197 	1
4198 	1
4199 	1
4201 	1
4203 	1
4204 	1
4205 	1
4209 	1
4213 	1
4214 	1
4215 	1
4216 	1
4220 	1
4224 	1
4225 	1
4226 	1
4227 	1
4228 	1
4230 	1
4231 	1
4236 	1
4238 	1
4240 	1
4242 	1
4244 	1
4247 	1
4250 	1
4251 	1
4256 	1
4259 	1
4261 	1
4262 	1
4264 	1
4265 	1
4266 	1
4267 	1
4270 	1
4272 	1
4276 	1
4277 	1
4280 	1
4284 	1
4286 	1
4287 	1
4292 	1
4296 	1
4302 	1
4303 	1
4306 	1
4307 	1
4310 	1
4311 	1
4315 	1
4317 	1
4318 	1
4321 	1
4322 	1
4324 	1
4326 	1
4329 	1
4331 	1
4334 	1
4337 	1
4338 	1
4339 	1
4340 	1
4341 	1
4342 	1
4346 	1
4348 	1
4352 	1
4353 	1
4355 	1
4357 	1
4359 	1
4361 	1
4364 	1
4366 	1
4367 	1
4368 	1
4370 	1
4374 	1
4376 	1
4380 	1
4383 	1
4389 	1
4390 	1
4392 	1
4395 	1
4399 	1
4401 	1
4404 	1
4406 	1
4410 	1
4411 	1
4413 	1
4416 	1
4418 	1
4423 	1
4424 	1
4425 	1
4428 	1
4429 	1
4431 	1
4432 	1
4435 	1
4437 	1
4438 	1
4442 	1
4444 	1
4445 	1
4446 	1
4448 	1
4449 	1
4452 	1
4454 	1
4459 	1
4461 	1
4462 	1
4463 	1
4464 	1
4466 	1
4470 	1
4471 	1
4473 	1
4474 	1
4475 	1
4477 	1
4481 	1
4482 	1
4483 	1
4485 	1
4486 	1
4490 	1
4492 	1
4495 	1
4497 	1
4499 	1
4501 	1
4503 	1
4504 	1
4506 	1
4509 	1
4515 	1
4521 	1
4525 	1
4529 	1
4538 	1
4539 	1
4540 	1
4544 	1
4545 	1
4546 	1
4548 	1
4549 	1
4552 	1
4555 	1
4556 	1
4558 	1
4559 	1
4562 	1
4563 	1
4564 	1
4566 	1
4567 	1
4568 	1
4575 	1
4580 	1
4583 	1
4585 	1
4586 	1
4593 	1
4596 	1
4599 	1
4601 	1
4602 	1
4608 	1
4615 	1
4620 	1
4621 	1
4622 	1
4623 	1
4626 	1
4629 	1
4630 	1
4632 	1
4633 	1
4634 	1
4635 	1
4636 	1
4637 	1
4638 	1
4644 	1
4649 	1
4651 	1
4655 	1
4660 	1
4661 	1
4665 	1
4666 	1
4670 	1
4671 	1
4673 	1
4684 	1
4686 	1
4689 	1
4694 	1
4696 	1
4698 	1
4700 	1
4702 	1
4706 	1
4707 	1
4708 	1
4710 	1
4712 	1
4713 	1
4714 	1
4717 	1
4719 	1
4721 	1
4722 	1
4723 	1
4726 	1
4727 	1
4728 	1
4729 	1
4735 	1
4738 	1
4740 	1
4741 	1
4746 	1
4752 	1
4754 	1
4755 	1
4757 	1
4760 	1
4761 	1
4762 	1
4763 	1
4766 	1
4768 	1
4769 	1
4770 	1
4774 	1
4775 	1
4779 	1
4783 	1
4786 	1
4787 	1
4789 	1
4791 	1
4792 	1
4794 	1
4797 	1
4799 	1
4802 	1
4803 	1
4806 	1
4807 	1
4815 	1
4817 	1
4818 	1
4819 	1
4826 	1
4828 	1
4829 	1
4830 	1
4831 	1
4838 	1
4839 	1
4840 	1
4843 	1
4844 	1
4848 	1
4849 	1
4851 	1
4853 	1
4854 	1
4855 	1
4857 	1
4858 	1
4862 	1
4864 	1
4867 	1
4869 	1
4870 	1
4872 	1
4880 	1
4887 	1
4888 	1
4891 	1
4894 	1
4895 	1
4899 	1
4902 	1
4905 	1
4908 	1
4911 	1
4912 	1
4913 	1
4917 	1
4919 	1
4920 	1
4923 	1
4924 	1
4927 	1
4928 	1
4929 	1
4932 	1
4933 	1
4936 	1
4937 	1
4945 	1
4946 	1
4947 	1
4948 	1
4949 	1
4953 	1
4954 	1
4955 	1
4957 	1
4959 	1
4962 	1
4965 	1
4967 	1
4968 	1
4970 	1
4973 	1
4974 	1
4975 	1
4976 	1
4980 	1
4986 	1
4988 	1
4990 	1
4991 	1
4992 	1
4993 	1
4996 	1
4997 	1
4999 	1
5006 	1
5016 	1
5017 	1
5021 	1
5023 	1
5024 	1
5026 	1
5029 	1
5030 	1
5031 	1
5036 	1
5039 	1
5040 	1
5041 	1
5044 	1
5046 	1
5047 	1
5049 	1
5051 	1
5052 	1
5053 	1
5054 	1
5055 	1
5057 	1
5058 	1
5059 	1
5062 	1
5067 	1
5068 	1
5071 	1
5073 	1
5077 	1
5081 	1
5083 	1
5085 	1
5086 	1
5087 	1
5088 	1
5091 	1
5093 	1
5094 	1
5095 	1
5096 	1
5097 	1
5098 	1
5099 	1
5103 	1
5104 	1
5105 	1
5107 	1
5109 	1
5110 	1
5112 	1
5113 	1
5117 	1
5119 	1
5123 	1
5124 	1
5126 	1
5128 	1
5130 	1
5131 	1
5132 	1
5139 	1
5140 	1
5141 	1
5142 	1
5144 	1
5147 	1
5149 	1
5152 	1
5158 	1
5159 	1
5160 	1
5162 	1
5163 	1
5167 	1
5168 	1
5169 	1
5171 	1
5173 	1
5175 	1
5178 	1
5182 	1
5183 	1
5185 	1
5189 	1
5191 	1
5193 	1
5196 	1
5199 	1
5203 	1
5204 	1
5205 	1
5206 	1
5208 	1
5212 	1
5214 	1
5218 	1
5221 	1
5224 	1
5227 	1
5232 	1
5233 	1
5234 	1
5238 	1
5239 	1
5240 	1
5241 	1
5245 	1
5247 	1
5249 	1
5250 	1
5254 	1
5257 	1
5259 	1
5260 	1
5262 	1
5263 	1
5266 	1
5268 	1
5269 	1
5271 	1
5275 	1
5276 	1
5277 	1
5283 	1
5285 	1
5286 	1
5287 	1
5288 	1
5289 	1
5290 	1
5293 	1
5294 	1
5296 	1
5297 	1
5298 	1
5301 	1
5302 	1
5303 	1
5308 	1
5309 	1
5311 	1
5313 	1
5315 	1
5316 	1
5317 	1
5319 	1
5321 	1
5324 	1
5328 	1
5329 	1
5330 	1
5332 	1
5333 	1
5334 	1
5335 	1
5336 	1
5337 	1
5339 	1
5340 	1
5341 	1
5343 	1
5346 	1
5347 	1
5353 	1
5355 	1
5356 	1
5357 	1
5358 	1
5361 	1
5362 	1
5369 	1
5370 	1
5371 	1
5373 	1
5376 	1
5379 	1
5380 	1
5381 	1
5383 	1
5386 	1
5388 	1
5392 	1
5394 	1
5395 	1
5398 	1
5403 	1
5404 	1
5405 	1
5407 	1
5409 	1
5412 	1
5417 	1
5418 	1
5423 	1
5425 	1
5426 	1
5427 	1
5428 	1
5429 	1
5431 	1
5433 	1
5435 	1
5436 	1
5438 	1
5439 	1
5441 	1
5442 	1
5444 	1
5448 	1
5450 	1
5454 	1
5455 	1
5456 	1
5457 	1
5458 	1
5459 	1
5462 	1
5466 	1
5468 	1
5469 	1
5470 	1
5472 	1
5476 	1
5478 	1
5481 	1
5484 	1
5485 	1
5488 	1
5489 	1
5494 	1
5495 	1
5496 	1
5498 	1
5502 	1
5503 	1
5504 	1
5506 	1
5507 	1
5508 	1
5509 	1
5510 	1
5516 	1
5517 	1
5519 	1
5522 	1
5523 	1
5525 	1
5526 	1
5527 	1
5529 	1
5532 	1
5533 	1
5534 	1
5535 	1
5536 	1
5538 	1
5539 	1
5540 	1
5542 	1
5543 	1
5545 	1
5548 	1
5549 	1
5551 	1
5552 	1
5554 	1
5555 	1
5558 	1
5559 	1
5563 	1
5564 	1
5565 	1
5568 	1
5570 	1
5573 	1
5574 	1
5579 	1
5580 	1
5585 	1
5586 	1
5587 	1
5589 	1
5597 	1
5603 	1
5606 	1
5610 	1
5613 	1
5614 	1
5616 	1
5620 	1
5621 	1
5622 	1
5623 	1
5625 	1
5626 	1
5628 	1
5629 	1
5630 	1
5631 	1
5634 	1
5635 	1
5637 	1
5644 	1
5651 	1
5652 	1
5653 	1
5655 	1
5656 	1
5657 	1
5659 	1
5660 	1
5661 	1
5664 	1
5665 	1
5666 	1
5667 	1
5670 	1
5671 	1
5676 	1
5677 	1
5680 	1
5681 	1
5682 	1
5686 	1
5691 	1
5693 	1
5694 	1
5695 	1
5698 	1
5699 	1
5701 	1
5704 	1
5710 	1
5711 	1
5713 	1
5715 	1
5717 	1
5718 	1
5725 	1
5726 	1
5728 	1
5729 	1
5730 	1
5734 	1
5736 	1
5738 	1
5739 	1
5741 	1
5742 	1
5745 	1
5749 	1
5750 	1
5751 	1
5752 	1
5754 	1
5757 	1
5759 	1
5760 	1
5764 	1
5765 	1
5767 	1
5768 	1
5770 	1
5773 	1
5775 	1
5776 	1
5778 	1
5781 	1
5785 	1
5786 	1
5788 	1
5790 	1
5791 	1
5795 	1
5796 	1
5798 	1
5799 	1
5806 	1
5807 	1
5812 	1
5813 	1
5818 	1
5819 	1
5822 	1
5823 	1
5824 	1
5825 	1
5829 	1
5830 	1
5835 	1
5837 	1
5839 	1
5841 	1
5845 	1
5846 	1
5851 	1
5852 	1
5853 	1
5857 	1
5858 	1
5859 	1
5860 	1
5865 	1
5868 	1
5872 	1
5873 	1
5874 	1
5876 	1
5882 	1
5884 	1
5886 	1
5887 	1
5888 	1
5891 	1
5893 	1
5894 	1
5897 	1
5899 	1
5900 	1
5901 	1
5904 	1
5906 	1
5907 	1
5908 	1
5910 	1
5911 	1
5915 	1
5916 	1
5918 	1
5921 	1
5926 	1
5928 	1
5929 	1
5930 	1
5932 	1
5933 	1
5937 	1
5938 	1
5945 	1
5947 	1
5948 	1
5949 	1
5950 	1
5954 	1
5955 	1
5959 	1
5962 	1
5963 	1
5972 	1
5973 	1
5974 	1
5977 	1
5980 	1
5981 	1
5983 	1
5984 	1
5985 	1
5986 	1
5988 	1
5992 	1
5993 	1
5994 	1
5996 	1
6003 	1
6008 	1
6010 	1
6014 	1
6016 	1
6019 	1
6020 	1
6021 	1
6023 	1
6025 	1
6026 	1
6027 	1
6030 	1
6031 	1
6032 	1
6035 	1
6040 	1
6042 	1
6043 	1
6044 	1
6045 	1
6046 	1
6051 	1
6057 	1
6058 	1
6059 	1
6060 	1
6063 	1
6065 	1
6067 	1
6070 	1
6071 	1
6073 	1
6074 	1
6075 	1
6080 	1
6081 	1
6082 	1
6083 	1
6090 	1
6093 	1
6095 	1
6098 	1
6101 	1
6107 	1
6108 	1
6109 	1
6110 	1
6119 	1
6124 	1
6125 	1
6127 	1
6130 	1
6134 	1
6135 	1
6140 	1
6144 	1
6145 	1
6148 	1
6149 	1
6156 	1
6158 	1
6161 	1
6162 	1
6163 	1
6168 	1
6171 	1
6172 	1
6175 	1
6179 	1
6181 	1
6184 	1
6185 	1
6187 	1
6188 	1
6190 	1
6192 	1
6193 	1
6194 	1
6195 	1
6196 	1
6198 	1
6199 	1
6201 	1
6202 	1
6203 	1
6205 	1
6206 	1
6207 	1
6209 	1
6212 	1
6213 	1
6215 	1
6218 	1
6219 	1
6220 	1
6227 	1
6228 	1
6230 	1
6231 	1
6233 	1
6234 	1
6235 	1
6236 	1
6237 	1
6238 	1
6239 	1
6240 	1
6241 	1
6243 	1
6244 	1
6248 	1
6249 	1
6250 	1
6251 	1
6257 	1
6258 	1
6260 	1
6261 	1
6264 	1
6265 	1
6269 	1
6271 	1
6275 	1
6277 	1
6278 	1
6280 	1
6283 	1
6285 	1
6289 	1
6290 	1
6291 	1
6293 	1
6294 	1
6296 	1
6299 	1
6300 	1
6305 	1
6306 	1
6307 	1
6308 	1
6312 	1
6313 	1
6314 	1
6315 	1
6318 	1
6319 	1
6320 	1
6321 	1
6322 	1
6323 	1
6325 	1
6326 	1
6331 	1
6332 	1
6334 	1
6337 	1
6340 	1
6342 	1
6343 	1
6344 	1
6346 	1
6347 	1
6352 	1
6353 	1
6356 	1
6358 	1
6359 	1
6361 	1
6363 	1
6364 	1
6365 	1
6366 	1
6367 	1
6369 	1
6372 	1
6373 	1
6376 	1
6377 	1
6378 	1
6379 	1
6381 	1
6387 	1
6389 	1
6391 	1
6392 	1
6393 	1
6396 	1
6397 	1
6399 	1
6401 	1
6402 	1
6404 	1
6405 	1
6406 	1
6409 	1
6412 	1
6415 	1
6417 	1
6419 	1
6425 	1
6431 	1
6433 	1
6442 	1
6444 	1
6446 	1
6447 	1
6450 	1
6451 	1
6452 	1
6457 	1
6458 	1
6459 	1
6460 	1
6464 	1
6466 	1
6477 	1
6478 	1
6479 	1
6482 	1
6485 	1
6489 	1
6490 	1
6491 	1
6494 	1
6495 	1
6501 	1
6502 	1
6503 	1
6507 	1
6510 	1
6513 	1
6516 	1
6523 	1
6526 	1
6527 	1
6528 	1
6530 	1
6531 	1
6534 	1
6535 	1
6537 	1
6539 	1
6543 	1
6545 	1
6547 	1
6548 	1
6549 	1
6558 	1
6559 	1
6560 	1
6561 	1
6563 	1
6567 	1
6568 	1
6570 	1
6572 	1
6573 	1
6574 	1
6578 	1
6580 	1
6581 	1
6583 	1
6585 	1
6586 	1
6587 	1
6588 	1
6591 	1
6592 	1
6594 	1
6598 	1
6604 	1
6605 	1
6608 	1
6609 	1
6610 	1
6614 	1
6617 	1
6622 	1
6623 	1
6628 	1
6631 	1
6632 	1
6633 	1
6634 	1
6635 	1
6637 	1
6640 	1
6657 	1
6658 	1
6659 	1
6660 	1
6662 	1
6664 	1
6665 	1
6669 	1
6671 	1
6672 	1
6674 	1
6679 	1
6685 	1
6686 	1
6688 	1
6693 	1
6695 	1
6698 	1
6701 	1
6703 	1
6704 	1
6708 	1
6713 	1
6714 	1
6715 	1
6716 	1
6718 	1
6725 	1
6726 	1
6727 	1
6728 	1
6729 	1
6731 	1
6732 	1
6734 	1
6735 	1
6736 	1
6739 	1
6741 	1
6743 	1
6749 	1
6752 	1
6753 	1
6756 	1
6758 	1
6759 	1
6760 	1
6763 	1
6769 	1
6771 	1
6772 	1
6773 	1
6779 	1
6780 	1
6781 	1
6784 	1
6786 	1
6789 	1
6790 	1
6792 	1
6797 	1
6801 	1
6803 	1
6804 	1
6805 	1
6810 	1
6811 	1
6813 	1
6814 	1
6816 	1
6818 	1
6820 	1
6821 	1
6822 	1
6823 	1
6826 	1
6828 	1
6832 	1
6835 	1
6836 	1
6837 	1
6839 	1
6843 	1
6844 	1
6846 	1
6848 	1
6849 	1
6850 	1
6851 	1
6858 	1
6859 	1
6860 	1
6863 	1
6867 	1
6868 	1
6870 	1
6871 	1
6878 	1
6881 	1
6882 	1
6883 	1
6885 	1
6886 	1
6893 	1
6897 	1
6899 	1
6900 	1
6904 	1
6915 	1
6916 	1
6924 	1
6925 	1
6928 	1
6931 	1
6937 	1
6938 	1
6939 	1
6943 	1
6947 	1
6950 	1
6951 	1
6952 	1
6953 	1
6955 	1
6956 	1
6958 	1
6961 	1
6965 	1
6966 	1
6968 	1
6972 	1
6979 	1
6981 	1
6982 	1
6983 	1
6984 	1
6985 	1
6986 	1
6989 	1
6992 	1
6996 	1
6998 	1
6999 	1
7000 	1
7001 	1
7006 	1
7010 	1
7011 	1
7012 	1
7015 	1
7017 	1
7018 	1
7020 	1
7022 	1
7023 	1
7025 	1
7029 	1
7030 	1
7034 	1
7036 	1
7040 	1
7045 	1
7049 	1
7058 	1
7059 	1
7060 	1
7061 	1
7064 	1
7067 	1
7068 	1
7070 	1
7071 	1
7072 	1
7076 	1
7077 	1
7078 	1
7079 	1
7080 	1
7086 	1
7090 	1
7094 	1
7098 	1
7100 	1
7101 	1
7106 	1
7107 	1
7109 	1
7110 	1
7111 	1
7113 	1
7115 	1
7118 	1
7121 	1
7123 	1
7126 	1
7128 	1
7129 	1
7132 	1
7133 	1
7138 	1
7140 	1
7141 	1
7142 	1
7143 	1
7144 	1
7145 	1
7150 	1
7151 	1
7152 	1
7153 	1
7154 	1
7155 	1
7156 	1
7157 	1
7159 	1
7160 	1
7161 	1
7162 	1
7163 	1
7167 	1
7168 	1
7173 	1
7175 	1
7176 	1
7177 	1
7178 	1
7180 	1
7181 	1
7182 	1
7183 	1
7185 	1
7188 	1
7190 	1
7193 	1
7194 	1
7195 	1
7196 	1
7197 	1
7198 	1
7199 	1
7201 	1
7203 	1
7204 	1
7205 	1
7207 	1
7209 	1
7213 	1
7215 	1
7218 	1
7223 	1
7225 	1
7228 	1
7229 	1
7230 	1
7232 	1
7235 	1
7236 	1
7238 	1
7239 	1
7240 	1
7243 	1
7245 	1
7247 	1
7248 	1
7249 	1
7251 	1
7252 	1
7254 	1
7255 	1
7256 	1
7258 	1
7261 	1
7263 	1
7264 	1
7267 	1
7268 	1
7270 	1
7271 	1
7272 	1
7273 	1
7276 	1
7281 	1
7282 	1
7283 	1
7284 	1
7291 	1
7293 	1
7295 	1
7296 	1
7299 	1
7300 	1
7301 	1
7305 	1
7309 	1
7311 	1
7312 	1
7313 	1
7314 	1
7325 	1
7328 	1
7329 	1
7330 	1
7336 	1
7337 	1
7339 	1
7344 	1
7346 	1
7349 	1
7351 	1
7354 	1
7356 	1
7358 	1
7362 	1
7363 	1
7376 	1
7380 	1
7387 	1
7393 	1
7394 	1
7396 	1
7398 	1
7401 	1
7410 	1
7411 	1
7412 	1
7415 	1
7416 	1
7421 	1
7423 	1
7424 	1
7425 	1
7426 	1
7429 	1
7432 	1
7433 	1
7435 	1
7436 	1
7442 	1
7445 	1
7446 	1
7447 	1
7450 	1
7451 	1
7452 	1
7459 	1
7461 	1
7465 	1
7466 	1
7469 	1
7471 	1
7474 	1
7478 	1
7479 	1
7480 	1
7481 	1
7482 	1
7484 	1
7485 	1
7486 	1
7488 	1
7490 	1
7492 	1
7493 	1
7497 	1
7500 	1
7504 	1
7508 	1
7509 	1
7513 	1
7517 	1
7520 	1
7522 	1
7523 	1
7526 	1
7527 	1
7529 	1
7531 	1
7533 	1
7534 	1
7535 	1
7536 	1
7537 	1
7540 	1
7541 	1
7543 	1
7545 	1
7546 	1
7549 	1
7551 	1
7553 	1
7555 	1
7560 	1
7561 	1
7562 	1
7563 	1
7567 	1
7568 	1
7569 	1
7572 	1
7573 	1
7574 	1
7578 	1
7582 	1
7584 	1
7585 	1
7587 	1
7589 	1
7590 	1
7592 	1
7595 	1
7598 	1
7600 	1
7601 	1
7603 	1
7605 	1
7606 	1
7608 	1
7610 	1
7612 	1
7613 	1
7614 	1
7618 	1
7620 	1
7622 	1
7625 	1
7626 	1
7628 	1
7629 	1
7633 	1
7636 	1
7638 	1
7644 	1
7648 	1
7655 	1
7656 	1
7658 	1
7659 	1
7661 	1
7666 	1
7669 	1
7670 	1
7679 	1
7680 	1
7686 	1
7692 	1
7696 	1
7699 	1
7700 	1
7702 	1
7703 	1
7706 	1
7707 	1
7711 	1
7714 	1
7715 	1
7719 	1
7720 	1
7722 	1
7725 	1
7726 	1
7727 	1
7729 	1
7731 	1
7734 	1
7739 	1
7743 	1
7744 	1
7749 	1
7751 	1
7757 	1
7759 	1
7760 	1
7761 	1
7770 	1
7772 	1
7775 	1
7776 	1
7777 	1
7778 	1
7782 	1
7783 	1
7785 	1
7786 	1
7787 	1
7788 	1
7792 	1
7795 	1
7796 	1
7798 	1
7799 	1
7800 	1
7802 	1
7804 	1
7806 	1
7809 	1
7814 	1
7815 	1
7818 	1
7820 	1
7821 	1
7823 	1
7824 	1
7827 	1
7829 	1
7833 	1
7835 	1
7837 	1
7838 	1
7839 	1
7840 	1
7841 	1
7842 	1
7843 	1
7845 	1
7847 	1
7849 	1
7850 	1
7851 	1
7852 	1
7853 	1
7856 	1
7860 	1
7861 	1
7867 	1
7868 	1
7870 	1
7871 	1
7873 	1
7874 	1
7875 	1
7878 	1
7883 	1
7884 	1
7888 	1
7889 	1
7891 	1
7893 	1
7894 	1
7899 	1
7903 	1
7904 	1
7905 	1
7907 	1
7909 	1
7910 	1
7914 	1
7915 	1
7917 	1
7921 	1
7922 	1
7925 	1
7930 	1
7932 	1
7934 	1
7935 	1
7937 	1
7940 	1
7942 	1
7943 	1
7944 	1
7948 	1
7949 	1
7954 	1
7956 	1
7957 	1
7960 	1
7964 	1
7970 	1
7971 	1
7974 	1
7978 	1
7979 	1
7982 	1
7983 	1
7985 	1
7986 	1
7987 	1
7988 	1
7989 	1
7990 	1
7996 	1
7998 	1
8000 	1
8001 	1
8002 	1
8003 	1
8005 	1
8006 	1
8010 	1
8011 	1
8012 	1
8013 	1
8016 	1
8020 	1
8022 	1
8027 	1
8030 	1
8034 	1
8035 	1
8039 	1
8041 	1
8043 	1
8045 	1
8046 	1
8048 	1
8051 	1
8052 	1
8057 	1
8058 	1
8061 	1
8063 	1
8064 	1
8065 	1
8068 	1
8069 	1
8070 	1
8071 	1
8073 	1
8076 	1
8077 	1
8081 	1
8086 	1
8087 	1
8090 	1
8091 	1
8092 	1
8095 	1
8096 	1
8099 	1
8101 	1
8102 	1
8103 	1
8105 	1
8107 	1
8108 	1
8110 	1
8112 	1
8113 	1
8116 	1
8117 	1
8119 	1
8120 	1
8126 	1
8127 	1
8131 	1
8132 	1
8133 	1
8136 	1
8137 	1
8138 	1
8141 	1
8145 	1
8146 	1
8148 	1
8154 	1
8155 	1
8158 	1
8164 	1
8167 	1
8170 	1
8171 	1
8173 	1
8175 	1
8176 	1
8179 	1
8181 	1
8190 	1
8198 	1
8200 	1
8201 	1
8202 	1
8205 	1
8206 	1
8207 	1
8216 	1
8220 	1
8229 	1
8231 	1
8234 	1
8235 	1
8236 	1
8237 	1
8239 	1
8241 	1
8244 	1
8245 	1
8247 	1
8248 	1
8251 	1
8253 	1
8254 	1
8256 	1
8258 	1
8261 	1
8264 	1
8267 	1
8271 	1
8272 	1
8274 	1
8279 	1
8280 	1
8283 	1
8284 	1
8285 	1
8287 	1
8288 	1
8290 	1
8291 	1
8293 	1
8294 	1
8295 	1
8301 	1
8302 	1
8315 	1
8316 	1
8319 	1
8321 	1
8322 	1
8327 	1
8329 	1
8331 	1
8332 	1
8333 	1
8335 	1
8336 	1
8338 	1
8339 	1
8345 	1
8354 	1
8357 	1
8359 	1
8361 	1
8366 	1
8367 	1
8372 	1
8375 	1
8377 	1
8379 	1
8384 	1
8388 	1
8389 	1
8390 	1
8392 	1
8398 	1
8401 	1
8405 	1
8406 	1
8409 	1
8410 	1
8411 	1
8413 	1
8414 	1
8416 	1
8424 	1
8432 	1
8433 	1
8438 	1
8442 	1
8444 	1
8449 	1
8451 	1
8453 	1
8454 	1
8455 	1
8457 	1
8458 	1
8460 	1
8461 	1
8462 	1
8463 	1
8465 	1
8469 	1
8474 	1
8477 	1
8478 	1
8483 	1
8486 	1
8492 	1
8493 	1
8494 	1
8496 	1
8499 	1
8500 	1
8501 	1
8502 	1
8503 	1
8504 	1
8507 	1
8508 	1
8510 	1
8511 	1
8512 	1
8514 	1
8516 	1
8518 	1
8519 	1
8522 	1
8523 	1
8525 	1
8526 	1
8527 	1
8528 	1
8531 	1
8533 	1
8534 	1
8537 	1
8539 	1
8541 	1
8545 	1
8550 	1
8554 	1
8562 	1
8563 	1
8567 	1
8570 	1
8573 	1
8575 	1
8577 	1
8578 	1
8580 	1
8585 	1
8586 	1
8594 	1
8596 	1
8597 	1
8598 	1
8603 	1
8606 	1
8608 	1
8610 	1
8612 	1
8613 	1
8615 	1
8616 	1
8619 	1
8621 	1
8625 	1
8626 	1
8629 	1
8634 	1
8636 	1
8637 	1
8639 	1
8641 	1
8644 	1
8647 	1
8648 	1
8649 	1
8657 	1
8659 	1
8664 	1
8665 	1
8668 	1
8670 	1
8672 	1
8675 	1
8679 	1
8683 	1
8684 	1
8685 	1
8686 	1
8687 	1
8691 	1
8694 	1
8699 	1
8701 	1
8702 	1
8703 	1
8704 	1
8707 	1
8710 	1
8711 	1
8713 	1
8718 	1
8726 	1
8727 	1
8729 	1
8736 	1
8737 	1
8738 	1
8743 	1
8744 	1
8745 	1
8746 	1
8748 	1
8751 	1
8752 	1
8754 	1
8758 	1
8763 	1
8765 	1
8770 	1
8771 	1
8772 	1
8773 	1
8774 	1
8777 	1
8781 	1
8787 	1
8788 	1
8790 	1
8794 	1
8796 	1
8801 	1
8802 	1
8803 	1
8807 	1
8808 	1
8813 	1
8814 	1
8818 	1
8822 	1
8823 	1
8824 	1
8828 	1
8830 	1
8831 	1
8833 	1
8834 	1
8835 	1
8842 	1
8848 	1
8849 	1
8850 	1
8852 	1
8853 	1
8857 	1
8861 	1
8862 	1
8863 	1
8864 	1
8866 	1
8868 	1
8870 	1
8872 	1
8873 	1
8874 	1
8877 	1
8880 	1
8881 	1
8885 	1
8887 	1
8889 	1
8891 	1
8897 	1
8898 	1
8899 	1
8900 	1
8903 	1
8908 	1
8909 	1
8911 	1
8912 	1
8916 	1
8917 	1
8922 	1
8927 	1
8929 	1
8931 	1
8932 	1
8933 	1
8934 	1
8937 	1
8940 	1
8942 	1
8945 	1
8947 	1
8949 	1
8950 	1
8952 	1
8953 	1
8956 	1
8957 	1
8958 	1
8960 	1
8964 	1
8965 	1
8967 	1
8969 	1
8971 	1
8974 	1
8979 	1
8982 	1
8985 	1
8987 	1
8988 	1
8989 	1
8993 	1
8996 	1
8998 	1
8999 	1
9003 	1
9004 	1
9005 	1
9010 	1
9012 	1
9013 	1
9014 	1
9016 	1
9017 	1
9022 	1
9025 	1
9026 	1
9027 	1
9028 	1
9029 	1
9030 	1
9032 	1
9033 	1
9035 	1
9037 	1
9040 	1
9047 	1
9049 	1
9051 	1
9053 	1
9054 	1
9055 	1
9056 	1
9058 	1
9059 	1
9062 	1
9064 	1
9065 	1
9067 	1
9068 	1
9073 	1
9074 	1
9078 	1
9079 	1
9081 	1
9085 	1
9086 	1
9088 	1
9090 	1
9092 	1
9093 	1
9096 	1
9097 	1
9100 	1
9102 	1
9104 	1
9105 	1
9108 	1
9109 	1
9115 	1
9118 	1
9119 	1
9124 	1
9126 	1
9127 	1
9128 	1
9129 	1
9134 	1
9137 	1
9138 	1
9141 	1
9147 	1
9149 	1
9150 	1
9152 	1
9153 	1
9162 	1
9163 	1
9165 	1
9169 	1
9175 	1
9176 	1
9178 	1
9180 	1
9182 	1
9183 	1
9185 	1
9186 	1
9193 	1
9212 	1
9214 	1
9215 	1
9217 	1
9220 	1
9221 	1
9225 	1
9227 	1
9229 	1
9230 	1
9231 	1
9232 	1
9235 	1
9236 	1
9237 	1
9238 	1
9242 	1
9243 	1
9244 	1
9247 	1
9253 	1
9254 	1
9256 	1
9257 	1
9259 	1
9261 	1
9262 	1
9264 	1
9269 	1
9278 	1
9279 	1
9280 	1
9281 	1
9282 	1
9285 	1
9288 	1
9291 	1
9292 	1
9293 	1
9296 	1
9297 	1
9298 	1
9300 	1
9303 	1
9305 	1
9309 	1
9310 	1
9312 	1
9316 	1
9318 	1
9320 	1
9321 	1
9324 	1
9326 	1
9327 	1
9329 	1
9331 	1
9338 	1
9339 	1
9340 	1
9344 	1
9347 	1
9348 	1
9349 	1
9350 	1
9352 	1
9353 	1
9357 	1
9360 	1
9361 	1
9362 	1
9363 	1
9364 	1
9365 	1
9366 	1
9376 	1
9377 	1
9378 	1
9379 	1
9382 	1
9383 	1
9384 	1
9385 	1
9389 	1
9390 	1
9391 	1
9393 	1
9394 	1
9395 	1
9396 	1
9397 	1
9399 	1
9400 	1
9401 	1
9402 	1
9404 	1
9411 	1
9412 	1
9413 	1
9414 	1
9416 	1
9421 	1
9423 	1
9426 	1
9428 	1
9435 	1
9438 	1
9443 	1
9444 	1
9445 	1
9446 	1
9454 	1
9455 	1
9458 	1
9459 	1
9460 	1
9461 	1
9462 	1
9465 	1
9468 	1
9469 	1
9472 	1
9473 	1
9474 	1
9479 	1
9481 	1
9486 	1
9489 	1
9490 	1
9491 	1
9494 	1
9501 	1
9508 	1
9509 	1
9510 	1
9512 	1
9513 	1
9518 	1
9520 	1
9522 	1
9525 	1
9526 	1
9527 	1
9528 	1
9532 	1
9534 	1
9538 	1
9545 	1
9546 	1
9547 	1
9549 	1
9550 	1
9552 	1
9555 	1
9556 	1
9557 	1
9559 	1
9561 	1
9563 	1
9565 	1
9572 	1
9573 	1
9574 	1
9576 	1
9582 	1
9585 	1
9587 	1
9591 	1
9592 	1
9594 	1
9597 	1
9599 	1
9600 	1
9601 	1
9602 	1
9603 	1
9604 	1
9608 	1
9610 	1
9615 	1
9616 	1
9618 	1
9626 	1
9629 	1
9631 	1
9632 	1
9634 	1
9636 	1
9642 	1
9656 	1
9658 	1
9664 	1
9665 	1
9666 	1
9668 	1
9670 	1
9672 	1
9673 	1
9675 	1
9678 	1
9679 	1
9680 	1
9682 	1
9685 	1
9686 	1
9687 	1
9689 	1
9693 	1
9697 	1
9698 	1
9699 	1
9704 	1
9705 	1
9706 	1
9707 	1
9709 	1
9714 	1
9720 	1
9721 	1
9723 	1
9725 	1
9727 	1
9728 	1
9729 	1
9730 	1
9731 	1
9733 	1
9740 	1
9742 	1
9749 	1
9750 	1
9752 	1
9754 	1
9755 	1
9757 	1
9760 	1
9762 	1
9763 	1
9766 	1
9768 	1
9777 	1
9778 	1
9779 	1
9780 	1
9784 	1
9785 	1
9786 	1
9797 	1
9799 	1
9801 	1
9802 	1
9806 	1
9807 	1
9811 	1
9812 	1
9815 	1
9817 	1
9818 	1
9822 	1
9826 	1
9828 	1
9833 	1
9834 	1
9835 	1
9837 	1
9840 	1
9851 	1
9853 	1
9857 	1
9860 	1
9863 	1
9865 	1
9868 	1
9869 	1
9870 	1
9872 	1
9876 	1
9885 	1
9887 	1
9889 	1
9890 	1
9891 	1
9892 	1
9895 	1
9898 	1
9900 	1
9905 	1
9910 	1
9911 	1
9912 	1
9913 	1
9914 	1
9916 	1
9918 	1
9924 	1
9927 	1
9928 	1
9931 	1
9934 	1
9935 	1
9938 	1
9943 	1
9944 	1
9946 	1
9947 	1
9950 	1
9952 	1
9953 	1
9954 	1
9955 	1
9957 	1
9961 	1
9963 	1
9964 	1
9965 	1
9968 	1
9969 	1
9970 	1
9979 	1
9980 	1
9983 	1
9986 	1
9987 	1
9993 	1
9994 	1
9999 	1
10000 	1
10001 	1
10002 	1
10004 	1
10005 	1
10007 	1
10008 	1
10009 	1
10010 	1
10012 	1
10015 	1
10016 	1
10018 	1
10020 	1
10021 	1
10023 	1
10034 	1
10038 	1
10040 	1
10043 	1
10045 	1
10046 	1
10050 	1
10051 	1
10054 	1
10059 	1
10063 	1
10064 	1
10067 	1
10068 	1
10073 	1
10076 	1
10077 	1
10079 	1
10082 	1
10087 	1
10088 	1
10092 	1
10093 	1
10095 	1
10098 	1
10101 	1
10103 	1
10105 	1
10114 	1
10115 	1
10116 	1
10121 	1
10125 	1
10126 	1
10130 	1
10132 	1
10134 	1
10135 	1
10136 	1
10137 	1
10139 	1
10141 	1
10143 	1
10144 	1
10147 	1
10148 	1
10151 	1
10152 	1
10153 	1
10156 	1
10157 	1
10162 	1
10164 	1
10166 	1
10169 	1
10173 	1
10174 	1
10177 	1
10179 	1
10183 	1
10185 	1
10186 	1
10187 	1
10188 	1
10191 	1
10197 	1
10198 	1
10199 	1
10201 	1
10202 	1
10203 	1
10205 	1
10207 	1
10208 	1
10211 	1
10212 	1
10213 	1
10214 	1
10215 	1
10217 	1
10220 	1
10221 	1
10223 	1
10224 	1
10226 	1
10230 	1
10231 	1
10232 	1
10235 	1
10237 	1
10240 	1
10242 	1
10246 	1
10249 	1
10252 	1
10260 	1
10262 	1
10266 	1
10269 	1
10277 	1
10278 	1
10279 	1
10286 	1
10288 	1
10291 	1
10294 	1
10296 	1
10297 	1
10298 	1
10301 	1
10302 	1
10303 	1
10305 	1
10306 	1
10309 	1
10311 	1
10315 	1
10316 	1
10318 	1
10319 	1
10322 	1
10323 	1
10328 	1
10331 	1
10336 	1
10340 	1
10341 	1
10342 	1
10344 	1
10347 	1
10351 	1
10357 	1
10358 	1
10360 	1
10361 	1
10366 	1
10367 	1
10369 	1
10370 	1
10372 	1
10377 	1
10378 	1
10379 	1
10381 	1
10382 	1
10384 	1
10389 	1
10393 	1
10394 	1
10404 	1
10408 	1
10412 	1
10413 	1
10414 	1
10415 	1
10417 	1
10418 	1
10419 	1
10420 	1
10422 	1
10426 	1
10427 	1
10429 	1
10432 	1
10434 	1
10438 	1
10444 	1
10448 	1
10449 	1
10454 	1
10456 	1
10457 	1
10458 	1
10460 	1
10469 	1
10476 	1
10477 	1
10479 	1
10481 	1
10482 	1
10485 	1
10486 	1
10490 	1
10494 	1
10496 	1
10502 	1
10510 	1
10511 	1
10512 	1
10515 	1
10517 	1
10518 	1
10521 	1
10523 	1
10530 	1
10531 	1
10532 	1
10534 	1
10539 	1
10541 	1
10550 	1
10551 	1
10553 	1
10554 	1
10557 	1
10561 	1
10562 	1
10564 	1
10566 	1
10569 	1
10571 	1
10572 	1
10573 	1
10575 	1
10576 	1
10577 	1
10580 	1
10585 	1
10587 	1
10589 	1
10590 	1
10593 	1
10595 	1
10597 	1
10598 	1
10600 	1
10601 	1
10608 	1
10609 	1
10613 	1
10617 	1
10619 	1
10626 	1
10628 	1
10632 	1
10633 	1
10638 	1
10639 	1
10641 	1
10642 	1
10647 	1
10648 	1
10649 	1
10650 	1
10651 	1
10654 	1
10656 	1
10658 	1
10659 	1
10662 	1
10665 	1
10667 	1
10674 	1
10677 	1
10682 	1
10684 	1
10685 	1
10686 	1
10690 	1
10695 	1
10698 	1
10699 	1
10703 	1
10706 	1
10708 	1
10709 	1
10710 	1
10711 	1
10712 	1
10713 	1
10717 	1
10719 	1
10720 	1
10721 	1
10726 	1
10732 	1
10736 	1
10739 	1
10740 	1
10741 	1
10742 	1
10744 	1
10747 	1
10750 	1
10752 	1
10753 	1
10756 	1
10758 	1
10759 	1
10760 	1
10766 	1
10767 	1
10771 	1
10776 	1
10777 	1
10780 	1
10784 	1
10786 	1
10788 	1
10794 	1
10796 	1
10797 	1
10800 	1
10801 	1
10802 	1
10804 	1
10806 	1
10808 	1
10809 	1
10811 	1
10814 	1
10815 	1
10819 	1
10821 	1
10828 	1
10829 	1
10832 	1
10835 	1
10838 	1
10839 	1
10841 	1
10842 	1
10844 	1
10854 	1
10859 	1
10863 	1
10866 	1
10867 	1
10868 	1
10869 	1
10872 	1
10873 	1
10874 	1
10877 	1
10881 	1
10882 	1
10883 	1
10884 	1
10885 	1
10887 	1
10888 	1
10891 	1
10892 	1
10896 	1
10897 	1
10899 	1
10900 	1
10901 	1
10902 	1
10903 	1
10904 	1
10905 	1
10906 	1
10907 	1
10908 	1
10909 	1
10913 	1
10914 	1
10919 	1
10920 	1
10923 	1
10931 	1
10932 	1
10933 	1
10935 	1
10937 	1
10938 	1
10940 	1
10941 	1
10942 	1
10943 	1
10945 	1
10949 	1
10951 	1
10952 	1
10958 	1
10959 	1
10960 	1
10961 	1
10963 	1
10965 	1
10967 	1
10970 	1
10972 	1
10977 	1
10980 	1
10984 	1
10985 	1
10986 	1
10993 	1
10994 	1
10998 	1
11001 	1
11004 	1
11006 	1
11008 	1
11012 	1
11014 	1
11021 	1
11022 	1
11023 	1
11025 	1
11027 	1
11030 	1
11032 	1
11033 	1
11034 	1
11038 	1
11039 	1
11043 	1
11045 	1
11049 	1
11053 	1
11054 	1
11057 	1
11058 	1
11059 	1
11062 	1
11063 	1
11066 	1
11070 	1
11073 	1
11075 	1
11076 	1
11077 	1
11078 	1
11080 	1
11084 	1
11085 	1
11087 	1
11088 	1
11091 	1
11095 	1
11096 	1
11097 	1
11099 	1
11102 	1
11104 	1
11106 	1
11107 	1
11110 	1
11111 	1
11112 	1
11116 	1
11117 	1
11118 	1
11119 	1
11121 	1
11122 	1
11123 	1
11124 	1
11126 	1
11128 	1
11129 	1
11130 	1
11132 	1
11134 	1
11135 	1
11138 	1
11139 	1
11140 	1
11141 	1
11143 	1
11144 	1
11148 	1
11150 	1
11153 	1
11155 	1
11161 	1
11166 	1
11167 	1
11168 	1
11171 	1
11173 	1
11174 	1
11176 	1
11177 	1
11178 	1
11179 	1
11182 	1
11184 	1
11186 	1
11189 	1
11191 	1
11192 	1
11194 	1
11195 	1
11196 	1
11197 	1
11198 	1
11199 	1
11200 	1
11201 	1
11203 	1
11204 	1
11206 	1
11208 	1
11211 	1
11213 	1
11215 	1
11220 	1
11221 	1
11222 	1
11223 	1
11225 	1
11230 	1
11231 	1
11233 	1
11234 	1
11237 	1
11239 	1
11240 	1
11241 	1
11243 	1
11244 	1
11251 	1
11256 	1
11257 	1
11258 	1
11259 	1
11261 	1
11262 	1
11263 	1
11269 	1
11272 	1
11273 	1
11276 	1
11277 	1
11278 	1
11280 	1
11285 	1
11286 	1
11287 	1
11289 	1
11290 	1
11291 	1
11295 	1
11297 	1
11298 	1
11301 	1
11306 	1
11309 	1
11310 	1
11311 	1
11312 	1
11314 	1
11315 	1
11316 	1
11317 	1
11320 	1
11323 	1
11325 	1
11326 	1
11327 	1
11329 	1
11340 	1
11347 	1
11348 	1
11349 	1
11351 	1
11352 	1
11360 	1
11365 	1
11367 	1
11369 	1
11374 	1
11375 	1
11376 	1
11377 	1
11379 	1
11380 	1
11381 	1
11384 	1
11386 	1
11388 	1
11393 	1
11394 	1
11397 	1
11400 	1
11401 	1
11402 	1
11404 	1
11407 	1
11410 	1
11411 	1
11413 	1
11416 	1
11418 	1
11419 	1
11420 	1
11425 	1
11429 	1
11431 	1
11433 	1
11436 	1
11438 	1
11441 	1
11444 	1
11447 	1
11450 	1
11451 	1
11452 	1
11454 	1
11455 	1
11458 	1
11460 	1
11461 	1
11462 	1
11465 	1
11467 	1
11470 	1
11471 	1
11472 	1
11473 	1
11474 	1
11475 	1
11476 	1
11477 	1
11478 	1
11482 	1
11483 	1
11487 	1
11491 	1
11492 	1
11493 	1
11494 	1
11495 	1
11497 	1
11499 	1
11504 	1
11506 	1
11509 	1
11512 	1
11518 	1
11520 	1
11524 	1
11525 	1
11526 	1
11528 	1
11530 	1
11531 	1
11532 	1
11533 	1
11540 	1
11541 	1
11542 	1
11543 	1
11547 	1
11548 	1
11549 	1
11551 	1
11553 	1
11554 	1
11555 	1
11556 	1
11558 	1
11559 	1
11560 	1
11562 	1
11563 	1
11566 	1
11567 	1
11569 	1
11571 	1
11574 	1
11575 	1
11576 	1
11577 	1
11578 	1
11579 	1
11580 	1
11581 	1
11582 	1
11584 	1
11586 	1
11589 	1
11590 	1
11593 	1
11594 	1
11595 	1
11596 	1
11602 	1
11608 	1
11609 	1
11611 	1
11617 	1
11619 	1
11620 	1
11622 	1
11623 	1
11625 	1
11628 	1
11629 	1
11631 	1
11635 	1
11636 	1
11638 	1
11639 	1
11640 	1
11641 	1
11643 	1
11644 	1
11645 	1
11647 	1
11649 	1
11655 	1
11656 	1
11661 	1
11663 	1
11664 	1
11665 	1
11666 	1
11667 	1
11671 	1
11672 	1
11675 	1
11677 	1
11678 	1
11679 	1
11683 	1
11684 	1
11685 	1
11687 	1
11689 	1
11691 	1
11694 	1
11695 	1
11697 	1
11699 	1
11704 	1
11718 	1
11721 	1
11722 	1
11723 	1
11724 	1
11727 	1
11728 	1
11729 	1
11732 	1
11733 	1
11734 	1
11736 	1
11738 	1
11741 	1
11746 	1
11747 	1
11748 	1
11750 	1
11752 	1
11753 	1
11758 	1
11759 	1
11761 	1
11762 	1
11765 	1
11769 	1
11772 	1
11776 	1
11777 	1
11779 	1
11781 	1
11786 	1
11790 	1
11791 	1
11793 	1
11797 	1
11798 	1
11799 	1
11805 	1
11806 	1
11807 	1
11809 	1
11820 	1
11825 	1
11827 	1
11830 	1
11839 	1
11841 	1
11842 	1
11846 	1
11847 	1
11849 	1
11851 	1
11852 	1
11855 	1
11856 	1
11857 	1
11858 	1
11859 	1
11863 	1
11864 	1
11865 	1
11870 	1
11872 	1
11877 	1
11878 	1
11881 	1
11883 	1
11887 	1
11889 	1
11896 	1
11902 	1
11904 	1
11906 	1
11911 	1
11914 	1
11918 	1
11920 	1
11923 	1
11924 	1
11927 	1
11928 	1
11929 	1
11935 	1
11945 	1
11947 	1
11948 	1
11953 	1
11954 	1
11959 	1
11960 	1
11962 	1
11965 	1
11968 	1
11969 	1
11971 	1
11972 	1
11975 	1
11976 	1
11977 	1
11979 	1
11980 	1
11989 	1
11993 	1
11998 	1
12000 	1
12002 	1
12003 	1
12005 	1
12009 	1
12016 	1
12018 	1
12019 	1
12022 	1
12026 	1
12028 	1
12029 	1
12033 	1
12034 	1
12037 	1
12038 	1
12039 	1
12041 	1
12042 	1
12045 	1
12046 	1
12048 	1
12052 	1
12055 	1
12059 	1
12064 	1
12067 	1
12068 	1
12069 	1
12073 	1
12078 	1
12081 	1
12082 	1
12084 	1
12086 	1
12087 	1
12088 	1
12089 	1
12090 	1
12091 	1
12092 	1
12093 	1
12095 	1
12098 	1
12099 	1
12101 	1
12102 	1
12103 	1
12106 	1
12108 	1
12113 	1
12114 	1
12116 	1
12117 	1
12118 	1
12119 	1
12121 	1
12124 	1
12133 	1
12134 	1
12136 	1
12140 	1
12141 	1
12143 	1
12144 	1
12145 	1
12147 	1
12148 	1
12150 	1
12153 	1
12155 	1
12156 	1
12157 	1
12159 	1
12160 	1
12162 	1
12163 	1
12170 	1
12174 	1
12176 	1
12178 	1
12182 	1
12183 	1
12188 	1
12191 	1
12204 	1
12208 	1
12209 	1
12210 	1
12214 	1
12220 	1
12221 	1
12223 	1
12226 	1
12230 	1
12236 	1
12238 	1
12240 	1
12242 	1
12247 	1
12249 	1
12251 	1
12252 	1
12253 	1
12254 	1
12256 	1
12258 	1
12262 	1
12265 	1
12266 	1
12267 	1
12269 	1
12271 	1
12280 	1
12282 	1
12285 	1
12286 	1
12287 	1
12289 	1
12292 	1
12293 	1
12295 	1
12297 	1
12298 	1
12299 	1
12300 	1
12301 	1
12305 	1
12307 	1
12310 	1
12311 	1
12314 	1
12315 	1
12321 	1
12326 	1
12328 	1
12330 	1
12333 	1
12335 	1
12338 	1
12340 	1
12344 	1
12346 	1
12347 	1
12352 	1
12354 	1
12355 	1
12359 	1
12360 	1
12362 	1
12365 	1
12367 	1
12369 	1
12372 	1
12376 	1
12382 	1
12384 	1
12389 	1
12390 	1
12396 	1
12401 	1
12405 	1
12410 	1
12419 	1
12420 	1
12421 	1
12422 	1
12424 	1
12427 	1
12428 	1
12430 	1
12432 	1
12433 	1
12439 	1
12441 	1
12443 	1
12445 	1
12446 	1
12450 	1
12451 	1
12453 	1
12457 	1
12458 	1
12459 	1
12463 	1
12465 	1
12467 	1
12468 	1
12473 	1
12475 	1
12477 	1
12478 	1
12480 	1
12481 	1
12482 	1
12483 	1
12484 	1
12485 	1
12487 	1
12492 	1
12493 	1
12495 	1
12496 	1
12501 	1
12502 	1
12508 	1
12517 	1
12518 	1
12519 	1
12521 	1
12523 	1
12526 	1
12528 	1
12529 	1
12532 	1
12534 	1
12535 	1
12536 	1
12537 	1
12538 	1
12542 	1
12544 	1
12547 	1
12549 	1
12550 	1
12553 	1
12555 	1
12557 	1
12559 	1
12560 	1
12563 	1
12564 	1
12567 	1
12569 	1
12571 	1
12572 	1
12573 	1
12574 	1
12575 	1
12576 	1
12584 	1
12586 	1
12589 	1
12590 	1
12597 	1
12599 	1
12602 	1
12606 	1
12610 	1
12611 	1
12613 	1
12615 	1
12616 	1
12617 	1
12620 	1
12624 	1
12628 	1
12635 	1
12640 	1
12641 	1
12642 	1
12643 	1
12644 	1
12646 	1
12648 	1
12654 	1
12655 	1
12659 	1
12660 	1
12662 	1
12663 	1
12666 	1
12667 	1
12668 	1
12670 	1
12675 	1
12676 	1
12677 	1
12678 	1
12679 	1
12680 	1
12681 	1
12684 	1
12685 	1
12687 	1
12688 	1
12689 	1
12690 	1
12692 	1
12694 	1
12699 	1
12701 	1
12702 	1
12704 	1
12708 	1
12709 	1
12711 	1
12712 	1
12715 	1
12717 	1
12718 	1
12720 	1
12722 	1
12727 	1
12728 	1
12729 	1
12731 	1
12732 	1
12736 	1
12739 	1
12741 	1
12749 	1
12752 	1
12753 	1
12757 	1
12758 	1
12760 	1
12761 	1
12762 	1
12766 	1
12770 	1
12771 	1
12772 	1
12775 	1
12777 	1
12778 	1
12781 	1
12783 	1
12785 	1
12786 	1
12789 	1
12790 	1
12792 	1
12794 	1
12795 	1
12796 	1
12797 	1
12800 	1
12801 	1
12802 	1
12804 	1
12808 	1
12814 	1
12815 	1
12816 	1
12817 	1
12819 	1
12822 	1
12825 	1
12827 	1
12828 	1
12829 	1
12831 	1
12837 	1
12839 	1
12840 	1
12841 	1
12842 	1
12843 	1
12846 	1
12848 	1
12849 	1
12850 	1
12854 	1
12855 	1
12856 	1
12862 	1
12864 	1
12865 	1
12866 	1
12874 	1
12875 	1
12876 	1
12877 	1
12879 	1
12882 	1
12884 	1
12885 	1
12886 	1
12893 	1
12895 	1
12896 	1
12900 	1
12901 	1
12903 	1
12904 	1
12909 	1
12911 	1
12912 	1
12919 	1
12921 	1
12925 	1
12926 	1
12929 	1
12930 	1
12931 	1
12932 	1
12935 	1
12938 	1
12940 	1
12941 	1
12942 	1
12945 	1
12947 	1
12948 	1
12949 	1
12950 	1
12951 	1
12952 	1
12953 	1
12954 	1
12955 	1
12959 	1
12963 	1
12964 	1
12969 	1
12971 	1
12987 	1
12988 	1
12989 	1
12994 	1
12995 	1
12999 	1
13001 	1
13002 	1
13005 	1
13008 	1
13011 	1
13013 	1
13014 	1
13016 	1
13017 	1
13018 	1
13019 	1
13023 	1
13025 	1
13027 	1
13029 	1
13030 	1
13037 	1
13039 	1
13041 	1
13043 	1
13045 	1
13050 	1
13054 	1
13055 	1
13057 	1
13058 	1
13061 	1
13062 	1
13063 	1
13064 	1
13065 	1
13069 	1
13073 	1
13074 	1
13075 	1
13078 	1
13085 	1
13086 	1
13087 	1
13091 	1
13093 	1
13097 	1
13098 	1
13100 	1
13101 	1
13104 	1
13105 	1
13106 	1
13109 	1
13115 	1
13119 	1
13120 	1
13121 	1
13123 	1
13124 	1
13127 	1
13128 	1
13129 	1
13133 	1
13135 	1
13138 	1
13140 	1
13142 	1
13143 	1
13144 	1
13145 	1
13146 	1
13148 	1
13149 	1
13150 	1
13154 	1
13155 	1
13156 	1
13157 	1
13159 	1
13162 	1
13164 	1
13165 	1
13166 	1
13170 	1
13174 	1
13175 	1
13176 	1
13186 	1
13188 	1
13189 	1
13190 	1
13197 	1
13199 	1
13201 	1
13202 	1
13203 	1
13206 	1
13207 	1
13209 	1
13210 	1
13211 	1
13215 	1
13220 	1
13221 	1
13223 	1
13224 	1
13233 	1
13235 	1
13237 	1
13240 	1
13241 	1
13242 	1
13245 	1
13246 	1
13248 	1
13252 	1
13253 	1
13254 	1
13256 	1
13261 	1
13264 	1
13269 	1
13270 	1
13271 	1
13276 	1
13277 	1
13278 	1
13282 	1
13284 	1
13291 	1
13295 	1
13296 	1
13297 	1
13298 	1
13299 	1
13300 	1
13304 	1
13305 	1
13307 	1
13308 	1
13309 	1
13311 	1
13312 	1
13313 	1
13317 	1
13323 	1
13324 	1
13328 	1
13329 	1
13330 	1
13331 	1
13332 	1
13334 	1
13335 	1
13336 	1
13337 	1
13338 	1
13339 	1
13341 	1
13342 	1
13343 	1
13344 	1
13347 	1
13353 	1
13355 	1
13364 	1
13365 	1
13367 	1
13368 	1
13369 	1
13370 	1
13372 	1
13373 	1
13379 	1
13384 	1
13386 	1
13388 	1
13389 	1
13394 	1
13396 	1
13398 	1
13399 	1
13402 	1
13405 	1
13406 	1
13412 	1
13417 	1
13420 	1
13421 	1
13424 	1
13428 	1
13430 	1
13436 	1
13444 	1
13445 	1
13446 	1
13455 	1
13457 	1
13458 	1
13459 	1
13460 	1
13461 	1
13462 	1
13467 	1
13468 	1
13470 	1
13471 	1
13472 	1
13474 	1
13478 	1
13480 	1
13483 	1
13486 	1
13490 	1
13492 	1
13493 	1
13494 	1
13495 	1
13496 	1
13498 	1
13499 	1
13503 	1
13504 	1
13505 	1
13506 	1
13507 	1
13508 	1
13509 	1
13512 	1
13513 	1
13515 	1
13519 	1
13520 	1
13521 	1
13523 	1
13527 	1
13528 	1
13530 	1
13531 	1
13532 	1
13540 	1
13542 	1
13548 	1
13552 	1
13554 	1
13557 	1
13558 	1
13559 	1
13560 	1
13561 	1
13564 	1
13570 	1
13572 	1
13574 	1
13579 	1
13581 	1
13585 	1
13590 	1
13595 	1
13596 	1
13602 	1
13604 	1
13605 	1
13606 	0.47294654498
13608 	1
13609 	1
13611 	1
13612 	1
13613 	1
13614 	1
13616 	1
13617 	1
13618 	1
13619 	1
13620 	1
13622 	1
13625 	1
13627 	1
13633 	1
13634 	1
13637 	1
13638 	1
13639 	1
13640 	1
13641 	1
13643 	1
13647 	1
13651 	1
13652 	1
13655 	1
13658 	1
13663 	1
13666 	1
13667 	1
13670 	1
13672 	1
13673 	1
13674 	1
13675 	1
13677 	1
13680 	1
13685 	1
13688 	1
13689 	1
13690 	1
13691 	1
13696 	1
13697 	1
13701 	1
13702 	1
13703 	1
13706 	1
13709 	1
13710 	1
13711 	1
13712 	1
13713 	1
13714 	1
13715 	1
13718 	1
13719 	1
13723 	1
13728 	1
13732 	1
13733 	1
13736 	1
13739 	1
13743 	1
13745 	1
13748 	1
13749 	1
13754 	1
13758 	1
13759 	1
13763 	1
13764 	1
13765 	1
13766 	1
13768 	1
13770 	1
13771 	1
13772 	1
13775 	1
13781 	1
13785 	1
13786 	1
13788 	1
13795 	1
13796 	1
13798 	1
13799 	1
13801 	1
13806 	1
13808 	1
13809 	1
13811 	1
13812 	1
13813 	1
13814 	1
13816 	1
13824 	1
13827 	1
13829 	1
13833 	1
13836 	1
13839 	1
13840 	1
13841 	1
13845 	1
13848 	1
13852 	1
13853 	1
13854 	1
13856 	1
13857 	1
13858 	1
13860 	1
13867 	1
13868 	1
13870 	1
13871 	1
13873 	1
13875 	1
13877 	1
13879 	1
13880 	1
13881 	1
13882 	1
13883 	1
13885 	1
13886 	1
13889 	1
13890 	1
13898 	1
13899 	1
13905 	1
13906 	1
13907 	1
13908 	1
13910 	1
13911 	1
13913 	1
13914 	1
13920 	1
13925 	1
13926 	1
13931 	1
13936 	1
13938 	1
13943 	1
13944 	1
13949 	1
13950 	1
13954 	1
13956 	1
13958 	1
13959 	1
13962 	1
13963 	1
13966 	1
13970 	1
13973 	1
13975 	1
13979 	1
13980 	1
13981 	1
13983 	1
13984 	1
13985 	1
13987 	1
13988 	1
13993 	1
13994 	1
13996 	1
14000 	1
