Number of items 	Total Weight 	Total Profit 
7844 	2261893.25 	523121.804688 


Total time: 0.264392137527 s
Average time: 0.0660992860794 s
Last call: 5.00679016113e-06 s
Stamp 1 of the total: 0h 0m 0s 264ms 264392\u00B5s
Stamp 2 of the total: 00:00:00.0264
Pattern that ignores zeros:
264ms 264392\u00B5s
0264

Item    Fraction

3 	1
6 	1
7 	1
11 	1
13 	1
15 	1
16 	1
18 	1
19 	1
20 	1
23 	1
24 	1
25 	1
26 	1
29 	1
36 	1
38 	1
40 	1
41 	1
42 	1
43 	1
44 	1
47 	1
48 	1
52 	1
54 	1
55 	1
56 	1
57 	1
58 	1
59 	1
61 	1
64 	1
65 	1
66 	1
69 	1
74 	1
76 	1
77 	1
79 	1
81 	1
82 	1
83 	1
84 	1
87 	1
89 	1
90 	1
92 	1
95 	1
96 	1
97 	1
98 	1
99 	1
101 	1
105 	1
107 	1
111 	1
112 	1
113 	1
116 	1
118 	1
119 	1
120 	1
122 	1
123 	1
124 	1
125 	1
126 	1
128 	1
129 	1
130 	1
132 	1
134 	1
135 	1
136 	1
137 	1
138 	1
140 	1
141 	1
145 	1
146 	1
147 	1
151 	1
152 	1
155 	1
158 	1
161 	1
162 	1
166 	1
167 	1
168 	1
171 	1
172 	1
174 	1
185 	1
191 	1
193 	1
194 	1
196 	1
200 	1
201 	1
203 	1
206 	1
207 	1
208 	1
209 	1
212 	1
214 	1
217 	1
221 	1
225 	1
227 	1
228 	1
229 	1
231 	1
233 	1
236 	1
239 	1
241 	1
244 	1
245 	1
247 	1
248 	1
250 	1
255 	1
256 	1
261 	1
263 	1
267 	1
268 	1
269 	1
272 	1
273 	1
274 	1
277 	1
279 	1
282 	1
283 	1
290 	1
292 	1
293 	1
294 	1
295 	1
296 	1
298 	1
300 	1
301 	1
302 	1
305 	1
306 	1
307 	1
308 	1
309 	1
312 	1
317 	1
318 	1
322 	1
323 	1
324 	1
327 	1
329 	1
331 	1
332 	1
333 	1
334 	1
335 	1
338 	1
343 	1
346 	1
347 	1
348 	1
349 	1
350 	1
351 	1
352 	1
355 	1
356 	1
358 	1
361 	1
366 	1
367 	1
370 	1
372 	1
373 	1
375 	1
376 	1
378 	1
379 	1
382 	1
387 	1
392 	1
395 	1
396 	1
397 	1
405 	1
407 	1
408 	1
413 	1
415 	1
416 	1
422 	1
427 	1
428 	1
430 	1
432 	1
433 	1
436 	1
439 	1
441 	1
443 	1
444 	1
447 	1
449 	1
458 	1
462 	1
465 	1
466 	1
469 	1
471 	1
472 	1
474 	1
475 	1
476 	1
477 	1
478 	1
486 	1
488 	1
490 	1
496 	1
501 	1
505 	1
507 	1
512 	1
513 	1
514 	1
515 	1
521 	1
526 	1
527 	1
530 	1
531 	1
536 	1
539 	1
540 	1
541 	1
542 	1
543 	1
545 	1
548 	1
551 	1
554 	1
556 	1
558 	1
561 	1
566 	1
568 	1
569 	1
570 	1
574 	1
575 	1
576 	1
577 	1
580 	1
581 	1
583 	1
585 	1
587 	1
589 	1
590 	1
593 	1
595 	1
603 	1
605 	1
607 	1
608 	1
611 	1
614 	1
615 	1
616 	1
620 	1
623 	1
629 	1
632 	1
636 	1
637 	1
640 	1
642 	1
643 	1
646 	1
647 	1
651 	1
652 	1
654 	1
656 	1
662 	1
664 	1
666 	1
667 	1
669 	1
671 	1
675 	1
676 	1
680 	1
681 	1
684 	1
686 	1
688 	1
691 	1
692 	1
699 	1
700 	1
702 	1
707 	1
713 	1
716 	1
723 	1
728 	1
729 	1
730 	1
732 	1
736 	1
737 	1
738 	1
739 	1
741 	1
744 	1
747 	1
749 	1
752 	1
753 	1
754 	1
755 	1
756 	1
758 	1
760 	1
761 	1
767 	1
771 	1
776 	1
785 	1
787 	1
788 	1
794 	1
796 	1
800 	1
802 	1
809 	1
811 	1
812 	1
813 	1
815 	1
818 	1
819 	1
822 	1
826 	1
827 	1
832 	1
833 	1
835 	1
838 	1
842 	1
850 	1
851 	1
852 	1
854 	1
855 	1
856 	1
858 	1
863 	1
870 	1
874 	1
878 	1
880 	1
886 	1
887 	1
889 	1
890 	1
894 	1
895 	1
897 	1
898 	1
899 	1
900 	1
903 	1
904 	1
905 	1
906 	1
907 	1
909 	1
913 	1
914 	1
915 	1
917 	1
920 	1
928 	1
929 	1
937 	1
938 	1
943 	1
950 	1
952 	1
960 	1
961 	1
962 	1
966 	1
967 	1
969 	1
970 	1
972 	1
973 	1
974 	1
979 	1
980 	1
984 	1
985 	1
986 	1
988 	1
993 	1
995 	1
998 	1
1002 	1
1004 	1
1007 	1
1009 	1
1011 	1
1013 	1
1014 	1
1016 	1
1018 	1
1020 	1
1024 	1
1027 	1
1028 	1
1029 	1
1030 	1
1035 	1
1037 	1
1038 	1
1040 	1
1042 	1
1046 	1
1049 	1
1053 	1
1054 	1
1055 	1
1057 	1
1058 	1
1059 	1
1061 	1
1065 	1
1067 	1
1069 	1
1074 	1
1076 	1
1077 	1
1078 	1
1080 	1
1081 	1
1084 	1
1086 	1
1087 	1
1089 	1
1090 	1
1091 	1
1094 	1
1097 	1
1102 	1
1106 	1
1107 	1
1108 	1
1110 	1
1111 	1
1112 	1
1114 	1
1115 	1
1116 	1
1117 	1
1118 	1
1122 	1
1126 	1
1128 	1
1129 	1
1131 	1
1133 	1
1138 	1
1140 	1
1141 	1
1144 	1
1147 	1
1149 	1
1152 	1
1153 	1
1154 	1
1155 	1
1156 	1
1168 	1
1174 	1
1175 	1
1176 	1
1178 	1
1180 	1
1183 	1
1185 	1
1187 	1
1188 	1
1190 	1
1191 	1
1194 	1
1199 	1
1200 	1
1202 	1
1203 	1
1207 	1
1211 	1
1212 	1
1213 	1
1214 	1
1216 	1
1218 	1
1219 	1
1222 	1
1224 	1
1225 	1
1229 	1
1231 	1
1234 	1
1235 	1
1239 	1
1240 	1
1241 	1
1242 	1
1243 	1
1244 	1
1245 	1
1246 	1
1247 	1
1250 	1
1251 	1
1256 	1
1258 	1
1260 	1
1262 	1
1263 	1
1265 	1
1268 	1
1270 	1
1272 	1
1273 	1
1285 	1
1286 	1
1289 	1
1290 	1
1291 	1
1293 	1
1296 	1
1297 	1
1298 	1
1300 	1
1305 	1
1308 	1
1313 	1
1314 	1
1315 	1
1318 	1
1319 	1
1320 	1
1322 	1
1323 	1
1324 	1
1326 	1
1327 	1
1330 	1
1335 	1
1339 	1
1341 	1
1348 	1
1349 	1
1352 	1
1353 	1
1355 	1
1356 	1
1358 	1
1359 	1
1360 	1
1363 	1
1364 	1
1366 	1
1367 	1
1370 	1
1372 	1
1374 	1
1380 	1
1382 	1
1388 	1
1389 	1
1390 	1
1391 	1
1395 	1
1396 	1
1398 	1
1400 	1
1402 	1
1406 	1
1412 	1
1413 	1
1415 	1
1422 	1
1423 	1
1426 	1
1429 	1
1432 	1
1434 	1
1435 	1
1437 	1
1440 	1
1443 	1
1445 	1
1447 	1
1449 	1
1450 	1
1451 	1
1453 	1
1455 	1
1463 	1
1466 	1
1468 	1
1470 	1
1471 	1
1472 	1
1477 	1
1478 	1
1481 	1
1483 	1
1485 	1
1491 	1
1493 	1
1494 	1
1497 	1
1498 	1
1502 	1
1503 	1
1504 	1
1505 	1
1506 	1
1508 	1
1509 	1
1511 	1
1512 	1
1515 	1
1517 	1
1518 	1
1521 	1
1522 	1
1525 	1
1526 	1
1527 	1
1529 	1
1530 	1
1532 	1
1536 	1
1537 	1
1542 	1
1550 	1
1551 	1
1552 	1
1554 	1
1556 	1
1559 	1
1560 	1
1564 	1
1571 	1
1572 	1
1573 	1
1576 	1
1577 	1
1579 	1
1584 	1
1587 	1
1588 	1
1589 	1
1592 	1
1594 	1
1595 	1
1596 	1
1597 	1
1598 	1
1599 	1
1602 	1
1604 	1
1606 	1
1607 	1
1611 	1
1613 	1
1616 	1
1617 	1
1619 	1
1621 	1
1622 	1
1623 	1
1624 	1
1626 	1
1627 	1
1628 	1
1629 	1
1630 	1
1637 	1
1639 	1
1640 	1
1641 	1
1644 	1
1646 	1
1649 	1
1650 	1
1651 	1
1652 	1
1653 	1
1658 	1
1660 	1
1661 	1
1664 	1
1666 	1
1669 	1
1670 	1
1673 	1
1677 	1
1678 	1
1679 	1
1683 	1
1684 	1
1687 	1
1688 	1
1689 	1
1690 	1
1691 	1
1692 	1
1700 	1
1702 	1
1707 	1
1709 	1
1712 	1
1714 	1
1719 	1
1720 	1
1721 	1
1724 	1
1727 	1
1730 	1
1732 	1
1737 	1
1738 	1
1739 	1
1740 	1
1741 	1
1749 	1
1751 	1
1754 	1
1757 	1
1760 	1
1762 	1
1763 	1
1766 	1
1770 	1
1771 	1
1773 	1
1775 	1
1778 	1
1780 	1
1792 	1
1794 	1
1798 	1
1804 	1
1805 	1
1806 	1
1807 	1
1808 	1
1809 	1
1812 	1
1816 	1
1818 	1
1821 	1
1822 	1
1824 	1
1827 	1
1833 	1
1837 	1
1839 	1
1843 	1
1846 	1
1847 	1
1850 	1
1852 	1
1853 	1
1858 	1
1859 	1
1861 	1
1862 	1
1863 	1
1866 	1
1869 	1
1871 	1
1873 	1
1876 	1
1877 	1
1879 	1
1881 	1
1885 	1
1889 	1
1892 	1
1893 	1
1895 	1
1896 	1
1898 	1
1899 	1
1905 	1
1908 	1
1909 	1
1910 	1
1911 	1
1912 	1
1914 	1
1915 	1
1916 	1
1919 	1
1921 	1
1924 	1
1925 	1
1927 	1
1928 	1
1931 	1
1933 	1
1934 	1
1938 	1
1949 	1
1950 	1
1951 	1
1952 	1
1954 	1
1957 	1
1964 	1
1967 	1
1972 	1
1975 	1
1977 	1
1978 	1
1979 	1
1981 	1
1989 	1
1991 	1
1992 	1
1997 	1
1998 	1
2001 	1
2003 	1
2005 	1
2006 	1
2007 	1
2008 	1
2009 	1
2016 	1
2019 	1
2020 	1
2022 	1
2023 	1
2024 	1
2029 	1
2032 	1
2036 	1
2038 	1
2041 	1
2042 	1
2043 	1
2045 	1
2046 	1
2050 	1
2052 	1
2053 	1
2058 	1
2059 	1
2062 	1
2063 	1
2065 	1
2068 	1
2069 	1
2070 	1
2072 	1
2074 	1
2079 	1
2082 	1
2088 	1
2089 	1
2090 	1
2094 	1
2097 	1
2098 	1
2100 	1
2101 	1
2103 	1
2105 	1
2108 	1
2109 	1
2112 	1
2115 	1
2119 	1
2120 	1
2121 	1
2124 	1
2127 	1
2130 	1
2132 	1
2133 	1
2141 	1
2142 	1
2143 	1
2144 	1
2149 	1
2154 	1
2156 	1
2157 	1
2159 	1
2161 	1
2162 	1
2163 	1
2164 	1
2165 	1
2167 	1
2169 	1
2170 	1
2171 	1
2172 	1
2173 	1
2174 	1
2175 	1
2176 	1
2178 	1
2182 	1
2184 	1
2185 	1
2188 	1
2189 	1
2190 	1
2191 	1
2198 	1
2199 	1
2202 	1
2204 	1
2208 	1
2209 	1
2210 	1
2211 	1
2212 	1
2218 	1
2220 	1
2222 	1
2224 	1
2225 	1
2226 	1
2227 	1
2228 	1
2229 	1
2234 	1
2237 	1
2240 	1
2241 	1
2242 	1
2244 	1
2246 	1
2250 	1
2253 	1
2255 	1
2256 	1
2258 	1
2259 	1
2260 	1
2261 	1
2262 	1
2264 	1
2265 	1
2266 	1
2267 	1
2270 	1
2271 	1
2273 	1
2275 	1
2277 	1
2279 	1
2281 	1
2283 	1
2287 	1
2288 	1
2291 	1
2293 	1
2294 	1
2298 	1
2299 	1
2301 	1
2302 	1
2305 	1
2312 	1
2317 	1
2319 	1
2321 	1
2322 	1
2323 	1
2326 	1
2329 	1
2331 	1
2336 	1
2338 	1
2341 	1
2342 	1
2346 	1
2348 	1
2350 	1
2351 	1
2352 	1
2353 	1
2354 	1
2357 	1
2359 	1
2360 	1
2361 	1
2362 	1
2363 	1
2364 	1
2366 	1
2367 	1
2373 	1
2374 	1
2376 	1
2379 	1
2380 	1
2381 	1
2382 	1
2384 	1
2386 	1
2389 	1
2390 	1
2391 	1
2396 	1
2397 	1
2398 	1
2400 	1
2401 	1
2404 	1
2407 	1
2410 	1
2413 	1
2425 	1
2426 	1
2427 	1
2430 	1
2431 	1
2435 	1
2436 	1
2437 	1
2440 	1
2442 	1
2443 	1
2452 	1
2453 	1
2454 	1
2456 	1
2458 	1
2460 	1
2464 	1
2465 	1
2466 	1
2467 	1
2468 	1
2470 	1
2472 	1
2474 	1
2475 	1
2478 	1
2480 	1
2481 	1
2485 	1
2488 	1
2489 	1
2493 	1
2494 	1
2495 	1
2500 	1
2503 	1
2504 	1
2507 	1
2512 	1
2513 	1
2514 	1
2516 	1
2518 	1
2520 	1
2521 	1
2523 	1
2525 	1
2526 	1
2528 	1
2529 	1
2530 	1
2531 	1
2532 	1
2534 	1
2535 	1
2536 	1
2541 	1
2543 	1
2544 	1
2546 	1
2548 	1
2550 	1
2551 	1
2552 	1
2554 	1
2556 	1
2557 	1
2558 	1
2562 	1
2563 	1
2565 	1
2568 	1
2569 	1
2573 	1
2574 	1
2577 	1
2580 	1
2583 	1
2589 	1
2596 	1
2598 	1
2599 	1
2600 	1
2603 	1
2604 	1
2605 	1
2606 	1
2607 	1
2614 	1
2617 	1
2620 	1
2621 	1
2622 	1
2625 	1
2626 	1
2627 	1
2629 	1
2637 	1
2640 	1
2645 	1
2647 	1
2650 	1
2651 	1
2657 	1
2664 	1
2665 	1
2671 	1
2673 	1
2675 	1
2678 	1
2680 	1
2683 	1
2685 	1
2692 	1
2693 	1
2694 	1
2695 	1
2697 	1
2698 	1
2702 	1
2708 	1
2709 	1
2710 	1
2712 	1
2713 	1
2715 	1
2721 	1
2723 	1
2731 	1
2734 	1
2735 	1
2736 	1
2738 	1
2739 	1
2744 	1
2748 	1
2750 	1
2751 	1
2752 	1
2753 	1
2758 	1
2759 	1
2760 	1
2762 	1
2764 	1
2765 	1
2766 	1
2768 	1
2769 	1
2771 	1
2775 	1
2780 	1
2782 	1
2795 	1
2797 	1
2799 	1
2800 	1
2801 	1
2806 	1
2810 	1
2814 	1
2816 	1
2818 	1
2820 	1
2822 	1
2827 	1
2828 	1
2829 	1
2830 	1
2832 	1
2835 	1
2838 	1
2841 	1
2844 	1
2846 	1
2847 	1
2850 	1
2851 	1
2853 	1
2854 	1
2855 	1
2857 	1
2858 	1
2859 	1
2860 	1
2865 	1
2866 	1
2867 	1
2868 	1
2870 	1
2872 	1
2874 	1
2877 	1
2881 	1
2882 	1
2883 	1
2884 	1
2887 	1
2893 	1
2897 	1
2899 	1
2900 	1
2901 	1
2904 	1
2908 	1
2910 	1
2911 	1
2914 	1
2916 	1
2918 	1
2919 	1
2920 	1
2922 	1
2923 	1
2925 	1
2927 	1
2929 	1
2933 	1
2935 	1
2936 	1
2938 	1
2940 	1
2942 	1
2943 	1
2946 	1
2947 	1
2949 	1
2950 	1
2951 	1
2954 	1
2956 	1
2957 	1
2960 	1
2962 	1
2966 	1
2967 	1
2968 	1
2970 	1
2972 	1
2973 	1
2975 	1
2976 	1
2978 	1
2979 	1
2981 	1
2987 	1
2988 	1
2990 	1
2993 	1
2995 	1
2996 	1
2997 	1
3000 	1
3002 	1
3004 	1
3005 	1
3006 	1
3009 	1
3010 	1
3012 	1
3013 	1
3015 	1
3020 	1
3021 	1
3024 	1
3026 	1
3029 	1
3030 	1
3031 	1
3032 	1
3033 	1
3035 	1
3037 	1
3038 	1
3041 	1
3042 	1
3043 	1
3046 	1
3050 	1
3053 	1
3056 	1
3057 	1
3058 	1
3061 	1
3062 	1
3066 	1
3069 	1
3074 	1
3075 	1
3076 	1
3077 	1
3078 	1
3080 	1
3083 	1
3085 	1
3086 	1
3088 	1
3089 	1
3091 	1
3092 	1
3097 	1
3100 	1
3101 	1
3102 	1
3107 	1
3108 	1
3109 	1
3110 	1
3112 	1
3114 	1
3115 	1
3117 	1
3120 	1
3122 	1
3126 	1
3127 	1
3131 	1
3132 	1
3134 	1
3135 	1
3136 	1
3140 	1
3142 	1
3145 	1
3146 	1
3149 	1
3156 	1
3157 	1
3160 	1
3161 	1
3162 	1
3163 	1
3164 	1
3165 	1
3170 	1
3172 	1
3175 	1
3176 	1
3178 	1
3182 	1
3183 	1
3185 	1
3187 	1
3188 	1
3189 	1
3191 	1
3193 	1
3197 	1
3200 	1
3201 	1
3202 	1
3209 	1
3210 	1
3211 	1
3215 	1
3216 	1
3222 	1
3223 	1
3224 	1
3225 	1
3228 	1
3230 	1
3231 	1
3235 	1
3236 	1
3239 	1
3243 	1
3250 	1
3252 	1
3258 	1
3260 	1
3263 	1
3268 	1
3269 	1
3271 	1
3272 	1
3273 	1
3276 	1
3277 	1
3279 	1
3281 	1
3283 	1
3284 	1
3285 	1
3286 	1
3289 	1
3291 	1
3297 	1
3298 	1
3302 	1
3307 	1
3308 	1
3314 	1
3325 	1
3333 	1
3334 	1
3337 	1
3338 	1
3340 	1
3343 	1
3350 	1
3353 	1
3354 	1
3355 	1
3356 	1
3359 	1
3362 	1
3364 	1
3367 	1
3369 	1
3371 	1
3373 	1
3375 	1
3378 	1
3381 	1
3383 	1
3384 	1
3389 	1
3390 	1
3392 	1
3397 	1
3400 	1
3401 	1
3403 	1
3406 	1
3407 	1
3413 	1
3414 	1
3417 	1
3418 	1
3419 	1
3422 	1
3423 	1
3425 	1
3426 	1
3427 	1
3430 	1
3431 	1
3432 	1
3433 	1
3434 	1
3435 	1
3436 	1
3437 	1
3438 	1
3439 	1
3440 	1
3443 	1
3444 	1
3447 	1
3450 	1
3451 	1
3455 	1
3456 	1
3458 	1
3460 	1
3462 	1
3469 	1
3470 	1
3474 	1
3476 	1
3480 	1
3484 	1
3487 	1
3489 	1
3491 	1
3493 	1
3499 	1
3507 	1
3508 	1
3510 	1
3512 	1
3519 	1
3525 	1
3528 	1
3530 	1
3536 	1
3538 	1
3541 	1
3544 	1
3545 	1
3547 	1
3549 	1
3550 	1
3551 	1
3556 	1
3559 	1
3560 	1
3562 	1
3568 	1
3569 	1
3570 	1
3571 	1
3577 	1
3578 	1
3579 	1
3580 	1
3581 	1
3582 	1
3586 	1
3588 	1
3589 	1
3590 	1
3592 	1
3595 	1
3597 	1
3599 	1
3604 	1
3606 	1
3609 	1
3610 	1
3612 	1
3614 	1
3615 	1
3616 	1
3618 	1
3619 	1
3623 	1
3626 	1
3627 	1
3630 	1
3631 	1
3633 	1
3634 	1
3637 	1
3638 	1
3642 	1
3644 	1
3651 	1
3652 	1
3653 	1
3654 	1
3659 	1
3660 	1
3662 	1
3663 	1
3665 	1
3666 	1
3667 	1
3671 	1
3672 	1
3673 	1
3678 	1
3681 	1
3682 	1
3686 	1
3687 	1
3689 	1
3690 	1
3691 	1
3693 	1
3696 	1
3698 	1
3701 	1
3702 	1
3703 	1
3708 	1
3714 	1
3716 	1
3721 	1
3722 	1
3723 	1
3724 	1
3725 	1
3727 	1
3728 	1
3732 	1
3735 	1
3737 	1
3738 	1
3739 	1
3743 	1
3745 	1
3747 	1
3753 	1
3754 	1
3755 	1
3758 	1
3759 	1
3760 	1
3761 	1
3763 	1
3766 	1
3767 	1
3768 	1
3771 	1
3772 	1
3773 	1
3778 	1
3779 	1
3782 	1
3784 	1
3785 	1
3791 	1
3792 	1
3796 	1
3797 	1
3799 	1
3800 	1
3805 	1
3806 	1
3811 	1
3813 	1
3814 	1
3816 	1
3818 	1
3819 	1
3820 	1
3823 	1
3824 	1
3825 	1
3830 	1
3831 	1
3833 	1
3834 	1
3835 	1
3836 	1
3839 	1
3844 	1
3849 	1
3850 	1
3851 	1
3853 	1
3854 	1
3855 	1
3857 	1
3858 	1
3860 	1
3862 	1
3863 	1
3864 	1
3871 	1
3874 	1
3881 	1
3886 	1
3889 	1
3890 	1
3891 	1
3894 	1
3897 	1
3899 	1
3902 	1
3904 	1
3911 	1
3914 	1
3916 	1
3917 	1
3918 	1
3920 	1
3922 	1
3923 	1
3925 	1
3927 	1
3932 	1
3933 	1
3934 	1
3936 	1
3937 	1
3939 	1
3940 	1
3944 	1
3945 	1
3947 	1
3948 	1
3949 	1
3952 	1
3954 	1
3958 	1
3960 	1
3961 	1
3963 	1
3964 	1
3965 	1
3968 	1
3970 	1
3971 	1
3973 	1
3975 	1
3976 	1
3977 	1
3980 	1
3981 	1
3983 	1
3984 	1
3990 	1
3991 	1
3993 	1
3998 	1
4003 	1
4004 	1
4009 	1
4013 	1
4015 	1
4018 	1
4021 	1
4022 	1
4024 	1
4025 	1
4027 	1
4029 	1
4030 	1
4034 	1
4035 	1
4038 	1
4039 	1
4040 	1
4041 	1
4042 	1
4043 	1
4049 	1
4052 	1
4053 	1
4054 	1
4061 	1
4063 	1
4064 	1
4065 	1
4066 	1
4068 	1
4072 	1
4073 	1
4074 	1
4076 	1
4077 	1
4078 	1
4079 	1
4080 	1
4084 	1
4085 	1
4087 	1
4088 	1
4092 	1
4093 	1
4094 	1
4096 	1
4098 	1
4101 	1
4110 	1
4111 	1
4112 	1
4113 	1
4117 	1
4119 	1
4120 	1
4122 	1
4124 	1
4126 	1
4127 	1
4128 	1
4129 	1
4131 	1
4132 	1
4134 	1
4136 	1
4137 	1
4138 	1
4142 	1
4143 	1
4145 	1
4148 	1
4151 	1
4158 	1
4159 	1
4160 	1
4162 	1
4163 	1
4167 	1
4169 	1
4170 	1
4172 	1
4180 	1
4182 	1
4183 	1
4186 	1
4187 	1
4193 	1
4194 	1
4197 	1
4204 	1
4205 	1
4210 	1
4212 	1
4213 	1
4215 	1
4218 	1
4219 	1
4221 	1
4222 	1
4224 	1
4225 	1
4227 	1
4228 	1
4229 	1
4230 	1
4231 	1
4232 	1
4233 	1
4234 	1
4236 	1
4237 	1
4238 	1
4239 	1
4242 	1
4243 	1
4245 	1
4246 	1
4248 	1
4252 	1
4253 	1
4257 	1
4258 	1
4260 	1
4261 	1
4263 	1
4264 	1
4265 	1
4267 	1
4269 	1
4270 	1
4273 	1
4277 	1
4281 	1
4283 	1
4284 	1
4289 	1
4290 	1
4291 	1
4294 	1
4296 	1
4302 	1
4305 	1
4306 	1
4313 	1
4316 	1
4317 	1
4323 	1
4325 	1
4326 	1
4331 	1
4333 	1
4335 	1
4337 	1
4339 	1
4342 	1
4346 	1
4348 	1
4349 	1
4350 	1
4351 	1
4352 	1
4353 	1
4362 	1
4363 	1
4364 	1
4365 	1
4366 	1
4370 	1
4372 	1
4374 	1
4376 	1
4380 	1
4382 	1
4383 	1
4384 	1
4385 	1
4388 	1
4389 	1
4399 	1
4400 	1
4401 	1
4402 	1
4403 	1
4405 	1
4406 	1
4408 	1
4416 	1
4418 	1
4419 	1
4422 	1
4423 	1
4430 	1
4433 	1
4434 	1
4436 	1
4437 	1
4438 	1
4439 	1
4440 	1
4441 	1
4442 	1
4446 	1
4447 	1
4448 	1
4450 	1
4451 	1
4454 	1
4459 	1
4463 	1
4464 	1
4465 	1
4466 	1
4468 	1
4480 	1
4482 	1
4483 	1
4487 	1
4489 	1
4491 	1
4492 	1
4501 	1
4505 	1
4506 	1
4509 	1
4510 	1
4512 	1
4518 	1
4520 	1
4524 	1
4525 	1
4526 	1
4527 	1
4539 	1
4540 	1
4544 	1
4545 	1
4548 	1
4557 	1
4559 	1
4561 	1
4563 	1
4564 	1
4568 	1
4569 	1
4571 	1
4574 	1
4576 	1
4577 	1
4578 	1
4585 	1
4586 	1
4587 	1
4595 	1
4596 	1
4597 	1
4605 	1
4607 	1
4608 	1
4609 	1
4610 	1
4611 	1
4612 	1
4613 	1
4615 	1
4616 	1
4619 	1
4625 	1
4626 	1
4628 	1
4635 	1
4637 	1
4639 	1
4643 	1
4644 	1
4645 	1
4646 	1
4648 	1
4650 	1
4652 	1
4654 	1
4657 	1
4661 	1
4663 	1
4664 	1
4666 	1
4672 	1
4673 	1
4678 	1
4681 	1
4682 	1
4684 	1
4686 	1
4687 	1
4690 	1
4691 	1
4693 	1
4697 	1
4700 	1
4701 	1
4702 	1
4704 	1
4705 	1
4712 	1
4714 	1
4715 	1
4716 	1
4718 	1
4721 	1
4726 	1
4731 	1
4733 	1
4735 	1
4739 	1
4740 	1
4741 	1
4742 	1
4745 	1
4747 	1
4750 	1
4751 	1
4755 	1
4758 	1
4759 	1
4763 	1
4766 	1
4768 	1
4772 	1
4773 	1
4774 	1
4777 	1
4778 	1
4779 	1
4782 	1
4787 	1
4790 	1
4792 	1
4796 	1
4799 	1
4800 	1
4802 	1
4803 	1
4805 	1
4807 	1
4813 	1
4815 	1
4816 	1
4820 	1
4821 	1
4822 	1
4825 	1
4831 	1
4833 	1
4837 	1
4840 	1
4841 	1
4845 	1
4846 	1
4851 	1
4857 	1
4861 	1
4862 	1
4864 	1
4872 	1
4878 	1
4889 	1
4890 	1
4891 	1
4893 	1
4896 	1
4899 	1
4900 	1
4902 	1
4904 	1
4905 	1
4907 	1
4912 	1
4913 	1
4914 	1
4918 	1
4921 	1
4922 	1
4923 	1
4925 	1
4928 	1
4929 	1
4933 	1
4935 	1
4937 	1
4941 	1
4942 	1
4943 	1
4945 	1
4946 	1
4950 	1
4952 	1
4954 	1
4955 	1
4958 	1
4959 	1
4960 	1
4963 	1
4964 	1
4965 	1
4966 	1
4967 	1
4970 	1
4972 	1
4978 	1
4979 	1
4982 	1
4985 	1
4988 	1
4991 	1
4993 	1
4996 	1
4997 	1
4998 	1
5001 	1
5004 	1
5007 	1
5010 	1
5014 	1
5015 	1
5020 	1
5021 	1
5023 	1
5025 	1
5027 	1
5028 	1
5029 	1
5032 	1
5035 	1
5036 	1
5037 	1
5038 	1
5039 	1
5045 	1
5049 	1
5050 	1
5051 	1
5052 	1
5054 	1
5057 	1
5060 	1
5061 	1
5062 	1
5064 	1
5065 	1
5067 	1
5068 	1
5069 	1
5070 	1
5071 	1
5073 	1
5074 	1
5077 	1
5078 	1
5080 	1
5085 	1
5086 	1
5087 	1
5088 	1
5089 	1
5090 	1
5095 	1
5096 	1
5099 	1
5100 	1
5101 	1
5103 	1
5105 	1
5106 	1
5109 	1
5113 	1
5115 	1
5119 	1
5120 	1
5121 	1
5122 	1
5127 	1
5128 	1
5129 	1
5131 	1
5135 	1
5136 	1
5137 	1
5139 	1
5142 	1
5143 	1
5144 	1
5147 	1
5148 	1
5150 	1
5151 	1
5158 	1
5160 	1
5162 	1
5163 	1
5164 	1
5166 	1
5167 	1
5171 	1
5172 	1
5173 	1
5175 	1
5176 	1
5178 	1
5179 	1
5180 	1
5182 	1
5183 	1
5184 	1
5188 	1
5189 	1
5191 	1
5195 	1
5196 	1
5198 	1
5200 	1
5203 	1
5204 	1
5205 	1
5206 	1
5222 	1
5223 	1
5228 	1
5229 	1
5230 	1
5231 	1
5233 	1
5234 	1
5236 	1
5237 	1
5239 	1
5242 	1
5243 	1
5245 	1
5249 	1
5255 	1
5259 	1
5262 	1
5266 	1
5268 	1
5269 	1
5270 	1
5271 	1
5275 	1
5277 	1
5278 	1
5279 	1
5280 	1
5281 	1
5282 	1
5283 	1
5284 	1
5287 	1
5288 	1
5290 	1
5291 	1
5293 	1
5294 	1
5296 	1
5299 	1
5305 	1
5306 	1
5307 	1
5308 	1
5313 	1
5319 	1
5320 	1
5323 	1
5324 	1
5326 	1
5327 	1
5328 	1
5330 	1
5337 	1
5338 	1
5339 	1
5340 	1
5344 	1
5345 	1
5347 	1
5349 	1
5351 	1
5352 	1
5353 	1
5358 	1
5359 	1
5364 	1
5366 	1
5368 	1
5374 	1
5375 	1
5376 	1
5378 	1
5383 	1
5387 	1
5389 	1
5392 	1
5393 	1
5397 	1
5401 	1
5403 	1
5405 	1
5406 	1
5409 	1
5412 	1
5414 	0.6953125
5415 	1
5420 	1
5422 	1
5423 	1
5424 	1
5426 	1
5428 	1
5429 	1
5432 	1
5433 	1
5434 	1
5435 	1
5436 	1
5437 	1
5439 	1
5440 	1
5442 	1
5443 	1
5448 	1
5450 	1
5451 	1
5454 	1
5457 	1
5460 	1
5462 	1
5465 	1
5466 	1
5471 	1
5476 	1
5477 	1
5478 	1
5488 	1
5489 	1
5494 	1
5495 	1
5499 	1
5500 	1
5501 	1
5503 	1
5513 	1
5515 	1
5516 	1
5520 	1
5521 	1
5524 	1
5525 	1
5527 	1
5528 	1
5531 	1
5533 	1
5534 	1
5535 	1
5536 	1
5537 	1
5539 	1
5542 	1
5545 	1
5547 	1
5548 	1
5551 	1
5554 	1
5556 	1
5561 	1
5565 	1
5566 	1
5570 	1
5571 	1
5574 	1
5575 	1
5576 	1
5577 	1
5578 	1
5579 	1
5580 	1
5582 	1
5583 	1
5584 	1
5587 	1
5589 	1
5591 	1
5594 	1
5596 	1
5597 	1
5601 	1
5602 	1
5604 	1
5608 	1
5610 	1
5611 	1
5612 	1
5613 	1
5614 	1
5615 	1
5618 	1
5620 	1
5624 	1
5626 	1
5628 	1
5631 	1
5633 	1
5635 	1
5636 	1
5640 	1
5643 	1
5646 	1
5647 	1
5649 	1
5652 	1
5654 	1
5660 	1
5661 	1
5662 	1
5665 	1
5669 	1
5672 	1
5673 	1
5675 	1
5677 	1
5681 	1
5683 	1
5685 	1
5687 	1
5690 	1
5692 	1
5698 	1
5699 	1
5704 	1
5705 	1
5707 	1
5708 	1
5711 	1
5712 	1
5716 	1
5723 	1
5724 	1
5727 	1
5728 	1
5729 	1
5731 	1
5734 	1
5738 	1
5739 	1
5744 	1
5745 	1
5746 	1
5748 	1
5749 	1
5750 	1
5751 	1
5752 	1
5754 	1
5756 	1
5757 	1
5759 	1
5761 	1
5763 	1
5765 	1
5766 	1
5768 	1
5770 	1
5773 	1
5774 	1
5775 	1
5778 	1
5779 	1
5781 	1
5787 	1
5791 	1
5792 	1
5795 	1
5798 	1
5801 	1
5804 	1
5805 	1
5806 	1
5808 	1
5810 	1
5811 	1
5812 	1
5813 	1
5814 	1
5815 	1
5817 	1
5822 	1
5823 	1
5824 	1
5826 	1
5827 	1
5828 	1
5832 	1
5834 	1
5837 	1
5843 	1
5845 	1
5847 	1
5851 	1
5857 	1
5858 	1
5859 	1
5860 	1
5861 	1
5863 	1
5864 	1
5866 	1
5867 	1
5868 	1
5870 	1
5871 	1
5872 	1
5875 	1
5884 	1
5885 	1
5887 	1
5888 	1
5889 	1
5891 	1
5892 	1
5897 	1
5899 	1
5901 	1
5902 	1
5905 	1
5907 	1
5908 	1
5910 	1
5912 	1
5913 	1
5914 	1
5915 	1
5918 	1
5924 	1
5926 	1
5928 	1
5930 	1
5932 	1
5933 	1
5935 	1
5942 	1
5944 	1
5945 	1
5946 	1
5947 	1
5948 	1
5950 	1
5952 	1
5959 	1
5961 	1
5963 	1
5966 	1
5968 	1
5970 	1
5973 	1
5976 	1
5977 	1
5978 	1
5979 	1
5981 	1
5982 	1
5984 	1
5986 	1
5987 	1
5988 	1
5991 	1
5998 	1
5999 	1
6000 	1
6001 	1
6003 	1
6009 	1
6011 	1
6012 	1
6013 	1
6017 	1
6020 	1
6023 	1
6025 	1
6027 	1
6031 	1
6032 	1
6033 	1
6036 	1
6040 	1
6041 	1
6044 	1
6045 	1
6047 	1
6048 	1
6049 	1
6054 	1
6057 	1
6058 	1
6061 	1
6062 	1
6063 	1
6065 	1
6066 	1
6067 	1
6068 	1
6072 	1
6074 	1
6083 	1
6089 	1
6092 	1
6093 	1
6094 	1
6095 	1
6096 	1
6101 	1
6106 	1
6111 	1
6119 	1
6120 	1
6122 	1
6124 	1
6125 	1
6127 	1
6130 	1
6131 	1
6133 	1
6136 	1
6140 	1
6144 	1
6151 	1
6160 	1
6161 	1
6167 	1
6169 	1
6170 	1
6172 	1
6174 	1
6177 	1
6181 	1
6184 	1
6186 	1
6187 	1
6189 	1
6190 	1
6191 	1
6195 	1
6197 	1
6198 	1
6199 	1
6200 	1
6201 	1
6204 	1
6205 	1
6208 	1
6211 	1
6213 	1
6215 	1
6218 	1
6220 	1
6221 	1
6222 	1
6223 	1
6231 	1
6232 	1
6233 	1
6234 	1
6236 	1
6239 	1
6240 	1
6241 	1
6243 	1
6244 	1
6245 	1
6246 	1
6248 	1
6250 	1
6251 	1
6254 	1
6256 	1
6257 	1
6258 	1
6262 	1
6264 	1
6265 	1
6266 	1
6267 	1
6268 	1
6270 	1
6271 	1
6280 	1
6282 	1
6283 	1
6289 	1
6292 	1
6293 	1
6294 	1
6298 	1
6299 	1
6301 	1
6303 	1
6305 	1
6307 	1
6308 	1
6309 	1
6311 	1
6314 	1
6319 	1
6322 	1
6323 	1
6324 	1
6326 	1
6327 	1
6328 	1
6334 	1
6336 	1
6338 	1
6342 	1
6344 	1
6346 	1
6354 	1
6360 	1
6361 	1
6364 	1
6367 	1
6370 	1
6371 	1
6372 	1
6373 	1
6375 	1
6377 	1
6378 	1
6384 	1
6385 	1
6386 	1
6389 	1
6391 	1
6393 	1
6396 	1
6397 	1
6398 	1
6399 	1
6404 	1
6405 	1
6407 	1
6409 	1
6410 	1
6412 	1
6414 	1
6417 	1
6419 	1
6420 	1
6425 	1
6426 	1
6430 	1
6431 	1
6433 	1
6436 	1
6437 	1
6438 	1
6440 	1
6441 	1
6445 	1
6446 	1
6449 	1
6453 	1
6454 	1
6456 	1
6457 	1
6459 	1
6466 	1
6469 	1
6471 	1
6472 	1
6473 	1
6479 	1
6481 	1
6482 	1
6485 	1
6486 	1
6487 	1
6491 	1
6493 	1
6496 	1
6499 	1
6501 	1
6502 	1
6503 	1
6504 	1
6507 	1
6510 	1
6512 	1
6513 	1
6514 	1
6516 	1
6518 	1
6520 	1
6522 	1
6523 	1
6524 	1
6526 	1
6530 	1
6532 	1
6533 	1
6535 	1
6536 	1
6537 	1
6541 	1
6542 	1
6547 	1
6549 	1
6550 	1
6551 	1
6555 	1
6562 	1
6564 	1
6565 	1
6566 	1
6568 	1
6570 	1
6572 	1
6575 	1
6580 	1
6583 	1
6584 	1
6586 	1
6587 	1
6591 	1
6593 	1
6597 	1
6599 	1
6601 	1
6604 	1
6605 	1
6607 	1
6618 	1
6620 	1
6621 	1
6622 	1
6623 	1
6627 	1
6629 	1
6631 	1
6639 	1
6642 	1
6645 	1
6648 	1
6649 	1
6652 	1
6653 	1
6654 	1
6662 	1
6663 	1
6665 	1
6668 	1
6669 	1
6671 	1
6673 	1
6674 	1
6675 	1
6676 	1
6677 	1
6679 	1
6681 	1
6684 	1
6685 	1
6686 	1
6687 	1
6689 	1
6691 	1
6692 	1
6694 	1
6695 	1
6700 	1
6701 	1
6702 	1
6705 	1
6711 	1
6713 	1
6717 	1
6720 	1
6721 	1
6723 	1
6724 	1
6729 	1
6734 	1
6736 	1
6737 	1
6740 	1
6741 	1
6744 	1
6752 	1
6753 	1
6757 	1
6767 	1
6770 	1
6771 	1
6773 	1
6778 	1
6780 	1
6783 	1
6784 	1
6785 	1
6788 	1
6791 	1
6792 	1
6795 	1
6796 	1
6798 	1
6801 	1
6803 	1
6805 	1
6807 	1
6808 	1
6810 	1
6812 	1
6814 	1
6815 	1
6817 	1
6818 	1
6819 	1
6821 	1
6824 	1
6826 	1
6829 	1
6830 	1
6833 	1
6835 	1
6836 	1
6839 	1
6846 	1
6850 	1
6855 	1
6856 	1
6859 	1
6861 	1
6863 	1
6864 	1
6866 	1
6869 	1
6870 	1
6876 	1
6878 	1
6879 	1
6881 	1
6882 	1
6883 	1
6885 	1
6886 	1
6889 	1
6891 	1
6893 	1
6894 	1
6897 	1
6898 	1
6901 	1
6902 	1
6904 	1
6909 	1
6910 	1
6911 	1
6912 	1
6914 	1
6917 	1
6918 	1
6919 	1
6923 	1
6927 	1
6929 	1
6932 	1
6936 	1
6937 	1
6938 	1
6939 	1
6941 	1
6942 	1
6945 	1
6949 	1
6950 	1
6957 	1
6962 	1
6963 	1
6966 	1
6967 	1
6969 	1
6971 	1
6972 	1
6973 	1
6974 	1
6976 	1
6979 	1
6980 	1
6981 	1
6982 	1
6984 	1
6985 	1
6986 	1
6991 	1
6993 	1
6995 	1
7001 	1
7003 	1
7004 	1
7007 	1
7011 	1
7013 	1
7014 	1
7016 	1
7018 	1
7019 	1
7024 	1
7026 	1
7027 	1
7032 	1
7034 	1
7037 	1
7040 	1
7041 	1
7045 	1
7046 	1
7050 	1
7051 	1
7052 	1
7054 	1
7057 	1
7060 	1
7064 	1
7066 	1
7076 	1
7078 	1
7081 	1
7082 	1
7086 	1
7091 	1
7094 	1
7095 	1
7098 	1
7099 	1
7100 	1
7104 	1
7105 	1
7106 	1
7107 	1
7108 	1
7109 	1
7111 	1
7116 	1
7121 	1
7122 	1
7124 	1
7128 	1
7130 	1
7133 	1
7137 	1
7138 	1
7142 	1
7143 	1
7144 	1
7146 	1
7153 	1
7154 	1
7155 	1
7156 	1
7159 	1
7161 	1
7162 	1
7163 	1
7167 	1
7168 	1
7171 	1
7173 	1
7175 	1
7177 	1
7179 	1
7180 	1
7182 	1
7185 	1
7190 	1
7194 	1
7196 	1
7199 	1
7200 	1
7204 	1
7206 	1
7208 	1
7209 	1
7211 	1
7213 	1
7215 	1
7216 	1
7221 	1
7224 	1
7225 	1
7226 	1
7227 	1
7228 	1
7229 	1
7231 	1
7233 	1
7239 	1
7240 	1
7242 	1
7244 	1
7245 	1
7247 	1
7249 	1
7251 	1
7252 	1
7253 	1
7256 	1
7257 	1
7259 	1
7261 	1
7262 	1
7265 	1
7266 	1
7268 	1
7271 	1
7276 	1
7278 	1
7280 	1
7284 	1
7288 	1
7289 	1
7291 	1
7292 	1
7295 	1
7296 	1
7297 	1
7299 	1
7302 	1
7303 	1
7310 	1
7312 	1
7317 	1
7319 	1
7321 	1
7322 	1
7323 	1
7332 	1
7337 	1
7339 	1
7341 	1
7343 	1
7344 	1
7349 	1
7351 	1
7355 	1
7359 	1
7360 	1
7361 	1
7362 	1
7364 	1
7366 	1
7369 	1
7371 	1
7372 	1
7378 	1
7380 	1
7381 	1
7382 	1
7385 	1
7386 	1
7387 	1
7388 	1
7389 	1
7392 	1
7393 	1
7396 	1
7398 	1
7400 	1
7401 	1
7404 	1
7406 	1
7408 	1
7409 	1
7412 	1
7413 	1
7414 	1
7416 	1
7417 	1
7419 	1
7420 	1
7424 	1
7425 	1
7426 	1
7431 	1
7432 	1
7433 	1
7434 	1
7440 	1
7441 	1
7442 	1
7444 	1
7445 	1
7446 	1
7447 	1
7449 	1
7450 	1
7451 	1
7452 	1
7454 	1
7456 	1
7459 	1
7463 	1
7468 	1
7469 	1
7473 	1
7474 	1
7476 	1
7483 	1
7484 	1
7487 	1
7488 	1
7489 	1
7492 	1
7498 	1
7499 	1
7501 	1
7502 	1
7503 	1
7506 	1
7507 	1
7512 	1
7514 	1
7515 	1
7516 	1
7521 	1
7522 	1
7524 	1
7527 	1
7533 	1
7534 	1
7535 	1
7539 	1
7544 	1
7546 	1
7550 	1
7552 	1
7553 	1
7560 	1
7562 	1
7564 	1
7566 	1
7568 	1
7569 	1
7571 	1
7574 	1
7579 	1
7584 	1
7588 	1
7591 	1
7592 	1
7594 	1
7596 	1
7597 	1
7599 	1
7600 	1
7601 	1
7602 	1
7603 	1
7604 	1
7608 	1
7609 	1
7611 	1
7612 	1
7613 	1
7614 	1
7616 	1
7617 	1
7618 	1
7620 	1
7622 	1
7624 	1
7625 	1
7626 	1
7627 	1
7628 	1
7629 	1
7630 	1
7631 	1
7633 	1
7634 	1
7636 	1
7637 	1
7638 	1
7639 	1
7640 	1
7641 	1
7642 	1
7644 	1
7645 	1
7646 	1
7652 	1
7655 	1
7656 	1
7658 	1
7659 	1
7660 	1
7661 	1
7664 	1
7667 	1
7668 	1
7669 	1
7670 	1
7675 	1
7677 	1
7678 	1
7679 	1
7680 	1
7681 	1
7682 	1
7686 	1
7688 	1
7691 	1
7692 	1
7700 	1
7701 	1
7703 	1
7705 	1
7707 	1
7711 	1
7713 	1
7716 	1
7717 	1
7721 	1
7729 	1
7730 	1
7731 	1
7734 	1
7736 	1
7737 	1
7738 	1
7740 	1
7741 	1
7742 	1
7750 	1
7752 	1
7753 	1
7760 	1
7762 	1
7765 	1
7770 	1
7771 	1
7775 	1
7777 	1
7778 	1
7780 	1
7783 	1
7785 	1
7786 	1
7789 	1
7793 	1
7794 	1
7795 	1
7799 	1
7802 	1
7803 	1
7807 	1
7810 	1
7811 	1
7812 	1
7816 	1
7817 	1
7818 	1
7822 	1
7826 	1
7828 	1
7829 	1
7830 	1
7833 	1
7834 	1
7836 	1
7839 	1
7841 	1
7843 	1
7848 	1
7854 	1
7855 	1
7857 	1
7858 	1
7860 	1
7865 	1
7866 	1
7871 	1
7876 	1
7878 	1
7883 	1
7884 	1
7888 	1
7889 	1
7890 	1
7892 	1
7895 	1
7898 	1
7899 	1
7903 	1
7908 	1
7918 	1
7919 	1
7922 	1
7924 	1
7925 	1
7927 	1
7929 	1
7934 	1
7936 	1
7938 	1
7940 	1
7943 	1
7944 	1
7945 	1
7946 	1
7947 	1
7949 	1
7950 	1
7953 	1
7956 	1
7957 	1
7958 	1
7959 	1
7961 	1
7962 	1
7967 	1
7970 	1
7972 	1
7973 	1
7976 	1
7979 	1
7981 	1
7985 	1
7991 	1
7995 	1
7996 	1
7997 	1
7998 	1
8000 	1
8002 	1
8003 	1
8008 	1
8010 	1
8012 	1
8014 	1
8017 	1
8019 	1
8023 	1
8026 	1
8030 	1
8031 	1
8032 	1
8037 	1
8038 	1
8040 	1
8041 	1
8043 	1
8044 	1
8045 	1
8046 	1
8052 	1
8055 	1
8056 	1
8057 	1
8060 	1
8062 	1
8064 	1
8065 	1
8067 	1
8069 	1
8070 	1
8071 	1
8073 	1
8074 	1
8076 	1
8078 	1
8079 	1
8080 	1
8084 	1
8085 	1
8087 	1
8088 	1
8091 	1
8092 	1
8093 	1
8094 	1
8096 	1
8098 	1
8099 	1
8100 	1
8103 	1
8104 	1
8105 	1
8106 	1
8107 	1
8111 	1
8112 	1
8113 	1
8114 	1
8116 	1
8117 	1
8118 	1
8119 	1
8120 	1
8122 	1
8132 	1
8134 	1
8135 	1
8138 	1
8139 	1
8140 	1
8143 	1
8144 	1
8148 	1
8150 	1
8151 	1
8152 	1
8155 	1
8158 	1
8159 	1
8163 	1
8164 	1
8166 	1
8168 	1
8170 	1
8172 	1
8173 	1
8174 	1
8175 	1
8176 	1
8177 	1
8179 	1
8180 	1
8183 	1
8187 	1
8191 	1
8192 	1
8194 	1
8196 	1
8197 	1
8198 	1
8200 	1
8201 	1
8204 	1
8216 	1
8217 	1
8219 	1
8221 	1
8223 	1
8225 	1
8227 	1
8230 	1
8232 	1
8234 	1
8235 	1
8236 	1
8237 	1
8238 	1
8240 	1
8244 	1
8245 	1
8247 	1
8252 	1
8253 	1
8255 	1
8259 	1
8260 	1
8261 	1
8263 	1
8264 	1
8265 	1
8266 	1
8269 	1
8270 	1
8271 	1
8275 	1
8277 	1
8280 	1
8281 	1
8282 	1
8283 	1
8284 	1
8286 	1
8291 	1
8292 	1
8293 	1
8294 	1
8297 	1
8298 	1
8299 	1
8302 	1
8305 	1
8306 	1
8308 	1
8311 	1
8314 	1
8316 	1
8317 	1
8321 	1
8323 	1
8324 	1
8328 	1
8330 	1
8337 	1
8339 	1
8340 	1
8341 	1
8345 	1
8347 	1
8348 	1
8350 	1
8355 	1
8356 	1
8358 	1
8359 	1
8360 	1
8361 	1
8363 	1
8364 	1
8366 	1
8371 	1
8372 	1
8376 	1
8378 	1
8381 	1
8383 	1
8385 	1
8387 	1
8389 	1
8390 	1
8392 	1
8393 	1
8396 	1
8398 	1
8400 	1
8401 	1
8404 	1
8407 	1
8408 	1
8409 	1
8411 	1
8412 	1
8415 	1
8419 	1
8421 	1
8423 	1
8424 	1
8425 	1
8429 	1
8430 	1
8431 	1
8437 	1
8439 	1
8441 	1
8442 	1
8443 	1
8445 	1
8447 	1
8450 	1
8453 	1
8455 	1
8457 	1
8458 	1
8459 	1
8460 	1
8463 	1
8466 	1
8470 	1
8471 	1
8476 	1
8478 	1
8480 	1
8483 	1
8491 	1
8492 	1
8497 	1
8502 	1
8503 	1
8505 	1
8506 	1
8507 	1
8510 	1
8513 	1
8515 	1
8521 	1
8529 	1
8539 	1
8540 	1
8545 	1
8547 	1
8551 	1
8553 	1
8555 	1
8556 	1
8557 	1
8563 	1
8566 	1
8570 	1
8572 	1
8573 	1
8579 	1
8580 	1
8583 	1
8586 	1
8588 	1
8595 	1
8596 	1
8598 	1
8601 	1
8604 	1
8606 	1
8607 	1
8610 	1
8613 	1
8618 	1
8619 	1
8620 	1
8622 	1
8626 	1
8629 	1
8630 	1
8635 	1
8641 	1
8642 	1
8646 	1
8648 	1
8649 	1
8650 	1
8651 	1
8653 	1
8654 	1
8661 	1
8662 	1
8665 	1
8667 	1
8669 	1
8670 	1
8672 	1
8674 	1
8676 	1
8677 	1
8678 	1
8679 	1
8680 	1
8683 	1
8684 	1
8687 	1
8689 	1
8702 	1
8705 	1
8706 	1
8708 	1
8709 	1
8712 	1
8715 	1
8717 	1
8720 	1
8723 	1
8724 	1
8727 	1
8728 	1
8734 	1
8735 	1
8738 	1
8739 	1
8740 	1
8741 	1
8746 	1
8748 	1
8749 	1
8753 	1
8755 	1
8756 	1
8757 	1
8758 	1
8759 	1
8762 	1
8763 	1
8765 	1
8766 	1
8768 	1
8773 	1
8774 	1
8775 	1
8779 	1
8780 	1
8782 	1
8786 	1
8787 	1
8792 	1
8793 	1
8797 	1
8801 	1
8802 	1
8805 	1
8807 	1
8809 	1
8810 	1
8815 	1
8816 	1
8820 	1
8821 	1
8822 	1
8827 	1
8828 	1
8829 	1
8831 	1
8832 	1
8833 	1
8842 	1
8845 	1
8846 	1
8849 	1
8853 	1
8854 	1
8857 	1
8860 	1
8861 	1
8862 	1
8863 	1
8872 	1
8873 	1
8875 	1
8876 	1
8878 	1
8881 	1
8888 	1
8891 	1
8897 	1
8902 	1
8908 	1
8910 	1
8918 	1
8919 	1
8920 	1
8922 	1
8923 	1
8926 	1
8932 	1
8933 	1
8935 	1
8936 	1
8938 	1
8943 	1
8944 	1
8945 	1
8947 	1
8948 	1
8952 	1
8957 	1
8958 	1
8960 	1
8961 	1
8962 	1
8966 	1
8969 	1
8970 	1
8971 	1
8973 	1
8978 	1
8979 	1
8982 	1
8984 	1
8985 	1
8986 	1
8988 	1
8990 	1
8991 	1
8992 	1
8993 	1
8997 	1
9000 	1
9001 	1
9002 	1
9010 	1
9012 	1
9014 	1
9015 	1
9017 	1
9019 	1
9025 	1
9027 	1
9028 	1
9029 	1
9030 	1
9039 	1
9040 	1
9044 	1
9045 	1
9049 	1
9057 	1
9059 	1
9065 	1
9068 	1
9071 	1
9076 	1
9079 	1
9082 	1
9083 	1
9085 	1
9086 	1
9088 	1
9090 	1
9093 	1
9095 	1
9096 	1
9098 	1
9100 	1
9105 	1
9111 	1
9115 	1
9118 	1
9119 	1
9120 	1
9121 	1
9123 	1
9124 	1
9125 	1
9128 	1
9129 	1
9130 	1
9131 	1
9132 	1
9134 	1
9135 	1
9136 	1
9138 	1
9140 	1
9142 	1
9143 	1
9145 	1
9147 	1
9150 	1
9152 	1
9157 	1
9160 	1
9162 	1
9164 	1
9166 	1
9167 	1
9168 	1
9169 	1
9173 	1
9174 	1
9175 	1
9176 	1
9177 	1
9182 	1
9183 	1
9186 	1
9187 	1
9190 	1
9191 	1
9193 	1
9195 	1
9197 	1
9206 	1
9207 	1
9211 	1
9212 	1
9213 	1
9218 	1
9221 	1
9225 	1
9229 	1
9230 	1
9232 	1
9236 	1
9238 	1
9239 	1
9240 	1
9246 	1
9247 	1
9248 	1
9258 	1
9259 	1
9262 	1
9264 	1
9265 	1
9268 	1
9270 	1
9272 	1
9273 	1
9278 	1
9281 	1
9282 	1
9284 	1
9285 	1
9286 	1
9293 	1
9295 	1
9296 	1
9300 	1
9302 	1
9304 	1
9308 	1
9313 	1
9314 	1
9317 	1
9319 	1
9321 	1
9324 	1
9328 	1
9332 	1
9334 	1
9335 	1
9336 	1
9345 	1
9348 	1
9353 	1
9356 	1
9358 	1
9362 	1
9367 	1
9370 	1
9379 	1
9385 	1
9386 	1
9392 	1
9395 	1
9396 	1
9401 	1
9404 	1
9407 	1
9408 	1
9409 	1
9411 	1
9412 	1
9413 	1
9415 	1
9416 	1
9417 	1
9420 	1
9421 	1
9422 	1
9425 	1
9427 	1
9430 	1
9433 	1
9435 	1
9437 	1
9439 	1
9440 	1
9442 	1
9443 	1
9447 	1
9454 	1
9457 	1
9460 	1
9461 	1
9463 	1
9464 	1
9465 	1
9466 	1
9467 	1
9472 	1
9473 	1
9474 	1
9475 	1
9476 	1
9477 	1
9479 	1
9483 	1
9484 	1
9486 	1
9492 	1
9497 	1
9498 	1
9499 	1
9501 	1
9502 	1
9503 	1
9505 	1
9507 	1
9508 	1
9509 	1
9511 	1
9513 	1
9519 	1
9521 	1
9522 	1
9523 	1
9525 	1
9527 	1
9530 	1
9531 	1
9532 	1
9533 	1
9534 	1
9535 	1
9537 	1
9538 	1
9539 	1
9542 	1
9544 	1
9552 	1
9554 	1
9555 	1
9556 	1
9558 	1
9562 	1
9568 	1
9570 	1
9571 	1
9572 	1
9573 	1
9574 	1
9584 	1
9589 	1
9590 	1
9592 	1
9593 	1
9595 	1
9596 	1
9601 	1
9602 	1
9603 	1
9606 	1
9607 	1
9609 	1
9610 	1
9612 	1
9615 	1
9616 	1
9621 	1
9623 	1
9624 	1
9626 	1
9628 	1
9629 	1
9632 	1
9633 	1
9637 	1
9638 	1
9640 	1
9641 	1
9642 	1
9643 	1
9644 	1
9645 	1
9646 	1
9647 	1
9648 	1
9656 	1
9660 	1
9662 	1
9669 	1
9671 	1
9674 	1
9681 	1
9684 	1
9685 	1
9687 	1
9689 	1
9693 	1
9694 	1
9696 	1
9699 	1
9700 	1
9701 	1
9703 	1
9704 	1
9710 	1
9712 	1
9714 	1
9716 	1
9717 	1
9718 	1
9719 	1
9720 	1
9728 	1
9733 	1
9737 	1
9739 	1
9740 	1
9743 	1
9744 	1
9745 	1
9746 	1
9749 	1
9750 	1
9751 	1
9754 	1
9758 	1
9760 	1
9761 	1
9764 	1
9769 	1
9771 	1
9772 	1
9773 	1
9775 	1
9777 	1
9778 	1
9782 	1
9784 	1
9785 	1
9786 	1
9787 	1
9789 	1
9790 	1
9791 	1
9798 	1
9804 	1
9806 	1
9809 	1
9810 	1
9812 	1
9814 	1
9819 	1
9820 	1
9822 	1
9827 	1
9838 	1
9841 	1
9842 	1
9845 	1
9849 	1
9851 	1
9859 	1
9862 	1
9864 	1
9865 	1
9870 	1
9871 	1
9874 	1
9875 	1
9876 	1
9878 	1
9880 	1
9882 	1
9883 	1
9886 	1
9887 	1
9889 	1
9890 	1
9892 	1
9895 	1
9898 	1
9901 	1
9902 	1
9904 	1
9905 	1
9907 	1
9908 	1
9910 	1
9911 	1
9916 	1
9922 	1
9924 	1
9926 	1
9936 	1
9938 	1
9940 	1
9945 	1
9947 	1
9948 	1
9950 	1
9952 	1
9953 	1
9954 	1
9956 	1
9958 	1
9960 	1
9961 	1
9962 	1
9963 	1
9964 	1
9972 	1
9974 	1
9975 	1
9979 	1
9981 	1
9983 	1
9984 	1
9985 	1
9987 	1
9990 	1
9991 	1
9992 	1
9993 	1
9994 	1
9996 	1
10001 	1
10002 	1
10003 	1
10004 	1
10007 	1
10009 	1
10012 	1
10013 	1
10015 	1
10018 	1
10022 	1
10023 	1
10024 	1
10026 	1
10027 	1
10031 	1
10032 	1
10034 	1
10035 	1
10036 	1
10037 	1
10039 	1
10040 	1
10041 	1
10042 	1
10045 	1
10049 	1
10054 	1
10057 	1
10058 	1
10063 	1
10065 	1
10068 	1
10072 	1
10076 	1
10079 	1
10081 	1
10082 	1
10083 	1
10084 	1
10085 	1
10088 	1
10090 	1
10091 	1
10092 	1
10093 	1
10096 	1
10097 	1
10102 	1
10107 	1
10108 	1
10109 	1
10110 	1
10111 	1
10114 	1
10115 	1
10116 	1
10118 	1
10124 	1
10125 	1
10127 	1
10128 	1
10130 	1
10132 	1
10133 	1
10134 	1
10135 	1
10136 	1
10140 	1
10145 	1
10146 	1
10150 	1
10154 	1
10155 	1
10157 	1
10160 	1
10161 	1
10162 	1
10164 	1
10166 	1
10167 	1
10168 	1
10170 	1
10172 	1
10174 	1
10175 	1
10178 	1
10180 	1
10181 	1
10183 	1
10184 	1
10185 	1
10187 	1
10190 	1
10192 	1
10195 	1
10197 	1
10199 	1
10201 	1
10203 	1
10204 	1
10205 	1
10209 	1
10210 	1
10211 	1
10213 	1
10215 	1
10222 	1
10226 	1
10227 	1
10228 	1
10231 	1
10232 	1
10233 	1
10239 	1
10241 	1
10243 	1
10245 	1
10248 	1
10249 	1
10251 	1
10253 	1
10256 	1
10257 	1
10259 	1
10264 	1
10267 	1
10270 	1
10274 	1
10282 	1
10284 	1
10287 	1
10288 	1
10289 	1
10290 	1
10295 	1
10297 	1
10301 	1
10305 	1
10306 	1
10308 	1
10310 	1
10316 	1
10318 	1
10320 	1
10321 	1
10322 	1
10323 	1
10327 	1
10329 	1
10332 	1
10333 	1
10334 	1
10343 	1
10344 	1
10345 	1
10350 	1
10351 	1
10353 	1
10359 	1
10360 	1
10361 	1
10365 	1
10366 	1
10370 	1
10372 	1
10374 	1
10375 	1
10376 	1
10380 	1
10390 	1
10393 	1
10394 	1
10399 	1
10401 	1
10402 	1
10403 	1
10405 	1
10407 	1
10409 	1
10412 	1
10413 	1
10415 	1
10418 	1
10420 	1
10421 	1
10422 	1
10424 	1
10425 	1
10426 	1
10427 	1
10430 	1
10432 	1
10435 	1
10436 	1
10437 	1
10438 	1
10440 	1
10441 	1
10443 	1
10444 	1
10447 	1
10449 	1
10452 	1
10453 	1
10455 	1
10456 	1
10458 	1
10459 	1
10462 	1
10465 	1
10468 	1
10470 	1
10471 	1
10472 	1
10473 	1
10475 	1
10477 	1
10478 	1
10480 	1
10481 	1
10482 	1
10483 	1
10487 	1
10489 	1
10495 	1
10496 	1
10497 	1
10498 	1
10499 	1
10501 	1
10502 	1
10505 	1
10506 	1
10507 	1
10509 	1
10511 	1
10516 	1
10518 	1
10520 	1
10525 	1
10527 	1
10528 	1
10529 	1
10531 	1
10537 	1
10539 	1
10546 	1
10552 	1
10557 	1
10562 	1
10564 	1
10566 	1
10567 	1
10568 	1
10569 	1
10570 	1
10572 	1
10573 	1
10574 	1
10576 	1
10577 	1
10579 	1
10580 	1
10586 	1
10587 	1
10589 	1
10594 	1
10595 	1
10598 	1
10599 	1
10602 	1
10606 	1
10609 	1
10611 	1
10612 	1
10613 	1
10614 	1
10615 	1
10616 	1
10618 	1
10619 	1
10620 	1
10621 	1
10623 	1
10625 	1
10629 	1
10630 	1
10634 	1
10639 	1
10645 	1
10647 	1
10648 	1
10649 	1
10651 	1
10658 	1
10660 	1
10662 	1
10663 	1
10666 	1
10667 	1
10669 	1
10670 	1
10672 	1
10673 	1
10674 	1
10675 	1
10678 	1
10685 	1
10686 	1
10687 	1
10689 	1
10690 	1
10692 	1
10693 	1
10694 	1
10695 	1
10699 	1
10700 	1
10703 	1
10704 	1
10708 	1
10712 	1
10720 	1
10726 	1
10727 	1
10729 	1
10731 	1
10732 	1
10734 	1
10738 	1
10743 	1
10744 	1
10747 	1
10748 	1
10749 	1
10750 	1
10751 	1
10752 	1
10753 	1
10759 	1
10761 	1
10762 	1
10763 	1
10764 	1
10767 	1
10769 	1
10770 	1
10773 	1
10777 	1
10779 	1
10780 	1
10783 	1
10784 	1
10791 	1
10792 	1
10794 	1
10795 	1
10799 	1
10801 	1
10807 	1
10808 	1
10815 	1
10818 	1
10819 	1
10820 	1
10823 	1
10824 	1
10825 	1
10829 	1
10830 	1
10831 	1
10832 	1
10835 	1
10836 	1
10837 	1
10838 	1
10840 	1
10841 	1
10842 	1
10843 	1
10848 	1
10849 	1
10850 	1
10852 	1
10854 	1
10856 	1
10857 	1
10858 	1
10859 	1
10860 	1
10862 	1
10867 	1
10870 	1
10873 	1
10875 	1
10876 	1
10877 	1
10878 	1
10880 	1
10883 	1
10884 	1
10889 	1
10890 	1
10892 	1
10893 	1
10900 	1
10901 	1
10902 	1
10906 	1
10909 	1
10913 	1
10916 	1
10917 	1
10918 	1
10921 	1
10922 	1
10925 	1
10928 	1
10930 	1
10932 	1
10934 	1
10937 	1
10938 	1
10939 	1
10940 	1
10941 	1
10942 	1
10943 	1
10944 	1
10946 	1
10947 	1
10949 	1
10950 	1
10951 	1
10952 	1
10953 	1
10954 	1
10957 	1
10958 	1
10961 	1
10962 	1
10963 	1
10966 	1
10967 	1
10968 	1
10970 	1
10974 	1
10977 	1
10978 	1
10980 	1
10985 	1
10987 	1
10990 	1
10993 	1
10996 	1
10998 	1
10999 	1
11000 	1
11001 	1
11002 	1
11005 	1
11012 	1
11013 	1
11016 	1
11019 	1
11022 	1
11024 	1
11026 	1
11028 	1
11031 	1
11033 	1
11039 	1
11041 	1
11043 	1
11047 	1
11050 	1
11052 	1
11053 	1
11060 	1
11061 	1
11062 	1
11063 	1
11065 	1
11067 	1
11068 	1
11075 	1
11076 	1
11079 	1
11083 	1
11084 	1
11087 	1
11088 	1
11089 	1
11090 	1
11092 	1
11093 	1
11094 	1
11096 	1
11103 	1
11105 	1
11108 	1
11109 	1
11110 	1
11111 	1
11115 	1
11116 	1
11121 	1
11123 	1
11126 	1
11127 	1
11128 	1
11130 	1
11132 	1
11135 	1
11139 	1
11141 	1
11142 	1
11143 	1
11147 	1
11149 	1
11154 	1
11156 	1
11163 	1
11164 	1
11166 	1
11170 	1
11172 	1
11173 	1
11175 	1
11176 	1
11178 	1
11181 	1
11182 	1
11187 	1
11191 	1
11192 	1
11193 	1
11194 	1
11198 	1
11202 	1
11203 	1
11206 	1
11207 	1
11208 	1
11214 	1
11216 	1
11217 	1
11229 	1
11231 	1
11233 	1
11239 	1
11242 	1
11244 	1
11245 	1
11249 	1
11253 	1
11254 	1
11255 	1
11256 	1
11260 	1
11261 	1
11263 	1
11264 	1
11267 	1
11268 	1
11269 	1
11272 	1
11273 	1
11274 	1
11280 	1
11282 	1
11285 	1
11286 	1
11288 	1
11289 	1
11291 	1
11292 	1
11293 	1
11295 	1
11298 	1
11299 	1
11300 	1
11302 	1
11304 	1
11306 	1
11307 	1
11309 	1
11312 	1
11313 	1
11315 	1
11316 	1
11319 	1
11321 	1
11324 	1
11327 	1
11332 	1
11334 	1
11336 	1
11337 	1
11339 	1
11342 	1
11343 	1
11344 	1
11348 	1
11349 	1
11350 	1
11351 	1
11354 	1
11355 	1
11360 	1
11361 	1
11362 	1
11366 	1
11367 	1
11368 	1
11370 	1
11371 	1
11372 	1
11373 	1
11377 	1
11379 	1
11383 	1
11384 	1
11386 	1
11387 	1
11388 	1
11390 	1
11392 	1
11395 	1
11396 	1
11399 	1
11403 	1
11413 	1
11415 	1
11417 	1
11419 	1
11420 	1
11421 	1
11423 	1
11425 	1
11426 	1
11430 	1
11432 	1
11433 	1
11434 	1
11436 	1
11439 	1
11440 	1
11445 	1
11446 	1
11447 	1
11451 	1
11452 	1
11456 	1
11457 	1
11458 	1
11459 	1
11460 	1
11461 	1
11465 	1
11466 	1
11467 	1
11471 	1
11472 	1
11473 	1
11475 	1
11477 	1
11478 	1
11483 	1
11484 	1
11485 	1
11488 	1
11490 	1
11491 	1
11493 	1
11497 	1
11498 	1
11501 	1
11504 	1
11506 	1
11509 	1
11512 	1
11516 	1
11521 	1
11523 	1
11524 	1
11527 	1
11528 	1
11529 	1
11530 	1
11535 	1
11536 	1
11538 	1
11540 	1
11546 	1
11548 	1
11558 	1
11559 	1
11561 	1
11562 	1
11564 	1
11569 	1
11570 	1
11575 	1
11576 	1
11578 	1
11582 	1
11584 	1
11590 	1
11592 	1
11594 	1
11596 	1
11604 	1
11605 	1
11608 	1
11612 	1
11613 	1
11617 	1
11618 	1
11620 	1
11621 	1
11623 	1
11629 	1
11630 	1
11632 	1
11633 	1
11635 	1
11642 	1
11643 	1
11644 	1
11646 	1
11647 	1
11649 	1
11650 	1
11652 	1
11653 	1
11654 	1
11655 	1
11657 	1
11667 	1
11669 	1
11675 	1
11676 	1
11678 	1
11679 	1
11681 	1
11682 	1
11684 	1
11687 	1
11692 	1
11694 	1
11697 	1
11698 	1
11701 	1
11703 	1
11707 	1
11711 	1
11717 	1
11719 	1
11722 	1
11724 	1
11725 	1
11726 	1
11727 	1
11728 	1
11730 	1
11732 	1
11734 	1
11736 	1
11738 	1
11739 	1
11740 	1
11743 	1
11745 	1
11747 	1
11748 	1
11749 	1
11750 	1
11751 	1
11758 	1
11760 	1
11762 	1
11764 	1
11765 	1
11770 	1
11779 	1
11780 	1
11781 	1
11782 	1
11784 	1
11790 	1
11791 	1
11793 	1
11795 	1
11797 	1
11798 	1
11799 	1
11800 	1
11801 	1
11802 	1
11804 	1
11807 	1
11810 	1
11812 	1
11813 	1
11815 	1
11817 	1
11820 	1
11821 	1
11822 	1
11823 	1
11824 	1
11826 	1
11829 	1
11830 	1
11831 	1
11832 	1
11847 	1
11850 	1
11851 	1
11852 	1
11853 	1
11854 	1
11855 	1
11856 	1
11863 	1
11866 	1
11869 	1
11870 	1
11871 	1
11873 	1
11875 	1
11876 	1
11877 	1
11879 	1
11882 	1
11883 	1
11885 	1
11886 	1
11888 	1
11890 	1
11892 	1
11893 	1
11894 	1
11896 	1
11897 	1
11899 	1
11903 	1
11906 	1
11907 	1
11908 	1
11909 	1
11910 	1
11912 	1
11913 	1
11915 	1
11917 	1
11920 	1
11923 	1
11929 	1
11932 	1
11934 	1
11938 	1
11939 	1
11943 	1
11944 	1
11945 	1
11949 	1
11951 	1
11952 	1
11956 	1
11958 	1
11959 	1
11964 	1
11966 	1
11967 	1
11968 	1
11969 	1
11971 	1
11974 	1
11977 	1
11979 	1
11982 	1
11984 	1
11985 	1
11989 	1
11990 	1
11991 	1
11992 	1
11993 	1
11998 	1
12000 	1
12002 	1
12003 	1
12004 	1
12007 	1
12008 	1
12015 	1
12016 	1
12017 	1
12019 	1
12021 	1
12022 	1
12026 	1
12027 	1
12028 	1
12031 	1
12033 	1
12034 	1
12035 	1
12036 	1
12041 	1
12043 	1
12045 	1
12046 	1
12047 	1
12050 	1
12052 	1
12056 	1
12058 	1
12059 	1
12063 	1
12066 	1
12068 	1
12069 	1
12072 	1
12073 	1
12076 	1
12077 	1
12082 	1
12083 	1
12086 	1
12088 	1
12090 	1
12091 	1
12092 	1
12093 	1
12094 	1
12097 	1
12098 	1
12102 	1
12104 	1
12105 	1
12108 	1
12113 	1
12116 	1
12117 	1
12119 	1
12120 	1
12122 	1
12123 	1
12125 	1
12126 	1
12129 	1
12130 	1
12132 	1
12133 	1
12134 	1
12137 	1
12138 	1
12142 	1
12144 	1
12146 	1
12153 	1
12155 	1
12157 	1
12158 	1
12159 	1
12160 	1
12166 	1
12167 	1
12168 	1
12171 	1
12173 	1
12175 	1
12180 	1
12181 	1
12182 	1
12185 	1
12186 	1
12187 	1
12188 	1
12191 	1
12192 	1
12195 	1
12197 	1
12198 	1
12204 	1
12205 	1
12207 	1
12210 	1
12211 	1
12217 	1
12218 	1
12221 	1
12224 	1
12228 	1
12230 	1
12234 	1
12239 	1
12242 	1
12244 	1
12245 	1
12246 	1
12248 	1
12252 	1
12255 	1
12256 	1
12257 	1
12258 	1
12261 	1
12263 	1
12264 	1
12265 	1
12268 	1
12269 	1
12270 	1
12272 	1
12273 	1
12275 	1
12276 	1
12277 	1
12284 	1
12285 	1
12289 	1
12290 	1
12292 	1
12294 	1
12295 	1
12297 	1
12298 	1
12300 	1
12305 	1
12308 	1
12309 	1
12310 	1
12317 	1
12321 	1
12322 	1
12323 	1
12324 	1
12327 	1
12334 	1
12337 	1
12339 	1
12340 	1
12347 	1
12348 	1
12352 	1
12356 	1
12362 	1
12366 	1
12370 	1
12371 	1
12373 	1
12374 	1
12375 	1
12376 	1
12379 	1
12380 	1
12385 	1
12386 	1
12391 	1
12394 	1
12395 	1
12396 	1
12397 	1
12399 	1
12402 	1
12405 	1
12412 	1
12415 	1
12416 	1
12419 	1
12420 	1
12421 	1
12423 	1
12424 	1
12425 	1
12426 	1
12427 	1
12431 	1
12434 	1
12435 	1
12436 	1
12437 	1
12440 	1
12442 	1
12443 	1
12445 	1
12446 	1
12447 	1
12450 	1
12452 	1
12453 	1
12455 	1
12456 	1
12458 	1
12460 	1
12463 	1
12465 	1
12466 	1
12467 	1
12470 	1
12471 	1
12472 	1
12473 	1
12475 	1
12478 	1
12482 	1
12483 	1
12484 	1
12489 	1
12494 	1
12498 	1
12499 	1
12500 	1
12502 	1
12505 	1
12512 	1
12514 	1
12515 	1
12516 	1
12518 	1
12519 	1
12521 	1
12523 	1
12525 	1
12530 	1
12532 	1
12537 	1
12538 	1
12540 	1
12541 	1
12543 	1
12547 	1
12549 	1
12554 	1
12555 	1
12556 	1
12557 	1
12559 	1
12567 	1
12568 	1
12569 	1
12576 	1
12579 	1
12580 	1
12583 	1
12584 	1
12585 	1
12590 	1
12591 	1
12593 	1
12595 	1
12597 	1
12599 	1
12600 	1
12602 	1
12603 	1
12604 	1
12605 	1
12606 	1
12608 	1
12610 	1
12611 	1
12612 	1
12616 	1
12617 	1
12619 	1
12628 	1
12629 	1
12630 	1
12631 	1
12632 	1
12634 	1
12636 	1
12638 	1
12640 	1
12641 	1
12642 	1
12643 	1
12644 	1
12647 	1
12649 	1
12650 	1
12652 	1
12653 	1
12654 	1
12655 	1
12657 	1
12659 	1
12663 	1
12667 	1
12671 	1
12672 	1
12676 	1
12677 	1
12681 	1
12682 	1
12683 	1
12688 	1
12696 	1
12697 	1
12698 	1
12701 	1
12702 	1
12704 	1
12707 	1
12710 	1
12713 	1
12714 	1
12715 	1
12719 	1
12722 	1
12723 	1
12724 	1
12726 	1
12727 	1
12728 	1
12730 	1
12732 	1
12733 	1
12735 	1
12736 	1
12737 	1
12738 	1
12744 	1
12749 	1
12751 	1
12752 	1
12754 	1
12757 	1
12758 	1
12763 	1
12764 	1
12766 	1
12771 	1
12775 	1
12776 	1
12778 	1
12780 	1
12785 	1
12786 	1
12787 	1
12788 	1
12790 	1
12792 	1
12799 	1
12801 	1
12802 	1
12804 	1
12808 	1
12809 	1
12810 	1
12817 	1
12821 	1
12824 	1
12825 	1
12827 	1
12829 	1
12830 	1
12834 	1
12836 	1
12837 	1
12838 	1
12839 	1
12842 	1
12844 	1
12848 	1
12849 	1
12850 	1
12852 	1
12858 	1
12859 	1
12860 	1
12861 	1
12862 	1
12866 	1
12867 	1
12868 	1
12873 	1
12874 	1
12880 	1
12882 	1
12883 	1
12885 	1
12888 	1
12889 	1
12890 	1
12892 	1
12893 	1
12898 	1
12902 	1
12903 	1
12906 	1
12907 	1
12910 	1
12912 	1
12914 	1
12917 	1
12921 	1
12922 	1
12923 	1
12925 	1
12929 	1
12930 	1
12931 	1
12934 	1
12935 	1
12936 	1
12937 	1
12938 	1
12940 	1
12942 	1
12943 	1
12947 	1
12949 	1
12950 	1
12952 	1
12955 	1
12956 	1
12957 	1
12958 	1
12960 	1
12965 	1
12968 	1
12969 	1
12972 	1
12975 	1
12979 	1
12980 	1
12984 	1
12985 	1
12987 	1
12994 	1
12996 	1
12999 	1
13001 	1
13005 	1
13010 	1
13013 	1
13014 	1
13015 	1
13020 	1
13021 	1
13023 	1
13024 	1
13025 	1
13028 	1
13032 	1
13034 	1
13039 	1
13042 	1
13045 	1
13046 	1
13048 	1
13050 	1
13053 	1
13056 	1
13057 	1
13059 	1
13061 	1
13063 	1
13064 	1
13065 	1
13067 	1
13070 	1
13073 	1
13079 	1
13081 	1
13084 	1
13085 	1
13086 	1
13087 	1
13088 	1
13089 	1
13090 	1
13091 	1
13093 	1
13094 	1
13102 	1
13103 	1
13104 	1
13106 	1
13107 	1
13108 	1
13109 	1
13110 	1
13112 	1
13113 	1
13115 	1
13117 	1
13118 	1
13119 	1
13121 	1
13122 	1
13124 	1
13127 	1
13128 	1
13130 	1
13132 	1
13134 	1
13139 	1
13140 	1
13141 	1
13142 	1
13144 	1
13145 	1
13146 	1
13152 	1
13153 	1
13154 	1
13156 	1
13158 	1
13159 	1
13164 	1
13165 	1
13166 	1
13167 	1
13171 	1
13173 	1
13175 	1
13182 	1
13187 	1
13193 	1
13208 	1
13209 	1
13210 	1
13211 	1
13212 	1
13213 	1
13216 	1
13218 	1
13220 	1
13221 	1
13223 	1
13224 	1
13225 	1
13226 	1
13227 	1
13228 	1
13229 	1
13231 	1
13232 	1
13234 	1
13235 	1
13238 	1
13239 	1
13241 	1
13245 	1
13247 	1
13249 	1
13251 	1
13253 	1
13254 	1
13256 	1
13264 	1
13265 	1
13272 	1
13273 	1
13275 	1
13277 	1
13279 	1
13281 	1
13282 	1
13283 	1
13284 	1
13292 	1
13297 	1
13299 	1
13302 	1
13304 	1
13305 	1
13307 	1
13309 	1
13311 	1
13315 	1
13319 	1
13322 	1
13323 	1
13324 	1
13325 	1
13326 	1
13327 	1
13328 	1
13331 	1
13332 	1
13339 	1
13341 	1
13345 	1
13350 	1
13352 	1
13354 	1
13356 	1
13362 	1
13365 	1
13369 	1
13370 	1
13371 	1
13376 	1
13377 	1
13378 	1
13379 	1
13380 	1
13381 	1
13383 	1
13384 	1
13385 	1
13389 	1
13390 	1
13397 	1
13400 	1
13402 	1
13405 	1
13408 	1
13410 	1
13411 	1
13412 	1
13413 	1
13414 	1
13415 	1
13419 	1
13421 	1
13423 	1
13424 	1
13425 	1
13426 	1
13427 	1
13428 	1
13430 	1
13435 	1
13436 	1
13437 	1
13439 	1
13444 	1
13446 	1
13450 	1
13451 	1
13452 	1
13453 	1
13454 	1
13455 	1
13456 	1
13457 	1
13458 	1
13459 	1
13461 	1
13462 	1
13466 	1
13469 	1
13470 	1
13472 	1
13475 	1
13477 	1
13480 	1
13481 	1
13482 	1
13483 	1
13485 	1
13486 	1
13487 	1
13489 	1
13490 	1
13491 	1
13492 	1
13495 	1
13510 	1
13511 	1
13512 	1
13519 	1
13520 	1
13521 	1
13526 	1
13528 	1
13530 	1
13531 	1
13536 	1
13538 	1
13546 	1
13553 	1
13555 	1
13556 	1
13557 	1
13561 	1
13567 	1
13568 	1
13575 	1
13580 	1
13582 	1
13583 	1
13584 	1
13585 	1
13586 	1
13591 	1
13592 	1
13595 	1
13597 	1
13600 	1
13602 	1
13603 	1
13608 	1
13610 	1
13612 	1
13614 	1
13615 	1
13617 	1
13619 	1
13622 	1
13627 	1
13628 	1
13629 	1
13641 	1
13643 	1
13644 	1
13646 	1
13647 	1
13649 	1
13652 	1
13653 	1
13654 	1
13656 	1
13657 	1
13663 	1
13666 	1
13667 	1
13668 	1
13669 	1
13670 	1
13671 	1
13672 	1
13673 	1
13677 	1
13679 	1
13680 	1
13681 	1
13682 	1
13687 	1
13689 	1
13690 	1
13695 	1
13698 	1
13703 	1
13705 	1
13706 	1
13707 	1
13708 	1
13710 	1
13713 	1
13714 	1
13717 	1
13720 	1
13722 	1
13730 	1
13733 	1
13734 	1
13738 	1
13740 	1
13743 	1
13744 	1
13748 	1
13749 	1
13753 	1
13757 	1
13758 	1
13759 	1
13760 	1
13761 	1
13762 	1
13763 	1
13765 	1
13766 	1
13767 	1
13769 	1
13771 	1
13773 	1
13775 	1
13776 	1
13777 	1
13778 	1
13784 	1
13785 	1
13787 	1
13793 	1
13795 	1
13798 	1
13799 	1
13800 	1
13802 	1
13804 	1
13807 	1
13810 	1
13812 	1
13813 	1
13816 	1
13817 	1
13819 	1
13820 	1
13827 	1
13829 	1
13834 	1
13836 	1
13837 	1
13838 	1
13840 	1
13842 	1
13846 	1
13848 	1
13853 	1
13857 	1
13858 	1
13860 	1
13861 	1
13862 	1
13863 	1
13864 	1
13867 	1
13871 	1
13873 	1
13875 	1
13876 	1
13877 	1
13882 	1
13884 	1
13886 	1
13887 	1
13895 	1
13901 	1
13903 	1
13905 	1
13906 	1
13911 	1
13913 	1
13916 	1
13917 	1
13918 	1
13923 	1
13924 	1
13926 	1
13929 	1
13931 	1
13932 	1
13933 	1
13934 	1
13936 	1
13937 	1
13938 	1
13942 	1
13943 	1
13944 	1
13950 	1
13951 	1
13952 	1
13954 	1
13956 	1
13964 	1
13965 	1
13972 	1
13973 	1
13977 	1
13978 	1
13980 	1
13983 	1
13986 	1
13987 	1
13991 	1
13992 	1
13994 	1
13995 	1
14001 	1
14005 	1
14011 	1
14012 	1
14013 	1
14015 	1
14018 	1
14021 	1
14023 	1
14024 	1
14027 	1
14028 	1
14031 	1
14032 	1
14038 	1
14041 	1
14047 	1
14048 	1
14049 	1
14050 	1
14051 	1
14052 	1
14053 	1
14054 	1
14056 	1
14058 	1
14059 	1
14060 	1
14068 	1
14069 	1
14071 	1
14074 	1
14076 	1
14077 	1
14079 	1
14087 	1
14089 	1
14091 	1
14094 	1
14099 	1
14106 	1
14107 	1
14108 	1
14112 	1
14113 	1
14114 	1
14117 	1
14118 	1
14123 	1
14124 	1
14126 	1
14134 	1
14135 	1
14138 	1
14140 	1
14141 	1
14142 	1
14145 	1
14146 	1
14147 	1
14151 	1
14152 	1
14158 	1
14159 	1
14163 	1
14170 	1
14171 	1
14172 	1
14175 	1
14176 	1
14178 	1
14181 	1
14183 	1
14184 	1
14186 	1
14187 	1
14188 	1
14193 	1
14198 	1
14200 	1
14201 	1
14207 	1
14208 	1
14211 	1
14212 	1
14213 	1
14216 	1
14218 	1
14219 	1
14220 	1
14221 	1
14225 	1
14227 	1
14228 	1
14231 	1
14234 	1
14235 	1
14236 	1
14238 	1
14239 	1
14240 	1
14243 	1
14245 	1
14247 	1
14249 	1
14250 	1
14251 	1
14252 	1
14256 	1
14258 	1
14262 	1
14263 	1
14265 	1
14266 	1
14267 	1
14268 	1
14269 	1
14270 	1
14271 	1
14272 	1
14276 	1
14277 	1
14278 	1
14284 	1
14286 	1
14289 	1
14291 	1
14297 	1
14298 	1
14307 	1
14308 	1
14309 	1
14310 	1
14311 	1
14313 	1
14317 	1
14318 	1
14319 	1
14321 	1
14323 	1
14325 	1
14328 	1
14330 	1
14331 	1
14332 	1
14334 	1
14335 	1
14336 	1
14337 	1
14339 	1
14342 	1
14343 	1
14345 	1
14350 	1
14352 	1
14354 	1
14357 	1
14358 	1
14364 	1
14365 	1
14369 	1
14370 	1
14371 	1
14381 	1
14382 	1
14386 	1
14389 	1
14393 	1
14395 	1
14397 	1
14401 	1
14402 	1
14403 	1
14404 	1
14405 	1
14406 	1
14408 	1
14410 	1
14411 	1
14418 	1
14419 	1
14427 	1
14428 	1
14429 	1
14430 	1
14433 	1
14434 	1
14435 	1
14436 	1
14437 	1
14439 	1
14440 	1
14441 	1
14447 	1
14448 	1
14449 	1
14453 	1
14456 	1
14457 	1
14459 	1
14463 	1
14464 	1
14465 	1
14466 	1
14469 	1
14471 	1
14475 	1
14478 	1
14479 	1
14481 	1
14483 	1
14484 	1
14486 	1
14488 	1
14489 	1
14490 	1
14493 	1
14495 	1
14497 	1
14499 	1
14501 	1
14502 	1
14503 	1
14505 	1
14506 	1
14507 	1
14509 	1
14510 	1
14513 	1
14514 	1
14515 	1
14517 	1
14518 	1
14519 	1
14521 	1
14522 	1
14523 	1
14524 	1
14529 	1
14530 	1
14534 	1
14536 	1
14538 	1
14539 	1
14540 	1
14541 	1
14547 	1
14551 	1
14552 	1
14553 	1
14554 	1
14556 	1
14560 	1
14564 	1
14566 	1
14567 	1
14573 	1
14574 	1
14578 	1
14580 	1
14581 	1
14583 	1
14585 	1
14587 	1
14589 	1
14594 	1
14595 	1
14601 	1
14602 	1
14603 	1
14607 	1
14608 	1
14610 	1
14617 	1
14622 	1
14625 	1
14627 	1
14631 	1
14632 	1
14633 	1
14634 	1
14636 	1
14638 	1
14639 	1
14640 	1
14642 	1
14643 	1
14650 	1
14652 	1
14656 	1
14659 	1
14661 	1
14665 	1
14668 	1
14670 	1
14671 	1
14672 	1
14673 	1
14674 	1
14682 	1
14683 	1
14687 	1
14692 	1
14696 	1
14699 	1
14700 	1
14703 	1
14704 	1
14706 	1
14708 	1
14710 	1
14716 	1
14718 	1
14720 	1
14723 	1
14725 	1
14727 	1
14729 	1
14732 	1
14736 	1
14743 	1
14744 	1
14745 	1
14746 	1
14747 	1
14750 	1
14752 	1
14762 	1
14763 	1
14766 	1
14770 	1
14771 	1
14772 	1
14774 	1
14776 	1
14777 	1
14781 	1
14784 	1
14785 	1
14786 	1
14787 	1
14788 	1
14789 	1
14791 	1
14792 	1
14795 	1
14797 	1
14800 	1
14801 	1
14805 	1
14806 	1
14807 	1
14811 	1
14812 	1
14815 	1
14816 	1
14823 	1
14824 	1
14827 	1
14828 	1
14831 	1
14833 	1
14834 	1
14836 	1
14838 	1
14839 	1
14841 	1
14843 	1
14846 	1
14848 	1
14850 	1
14852 	1
14854 	1
14855 	1
14860 	1
14863 	1
14864 	1
14867 	1
14871 	1
14873 	1
14876 	1
14879 	1
14882 	1
14887 	1
14891 	1
14894 	1
14895 	1
14898 	1
14899 	1
14901 	1
14902 	1
14903 	1
14904 	1
14908 	1
14910 	1
14911 	1
14913 	1
14914 	1
14917 	1
14918 	1
14920 	1
14921 	1
14924 	1
14925 	1
14930 	1
14931 	1
14933 	1
14937 	1
14939 	1
14941 	1
14947 	1
14949 	1
14952 	1
14958 	1
14964 	1
14965 	1
14966 	1
14967 	1
14971 	1
14973 	1
14976 	1
14977 	1
14982 	1
14983 	1
14984 	1
14988 	1
14990 	1
14991 	1
14992 	1
14994 	1
14995 	1
14997 	1
15001 	1
15003 	1
15009 	1
15017 	1
15018 	1
15019 	1
15022 	1
15026 	1
15027 	1
15029 	1
15030 	1
15031 	1
15032 	1
15033 	1
15034 	1
15036 	1
15038 	1
15042 	1
15046 	1
15050 	1
15053 	1
15054 	1
15056 	1
15060 	1
15061 	1
15063 	1
15065 	1
15066 	1
15068 	1
15070 	1
15074 	1
15075 	1
15076 	1
15077 	1
15079 	1
15083 	1
15087 	1
15096 	1
15098 	1
15100 	1
15105 	1
15106 	1
15107 	1
15110 	1
15111 	1
15114 	1
15116 	1
15120 	1
15121 	1
15122 	1
15123 	1
15124 	1
15127 	1
15130 	1
15134 	1
15135 	1
15138 	1
15139 	1
15140 	1
15141 	1
15144 	1
15145 	1
15147 	1
15151 	1
15153 	1
15155 	1
15156 	1
15160 	1
15162 	1
15164 	1
15166 	1
15169 	1
15178 	1
15179 	1
15183 	1
15187 	1
15190 	1
15193 	1
15195 	1
15196 	1
15200 	1
15202 	1
15203 	1
15204 	1
15205 	1
15208 	1
15210 	1
15219 	1
15222 	1
15223 	1
15226 	1
15231 	1
15234 	1
15235 	1
15239 	1
15241 	1
15242 	1
15243 	1
15244 	1
15245 	1
15248 	1
15250 	1
15252 	1
15253 	1
15256 	1
15257 	1
15259 	1
15261 	1
15262 	1
15265 	1
15266 	1
15267 	1
15269 	1
15276 	1
15282 	1
15283 	1
15286 	1
15287 	1
15288 	1
15291 	1
15292 	1
15293 	1
15295 	1
15303 	1
15304 	1
15305 	1
15309 	1
15310 	1
15311 	1
15312 	1
15314 	1
15315 	1
15316 	1
15318 	1
15319 	1
15320 	1
15322 	1
15324 	1
15329 	1
15332 	1
15339 	1
15340 	1
15341 	1
15342 	1
15343 	1
15346 	1
15348 	1
15349 	1
15351 	1
15353 	1
15354 	1
15355 	1
15361 	1
15362 	1
15364 	1
15365 	1
15368 	1
15370 	1
15371 	1
15374 	1
15377 	1
15378 	1
15383 	1
15387 	1
15388 	1
15389 	1
15391 	1
15392 	1
15393 	1
15396 	1
15397 	1
15398 	1
15399 	1
15400 	1
15402 	1
15403 	1
15404 	1
15407 	1
15410 	1
15413 	1
15416 	1
15417 	1
15420 	1
15421 	1
15422 	1
15424 	1
15426 	1
15428 	1
15429 	1
15431 	1
15434 	1
15436 	1
15437 	1
15439 	1
15441 	1
15444 	1
15446 	1
15448 	1
15449 	1
15450 	1
15452 	1
15454 	1
15455 	1
15456 	1
15458 	1
15459 	1
15460 	1
15463 	1
15466 	1
15469 	1
15471 	1
15472 	1
15474 	1
15477 	1
15479 	1
15484 	1
15488 	1
15489 	1
15490 	1
15495 	1
15499 	1
15500 	1
15502 	1
15504 	1
15505 	1
15509 	1
15515 	1
15517 	1
15518 	1
15519 	1
15520 	1
15521 	1
15523 	1
15524 	1
15525 	1
15527 	1
15529 	1
15532 	1
15533 	1
15541 	1
15545 	1
15547 	1
15549 	1
15550 	1
15552 	1
15554 	1
15558 	1
15563 	1
15564 	1
15565 	1
15568 	1
15569 	1
15570 	1
15575 	1
15576 	1
15578 	1
15580 	1
15583 	1
15584 	1
15585 	1
15589 	1
15590 	1
15591 	1
15594 	1
15597 	1
15599 	1
15600 	1
15602 	1
15603 	1
15607 	1
15609 	1
15612 	1
15616 	1
15617 	1
15618 	1
15619 	1
15620 	1
15623 	1
15624 	1
15625 	1
15626 	1
15628 	1
15629 	1
15632 	1
15633 	1
15635 	1
15642 	1
15643 	1
15644 	1
15648 	1
15650 	1
15652 	1
15654 	1
15656 	1
15661 	1
15665 	1
15669 	1
15671 	1
15672 	1
15675 	1
15680 	1
15683 	1
15684 	1
15687 	1
15688 	1
15692 	1
15693 	1
15696 	1
15697 	1
15702 	1
15704 	1
15714 	1
15716 	1
15718 	1
15720 	1
15721 	1
15722 	1
15724 	1
15726 	1
15727 	1
15728 	1
15734 	1
15735 	1
15736 	1
15737 	1
15738 	1
15742 	1
15744 	1
15747 	1
15748 	1
15750 	1
15753 	1
15754 	1
15758 	1
15759 	1
15760 	1
15761 	1
15762 	1
15764 	1
15768 	1
15771 	1
15772 	1
15773 	1
15781 	1
15784 	1
15789 	1
15792 	1
15794 	1
15795 	1
15797 	1
15799 	1
15802 	1
15809 	1
15810 	1
15811 	1
15815 	1
15816 	1
15817 	1
15819 	1
15820 	1
15822 	1
15825 	1
15826 	1
15829 	1
15831 	1
15832 	1
15833 	1
15837 	1
15839 	1
15840 	1
15842 	1
15843 	1
15845 	1
15846 	1
15847 	1
15848 	1
15850 	1
15851 	1
15854 	1
15857 	1
15862 	1
15868 	1
15869 	1
15873 	1
15874 	1
15876 	1
15881 	1
15884 	1
15887 	1
15888 	1
15891 	1
15892 	1
15893 	1
15896 	1
15899 	1
15901 	1
15902 	1
15907 	1
15910 	1
15911 	1
15916 	1
15921 	1
15925 	1
15926 	1
15927 	1
15931 	1
15932 	1
15936 	1
15939 	1
15941 	1
15943 	1
15947 	1
15948 	1
15953 	1
15954 	1
15955 	1
15956 	1
15957 	1
15958 	1
15959 	1
15961 	1
15962 	1
15963 	1
15964 	1
15966 	1
15967 	1
15968 	1
15971 	1
15973 	1
15976 	1
15977 	1
15983 	1
15984 	1
15987 	1
15989 	1
15991 	1
15992 	1
15994 	1
15995 	1
15996 	1
15997 	1
16000 	1
16005 	1
16012 	1
16013 	1
16015 	1
16016 	1
16017 	1
16019 	1
16022 	1
16024 	1
16027 	1
16028 	1
16029 	1
16032 	1
16033 	1
16034 	1
16037 	1
16039 	1
16040 	1
16044 	1
16046 	1
16047 	1
16049 	1
16050 	1
16051 	1
16054 	1
16056 	1
16059 	1
16069 	1
16071 	1
16074 	1
16075 	1
16076 	1
16078 	1
16083 	1
16084 	1
16087 	1
16090 	1
16093 	1
16100 	1
16101 	1
16102 	1
16107 	1
16109 	1
16110 	1
16111 	1
16112 	1
16113 	1
16117 	1
16121 	1
16122 	1
16124 	1
16125 	1
16126 	1
16127 	1
16129 	1
16130 	1
16132 	1
16136 	1
16143 	1
16144 	1
16146 	1
16148 	1
16150 	1
16152 	1
16154 	1
16158 	1
16160 	1
16161 	1
16162 	1
16164 	1
16165 	1
16168 	1
16172 	1
16176 	1
16178 	1
16179 	1
16186 	1
16187 	1
16188 	1
16189 	1
16190 	1
16191 	1
16193 	1
16196 	1
16197 	1
16201 	1
16202 	1
16203 	1
16207 	1
16210 	1
16211 	1
16212 	1
16214 	1
16217 	1
16218 	1
16224 	1
16225 	1
16229 	1
16230 	1
16233 	1
16235 	1
16236 	1
16238 	1
16240 	1
16242 	1
16243 	1
16244 	1
16246 	1
16248 	1
16249 	1
16250 	1
16251 	1
16253 	1
16255 	1
16259 	1
16260 	1
16262 	1
16270 	1
16271 	1
16276 	1
16279 	1
16280 	1
16281 	1
16288 	1
16290 	1
16291 	1
16292 	1
16293 	1
16294 	1
16296 	1
16299 	1
16301 	1
16302 	1
16303 	1
16304 	1
16305 	1
16306 	1
16307 	1
16312 	1
16317 	1
16318 	1
16320 	1
16321 	1
16323 	1
16325 	1
16328 	1
16329 	1
16332 	1
16335 	1
16337 	1
16339 	1
16340 	1
16342 	1
16343 	1
16345 	1
16346 	1
16347 	1
16351 	1
16353 	1
16357 	1
16359 	1
16362 	1
16365 	1
16367 	1
16369 	1
16370 	1
16373 	1
16374 	1
16375 	1
16376 	1
16377 	1
16378 	1
16379 	1
16380 	1
16381 	1
16384 	1
16385 	1
16390 	1
16391 	1
16393 	1
16394 	1
16397 	1
16399 	1
16400 	1
16401 	1
16402 	1
16403 	1
16405 	1
16406 	1
16408 	1
16409 	1
16411 	1
16412 	1
16414 	1
16418 	1
16419 	1
16421 	1
16422 	1
16423 	1
16424 	1
16425 	1
16428 	1
16429 	1
16430 	1
16434 	1
16436 	1
16440 	1
16441 	1
16442 	1
16443 	1
16445 	1
16447 	1
16448 	1
16449 	1
16450 	1
16451 	1
16454 	1
16455 	1
16457 	1
16458 	1
16463 	1
16468 	1
16469 	1
16470 	1
16472 	1
16474 	1
16475 	1
16479 	1
16481 	1
16482 	1
16485 	1
16486 	1
16488 	1
16489 	1
16492 	1
16496 	1
16497 	1
16504 	1
16505 	1
16507 	1
16508 	1
16510 	1
16514 	1
16515 	1
16516 	1
16519 	1
16521 	1
16525 	1
16532 	1
16534 	1
16536 	1
16538 	1
16540 	1
16543 	1
16545 	1
16549 	1
16551 	1
16553 	1
16557 	1
16560 	1
16562 	1
16569 	1
16573 	1
16574 	1
16576 	1
16577 	1
16580 	1
16581 	1
16582 	1
16584 	1
16586 	1
16589 	1
16591 	1
16593 	1
16595 	1
16596 	1
16600 	1
16603 	1
16604 	1
16606 	1
16607 	1
16608 	1
16611 	1
16612 	1
16614 	1
16616 	1
16617 	1
16623 	1
16625 	1
16626 	1
16633 	1
16634 	1
16637 	1
16646 	1
16651 	1
16653 	1
16654 	1
16655 	1
16656 	1
16658 	1
16659 	1
16663 	1
16664 	1
16666 	1
16670 	1
16674 	1
16676 	1
16677 	1
16679 	1
16680 	1
16683 	1
16685 	1
16686 	1
16687 	1
16694 	1
16698 	1
16701 	1
16702 	1
16703 	1
16707 	1
16708 	1
16710 	1
16715 	1
16718 	1
16720 	1
16721 	1
16723 	1
16724 	1
16725 	1
16726 	1
16727 	1
16728 	1
16730 	1
16731 	1
16732 	1
16735 	1
16736 	1
16743 	1
16744 	1
16746 	1
16748 	1
16755 	1
16756 	1
16759 	1
16763 	1
16772 	1
16773 	1
16775 	1
16776 	1
16779 	1
16780 	1
16781 	1
16785 	1
16786 	1
16791 	1
16794 	1
16795 	1
16797 	1
16798 	1
16801 	1
16802 	1
16804 	1
16805 	1
16806 	1
16810 	1
16811 	1
16814 	1
16817 	1
16818 	1
16819 	1
16821 	1
16823 	1
16827 	1
16832 	1
16833 	1
16835 	1
16839 	1
16840 	1
16842 	1
16843 	1
16844 	1
16845 	1
16847 	1
16849 	1
16851 	1
16853 	1
16854 	1
16857 	1
16860 	1
16861 	1
16866 	1
16867 	1
16868 	1
16870 	1
16872 	1
16876 	1
16877 	1
16879 	1
16880 	1
16882 	1
16884 	1
16889 	1
16891 	1
16893 	1
16894 	1
16895 	1
16896 	1
16902 	1
16907 	1
16908 	1
16909 	1
16915 	1
16917 	1
16918 	1
16919 	1
16922 	1
16925 	1
16929 	1
16930 	1
16931 	1
16933 	1
16935 	1
16936 	1
16938 	1
16939 	1
16940 	1
16942 	1
16943 	1
16946 	1
16947 	1
16949 	1
16953 	1
16958 	1
16960 	1
16963 	1
16964 	1
16967 	1
16971 	1
16972 	1
16976 	1
16977 	1
16978 	1
16979 	1
16980 	1
16984 	1
16986 	1
16988 	1
16989 	1
16993 	1
16997 	1
17001 	1
17002 	1
17004 	1
17009 	1
17011 	1
17013 	1
17019 	1
17020 	1
17021 	1
17022 	1
17023 	1
17024 	1
17025 	1
17028 	1
17029 	1
17030 	1
17036 	1
17037 	1
17039 	1
17041 	1
17042 	1
17043 	1
17046 	1
17049 	1
17052 	1
17053 	1
17060 	1
17061 	1
17062 	1
17064 	1
17065 	1
17069 	1
17070 	1
17072 	1
17073 	1
17074 	1
17076 	1
17080 	1
17082 	1
17083 	1
17085 	1
17086 	1
17089 	1
17091 	1
17092 	1
17093 	1
17096 	1
17100 	1
17103 	1
17106 	1
17108 	1
17109 	1
17110 	1
17114 	1
17115 	1
17118 	1
17120 	1
17123 	1
17130 	1
17132 	1
17135 	1
17137 	1
17139 	1
17140 	1
17142 	1
17145 	1
17147 	1
17149 	1
17157 	1
17159 	1
17161 	1
17162 	1
17163 	1
17166 	1
17167 	1
17169 	1
17170 	1
17171 	1
17173 	1
17177 	1
17178 	1
17179 	1
17180 	1
17182 	1
17183 	1
17186 	1
17188 	1
17189 	1
17190 	1
17192 	1
17195 	1
17199 	1
17200 	1
17201 	1
17207 	1
17209 	1
17215 	1
17217 	1
17218 	1
17220 	1
17227 	1
17229 	1
17232 	1
17237 	1
17240 	1
17241 	1
17242 	1
17244 	1
17245 	1
17247 	1
17254 	1
17255 	1
17258 	1
17261 	1
17263 	1
17266 	1
17270 	1
17273 	1
17278 	1
17280 	1
17281 	1
17282 	1
17286 	1
17288 	1
17290 	1
17293 	1
17294 	1
17295 	1
17296 	1
17297 	1
17298 	1
17306 	1
17307 	1
17309 	1
17310 	1
17311 	1
17312 	1
17315 	1
17316 	1
17324 	1
17325 	1
17328 	1
17333 	1
17335 	1
17336 	1
17338 	1
17340 	1
17346 	1
17350 	1
17351 	1
17354 	1
17355 	1
17361 	1
17363 	1
17364 	1
17368 	1
17369 	1
17370 	1
17374 	1
17379 	1
17385 	1
17387 	1
17396 	1
17397 	1
17398 	1
17401 	1
17403 	1
17405 	1
17409 	1
17411 	1
17412 	1
17413 	1
17415 	1
17416 	1
17418 	1
17423 	1
17424 	1
17425 	1
17426 	1
17427 	1
17436 	1
17437 	1
17438 	1
17440 	1
17443 	1
17447 	1
17449 	1
17451 	1
17456 	1
17457 	1
17460 	1
17461 	1
17464 	1
17466 	1
17467 	1
17468 	1
17469 	1
17470 	1
17472 	1
17473 	1
17478 	1
17479 	1
17480 	1
17481 	1
17483 	1
17488 	1
17489 	1
17491 	1
17493 	1
17495 	1
17496 	1
17498 	1
17504 	1
17513 	1
17514 	1
17515 	1
17521 	1
17523 	1
17528 	1
17531 	1
17533 	1
17535 	1
17537 	1
17538 	1
17543 	1
17544 	1
17546 	1
17548 	1
17549 	1
17550 	1
17551 	1
17553 	1
17556 	1
17563 	1
17564 	1
17565 	1
17571 	1
17574 	1
17575 	1
17576 	1
17577 	1
17580 	1
17583 	1
17584 	1
17585 	1
17590 	1
17591 	1
17593 	1
17594 	1
17596 	1
17598 	1
17599 	1
17603 	1
17605 	1
17607 	1
17610 	1
17616 	1
17619 	1
17622 	1
17626 	1
17627 	1
17628 	1
17632 	1
17636 	1
17638 	1
17639 	1
17643 	1
17645 	1
17647 	1
17648 	1
17649 	1
17650 	1
17651 	1
17654 	1
17658 	1
17659 	1
17661 	1
17662 	1
17667 	1
17668 	1
17670 	1
17673 	1
17674 	1
17676 	1
17677 	1
17685 	1
17687 	1
17694 	1
17695 	1
17696 	1
17697 	1
17700 	1
17701 	1
17702 	1
17705 	1
17707 	1
17709 	1
17711 	1
17714 	1
17717 	1
17718 	1
17720 	1
17721 	1
17722 	1
17723 	1
17726 	1
17727 	1
17728 	1
17729 	1
17731 	1
17732 	1
17733 	1
17736 	1
17737 	1
17738 	1
17739 	1
17742 	1
17744 	1
17748 	1
17749 	1
17750 	1
17751 	1
17754 	1
17755 	1
17760 	1
17761 	1
17762 	1
17763 	1
17764 	1
17766 	1
17767 	1
17768 	1
17769 	1
17770 	1
17771 	1
17775 	1
17780 	1
17783 	1
17786 	1
17789 	1
17790 	1
17791 	1
17794 	1
17798 	1
17805 	1
17807 	1
17808 	1
17810 	1
17811 	1
17813 	1
17814 	1
17815 	1
17817 	1
17821 	1
17824 	1
17829 	1
17831 	1
17835 	1
17836 	1
17838 	1
17840 	1
17842 	1
17844 	1
17846 	1
17850 	1
17851 	1
17857 	1
17862 	1
17867 	1
17870 	1
17871 	1
17875 	1
17877 	1
17879 	1
17880 	1
17883 	1
17884 	1
17885 	1
17888 	1
17889 	1
17892 	1
17893 	1
17896 	1
17898 	1
17901 	1
17902 	1
17903 	1
17904 	1
17906 	1
17910 	1
17911 	1
17913 	1
17914 	1
17916 	1
17920 	1
17923 	1
17924 	1
17925 	1
17927 	1
17928 	1
17929 	1
17933 	1
17935 	1
17937 	1
17938 	1
17941 	1
17942 	1
17943 	1
17944 	1
17945 	1
17947 	1
17948 	1
17949 	1
17950 	1
17952 	1
17954 	1
17961 	1
17962 	1
17976 	1
17977 	1
17978 	1
17980 	1
17983 	1
17984 	1
17985 	1
17986 	1
17987 	1
17988 	1
17991 	1
17992 	1
17997 	1
