Number of items 	Total Weight 	Total Profit 
3488 	1000226.75 	232665.5625 


Total time: 0.176883935928 s
Average time: 0.044221997261 s
Last call: 4.05311584473e-06 s
Stamp 1 of the total: 0h 0m 0s 176ms 176883\u00B5s
Stamp 2 of the total: 00:00:00.0176
Pattern that ignores zeros:
176ms 176883\u00B5s
0176

Item    Fraction

1 	1
2 	1
3 	1
4 	1
6 	1
7 	1
12 	1
13 	1
14 	1
20 	1
22 	1
24 	1
28 	1
29 	1
34 	1
36 	1
41 	1
42 	1
48 	1
49 	1
51 	1
52 	1
54 	1
55 	1
56 	1
58 	1
60 	1
61 	1
63 	1
65 	1
69 	1
70 	1
72 	1
74 	1
79 	1
82 	1
84 	1
87 	1
90 	1
91 	1
93 	1
94 	1
95 	1
96 	1
100 	1
101 	1
102 	1
105 	1
106 	1
109 	1
110 	1
111 	1
114 	1
116 	1
118 	1
119 	1
126 	1
135 	1
136 	1
139 	1
140 	1
142 	1
145 	1
146 	1
148 	1
149 	1
152 	1
153 	1
154 	1
156 	1
157 	1
162 	1
169 	1
171 	1
174 	1
176 	1
178 	1
180 	1
184 	1
185 	1
189 	1
190 	1
192 	1
193 	1
195 	1
196 	1
199 	1
202 	1
203 	1
205 	1
206 	1
207 	1
208 	1
214 	1
217 	1
220 	1
224 	1
226 	1
227 	1
228 	1
233 	1
234 	1
237 	1
241 	1
243 	1
244 	1
247 	1
248 	1
249 	1
250 	1
251 	1
252 	1
253 	1
254 	1
255 	1
256 	1
257 	1
258 	1
260 	1
262 	1
263 	1
267 	1
271 	1
273 	1
276 	1
277 	1
280 	1
282 	1
284 	1
286 	1
287 	1
289 	1
291 	1
292 	1
293 	1
295 	1
297 	1
300 	1
301 	1
315 	1
316 	1
317 	1
319 	1
320 	1
323 	1
324 	1
325 	1
329 	1
330 	1
331 	1
334 	1
344 	1
349 	1
353 	1
355 	1
358 	1
361 	1
362 	1
364 	1
368 	1
369 	1
370 	1
371 	1
372 	1
373 	1
376 	1
378 	1
380 	1
381 	1
385 	1
388 	1
390 	1
391 	1
396 	1
399 	1
401 	1
402 	1
404 	1
405 	1
407 	1
414 	1
418 	1
419 	1
423 	1
426 	1
430 	1
435 	1
437 	1
438 	1
439 	1
440 	1
442 	1
444 	1
448 	1
449 	1
451 	1
456 	1
462 	1
464 	1
465 	1
468 	1
473 	1
476 	1
482 	1
483 	1
484 	1
485 	1
487 	1
488 	1
489 	1
492 	1
493 	1
498 	1
501 	1
502 	1
504 	1
505 	1
507 	1
508 	1
509 	1
510 	1
514 	1
517 	1
524 	1
528 	1
529 	1
531 	1
537 	1
539 	1
540 	1
541 	1
549 	1
550 	1
554 	1
555 	1
558 	1
559 	1
562 	1
563 	1
564 	1
565 	1
566 	1
567 	1
570 	1
571 	1
575 	1
576 	1
578 	1
579 	1
582 	1
583 	1
586 	1
588 	1
589 	1
590 	1
591 	1
592 	1
597 	1
600 	1
601 	1
602 	1
604 	1
605 	1
607 	1
611 	1
613 	1
617 	1
618 	1
620 	1
621 	1
626 	1
627 	1
630 	1
634 	1
638 	1
639 	1
640 	1
643 	1
648 	1
649 	1
650 	1
651 	1
652 	1
653 	1
656 	1
658 	1
660 	1
661 	1
662 	1
663 	1
665 	1
666 	1
669 	1
671 	1
673 	1
676 	1
679 	1
680 	1
683 	1
685 	1
690 	1
692 	1
694 	1
697 	1
698 	1
699 	1
704 	1
708 	1
710 	1
712 	1
714 	1
715 	1
716 	1
717 	1
718 	1
720 	1
721 	1
723 	1
724 	1
725 	1
726 	1
730 	1
731 	1
733 	1
735 	1
737 	1
738 	1
739 	1
744 	1
745 	1
746 	1
750 	1
753 	1
755 	1
758 	1
761 	1
763 	1
764 	1
765 	1
772 	1
774 	1
775 	1
783 	1
788 	1
790 	1
792 	1
793 	1
795 	1
805 	1
807 	1
813 	1
817 	1
818 	1
820 	1
829 	1
832 	1
835 	1
836 	1
841 	1
844 	1
845 	1
846 	1
847 	1
848 	1
850 	1
853 	1
855 	1
859 	1
862 	1
863 	1
865 	1
868 	1
871 	1
873 	1
880 	1
883 	1
884 	1
886 	1
887 	1
888 	1
892 	1
896 	1
897 	1
899 	1
900 	1
901 	1
902 	1
903 	1
904 	1
906 	1
908 	1
909 	1
911 	1
916 	1
917 	1
918 	1
919 	1
920 	1
923 	1
929 	1
930 	1
939 	1
941 	1
942 	1
945 	1
946 	1
947 	1
949 	1
951 	1
954 	1
955 	1
956 	1
957 	1
958 	1
959 	1
965 	1
966 	1
967 	1
968 	1
977 	1
982 	1
983 	1
984 	1
987 	1
989 	1
991 	1
997 	1
998 	1
999 	1
1000 	1
1001 	1
1002 	1
1003 	1
1005 	1
1011 	1
1012 	1
1014 	1
1015 	1
1016 	1
1017 	1
1019 	1
1021 	1
1023 	1
1024 	1
1025 	1
1027 	1
1028 	1
1029 	1
1031 	1
1032 	1
1035 	1
1038 	1
1040 	1
1041 	1
1043 	1
1044 	1
1046 	1
1050 	1
1052 	1
1053 	1
1054 	1
1056 	1
1057 	1
1058 	1
1059 	1
1060 	1
1061 	1
1062 	1
1064 	1
1067 	1
1068 	1
1077 	1
1081 	1
1082 	1
1083 	1
1084 	1
1088 	1
1089 	1
1090 	1
1091 	1
1094 	1
1103 	1
1106 	1
1107 	1
1110 	1
1111 	1
1114 	1
1117 	1
1118 	1
1122 	1
1125 	1
1127 	1
1128 	1
1130 	1
1131 	1
1133 	1
1143 	1
1145 	1
1147 	1
1148 	1
1150 	1
1151 	1
1152 	1
1153 	1
1158 	1
1161 	1
1162 	1
1164 	1
1165 	1
1166 	1
1167 	1
1169 	1
1170 	1
1173 	1
1174 	1
1178 	1
1179 	1
1182 	1
1183 	1
1185 	1
1187 	1
1189 	1
1191 	1
1192 	1
1193 	1
1196 	1
1197 	1
1202 	1
1203 	1
1206 	1
1207 	1
1215 	1
1216 	1
1218 	1
1221 	1
1224 	1
1225 	1
1227 	1
1228 	1
1231 	1
1235 	1
1236 	1
1239 	1
1240 	1
1242 	1
1248 	1
1252 	1
1254 	1
1256 	1
1257 	1
1259 	1
1260 	1
1262 	1
1263 	1
1264 	1
1265 	1
1267 	1
1269 	1
1271 	1
1272 	1
1273 	1
1274 	1
1277 	1
1280 	1
1282 	1
1284 	1
1286 	1
1294 	1
1301 	1
1303 	1
1304 	1
1305 	1
1307 	1
1309 	1
1314 	1
1315 	1
1316 	1
1319 	1
1320 	1
1322 	1
1323 	1
1325 	1
1331 	1
1333 	1
1334 	1
1337 	1
1338 	1
1339 	1
1341 	1
1344 	1
1346 	1
1350 	1
1352 	1
1353 	1
1356 	1
1359 	1
1361 	1
1362 	1
1363 	1
1364 	1
1366 	1
1368 	1
1370 	1
1374 	1
1375 	1
1377 	1
1378 	1
1379 	1
1381 	1
1382 	1
1388 	1
1390 	1
1391 	1
1394 	1
1396 	1
1400 	1
1401 	1
1403 	1
1408 	1
1409 	1
1412 	1
1413 	1
1415 	1
1416 	1
1418 	1
1420 	1
1424 	1
1425 	1
1426 	1
1430 	1
1431 	1
1432 	1
1434 	1
1436 	1
1438 	1
1440 	1
1442 	1
1444 	1
1445 	1
1447 	1
1448 	1
1450 	1
1451 	1
1452 	1
1453 	1
1456 	1
1459 	1
1460 	1
1461 	1
1462 	1
1467 	1
1468 	1
1469 	1
1470 	1
1474 	1
1475 	1
1478 	1
1481 	1
1485 	1
1487 	1
1488 	1
1489 	1
1492 	1
1493 	1
1497 	1
1499 	1
1501 	1
1502 	1
1503 	1
1504 	1
1505 	1
1506 	1
1509 	1
1510 	1
1513 	1
1514 	1
1517 	1
1521 	1
1525 	1
1527 	1
1529 	1
1535 	1
1536 	1
1537 	1
1539 	1
1540 	1
1543 	1
1545 	1
1546 	1
1551 	1
1553 	1
1554 	1
1556 	1
1559 	1
1560 	1
1564 	1
1566 	1
1569 	1
1570 	1
1571 	1
1572 	1
1575 	1
1577 	1
1578 	1
1580 	1
1581 	1
1582 	1
1583 	1
1584 	1
1585 	1
1586 	1
1589 	1
1591 	1
1592 	1
1594 	1
1596 	1
1597 	1
1599 	1
1601 	1
1603 	1
1604 	1
1605 	1
1609 	1
1612 	1
1614 	1
1616 	1
1619 	1
1622 	1
1623 	1
1624 	1
1626 	1
1632 	1
1635 	1
1642 	1
1644 	1
1646 	1
1649 	1
1650 	1
1652 	1
1653 	1
1654 	1
1655 	1
1658 	1
1659 	1
1660 	1
1662 	1
1663 	1
1667 	1
1670 	1
1672 	1
1673 	1
1674 	1
1675 	1
1676 	1
1678 	1
1680 	1
1683 	1
1684 	1
1686 	1
1688 	1
1690 	1
1691 	1
1692 	1
1694 	1
1696 	1
1698 	1
1700 	1
1701 	1
1702 	1
1705 	1
1706 	1
1708 	1
1709 	1
1712 	1
1717 	1
1718 	1
1719 	1
1722 	1
1723 	1
1724 	1
1725 	1
1729 	1
1732 	1
1734 	1
1735 	1
1736 	1
1738 	1
1739 	1
1740 	1
1742 	1
1744 	1
1747 	1
1749 	1
1752 	1
1753 	1
1757 	1
1762 	1
1768 	1
1770 	1
1771 	1
1772 	1
1773 	1
1778 	1
1781 	1
1783 	1
1784 	1
1790 	1
1794 	1
1796 	1
1799 	1
1800 	1
1802 	1
1803 	1
1806 	1
1807 	1
1808 	1
1812 	1
1814 	1
1815 	1
1822 	1
1828 	1
1831 	1
1832 	1
1834 	1
1837 	1
1841 	1
1843 	1
1844 	1
1845 	1
1847 	1
1848 	1
1850 	1
1853 	1
1856 	1
1857 	1
1859 	1
1860 	1
1861 	1
1862 	1
1863 	1
1864 	1
1866 	1
1872 	1
1873 	1
1874 	1
1875 	1
1876 	1
1877 	1
1882 	1
1883 	1
1884 	1
1885 	1
1887 	1
1890 	1
1892 	1
1894 	1
1896 	1
1903 	1
1909 	1
1910 	1
1911 	1
1912 	1
1913 	1
1914 	1
1915 	1
1916 	1
1919 	1
1921 	1
1923 	1
1929 	1
1930 	1
1935 	1
1938 	1
1941 	1
1942 	1
1943 	1
1944 	1
1947 	1
1951 	1
1956 	1
1961 	1
1964 	1
1967 	1
1970 	1
1971 	1
1972 	1
1973 	1
1976 	1
1977 	1
1978 	1
1979 	1
1980 	1
1983 	1
1985 	1
1986 	1
1989 	1
1991 	1
1996 	1
1997 	1
1999 	1
2001 	1
2002 	1
2006 	1
2007 	1
2010 	1
2011 	1
2012 	1
2013 	1
2017 	1
2018 	1
2020 	1
2022 	1
2023 	1
2027 	1
2029 	1
2032 	1
2033 	1
2036 	1
2037 	1
2038 	1
2039 	1
2041 	1
2044 	1
2047 	1
2050 	1
2055 	1
2063 	1
2064 	1
2066 	1
2070 	1
2071 	1
2077 	1
2078 	1
2081 	1
2082 	1
2083 	1
2085 	1
2098 	1
2103 	1
2105 	1
2106 	1
2107 	1
2108 	1
2109 	1
2113 	1
2116 	1
2119 	1
2122 	1
2123 	1
2124 	1
2131 	1
2134 	1
2137 	1
2139 	1
2140 	1
2141 	1
2147 	1
2148 	1
2151 	1
2155 	1
2161 	1
2162 	1
2164 	1
2166 	1
2170 	1
2173 	1
2175 	1
2178 	1
2179 	1
2180 	1
2181 	1
2182 	1
2183 	1
2185 	1
2186 	1
2187 	1
2188 	1
2190 	1
2191 	1
2192 	1
2193 	1
2194 	1
2196 	1
2198 	1
2199 	1
2202 	1
2204 	1
2205 	1
2208 	1
2209 	1
2211 	1
2212 	1
2213 	1
2214 	1
2217 	1
2221 	1
2223 	1
2224 	1
2226 	1
2227 	1
2229 	1
2231 	1
2232 	1
2233 	1
2234 	1
2235 	1
2236 	1
2238 	1
2239 	1
2241 	1
2242 	1
2243 	1
2246 	1
2248 	1
2249 	1
2250 	1
2254 	1
2257 	1
2259 	1
2261 	1
2264 	1
2268 	1
2271 	1
2281 	1
2282 	1
2283 	1
2284 	1
2286 	1
2290 	1
2292 	1
2294 	1
2295 	1
2296 	1
2302 	1
2303 	1
2305 	1
2310 	1
2313 	1
2316 	1
2320 	1
2321 	1
2322 	1
2323 	1
2325 	1
2328 	1
2329 	1
2330 	1
2331 	1
2334 	1
2336 	1
2337 	1
2338 	1
2340 	1
2341 	1
2342 	1
2345 	1
2350 	1
2353 	1
2356 	1
2357 	1
2358 	1
2360 	1
2361 	1
2363 	1
2365 	1
2366 	1
2369 	1
2370 	1
2372 	1
2375 	1
2377 	1
2379 	1
2380 	1
2381 	1
2383 	1
2384 	1
2386 	1
2388 	1
2390 	1
2393 	1
2394 	1
2395 	1
2396 	1
2398 	1
2400 	1
2401 	1
2402 	1
2405 	1
2407 	1
2409 	1
2410 	1
2412 	1
2417 	1
2420 	1
2421 	1
2424 	1
2426 	1
2428 	1
2429 	1
2434 	1
2435 	1
2437 	1
2439 	1
2440 	1
2442 	1
2443 	1
2447 	1
2450 	1
2453 	1
2455 	1
2458 	1
2459 	1
2461 	1
2462 	1
2463 	1
2464 	1
2467 	1
2468 	1
2469 	1
2473 	1
2475 	1
2476 	1
2480 	1
2489 	1
2491 	1
2493 	1
2497 	1
2499 	1
2502 	1
2505 	1
2506 	1
2510 	1
2512 	1
2514 	1
2516 	1
2519 	1
2521 	1
2522 	1
2523 	1
2525 	1
2527 	1
2529 	1
2530 	1
2532 	1
2533 	1
2535 	1
2537 	1
2544 	1
2546 	1
2547 	1
2548 	1
2551 	1
2552 	1
2553 	1
2554 	1
2556 	1
2561 	1
2564 	1
2570 	1
2572 	1
2573 	1
2574 	1
2575 	1
2577 	1
2579 	1
2581 	1
2583 	1
2586 	1
2587 	1
2588 	1
2589 	1
2596 	1
2597 	1
2607 	1
2609 	1
2611 	1
2613 	1
2614 	1
2615 	1
2618 	1
2619 	1
2623 	1
2627 	1
2630 	1
2633 	1
2635 	1
2636 	1
2639 	1
2641 	1
2646 	1
2658 	1
2659 	1
2660 	1
2661 	1
2662 	1
2668 	1
2671 	1
2673 	1
2680 	1
2682 	1
2687 	1
2688 	1
2692 	1
2693 	1
2696 	1
2698 	1
2699 	1
2700 	1
2701 	1
2702 	1
2704 	1
2705 	1
2711 	1
2713 	1
2715 	1
2720 	1
2721 	1
2723 	1
2731 	1
2734 	1
2737 	1
2738 	1
2740 	1
2741 	1
2749 	1
2751 	1
2754 	1
2756 	1
2757 	1
2761 	1
2762 	1
2764 	1
2765 	1
2766 	1
2767 	1
2769 	1
2771 	1
2772 	1
2774 	1
2782 	1
2783 	1
2784 	1
2785 	1
2787 	1
2788 	1
2791 	1
2795 	1
2796 	1
2797 	1
2799 	1
2802 	1
2803 	1
2806 	1
2807 	1
2809 	1
2810 	1
2811 	1
2813 	1
2816 	1
2818 	1
2819 	1
2825 	1
2829 	1
2836 	1
2837 	1
2838 	1
2840 	1
2842 	1
2844 	1
2845 	1
2849 	1
2850 	1
2856 	1
2859 	1
2860 	1
2863 	1
2864 	1
2865 	1
2867 	1
2875 	1
2880 	1
2882 	1
2884 	1
2885 	1
2891 	1
2893 	1
2895 	1
2897 	1
2900 	1
2903 	1
2904 	1
2906 	1
2911 	1
2912 	1
2916 	1
2917 	1
2921 	1
2925 	1
2929 	1
2931 	1
2934 	1
2935 	1
2937 	1
2941 	1
2942 	1
2947 	1
2948 	1
2950 	1
2954 	1
2955 	1
2957 	1
2958 	1
2960 	1
2961 	1
2962 	1
2973 	1
2974 	1
2978 	1
2979 	1
2982 	1
2987 	1
2991 	1
2992 	1
2999 	1
3000 	1
3003 	1
3004 	1
3005 	1
3007 	1
3012 	1
3016 	1
3020 	1
3022 	1
3023 	1
3026 	1
3029 	1
3031 	1
3035 	1
3037 	1
3038 	1
3044 	1
3045 	1
3047 	1
3048 	1
3049 	1
3053 	1
3055 	1
3057 	1
3059 	1
3060 	1
3061 	1
3062 	1
3063 	1
3069 	1
3070 	1
3074 	1
3076 	1
3077 	1
3078 	1
3079 	1
3081 	1
3082 	1
3086 	1
3089 	1
3090 	1
3091 	1
3097 	1
3104 	1
3106 	1
3108 	1
3109 	1
3110 	1
3116 	1
3117 	1
3118 	1
3125 	1
3126 	1
3127 	1
3129 	1
3131 	1
3132 	1
3134 	1
3137 	1
3139 	1
3140 	1
3141 	1
3142 	1
3161 	1
3164 	1
3165 	1
3173 	1
3174 	1
3175 	1
3177 	1
3178 	1
3179 	1
3181 	1
3183 	1
3184 	1
3186 	1
3188 	1
3190 	1
3192 	1
3193 	1
3195 	1
3201 	1
3202 	1
3206 	1
3208 	1
3210 	1
3212 	1
3214 	1
3215 	1
3217 	1
3219 	1
3220 	1
3222 	1
3229 	1
3232 	1
3236 	1
3241 	1
3243 	1
3244 	1
3247 	1
3250 	1
3256 	1
3259 	1
3264 	1
3268 	1
3269 	1
3271 	1
3273 	1
3274 	1
3279 	1
3283 	1
3284 	1
3287 	1
3289 	1
3295 	1
3296 	1
3297 	1
3299 	1
3301 	1
3305 	1
3309 	1
3311 	1
3312 	1
3313 	1
3317 	1
3318 	1
3319 	1
3323 	1
3325 	1
3331 	1
3333 	1
3334 	1
3336 	1
3339 	1
3340 	1
3342 	1
3344 	1
3348 	1
3350 	1
3354 	1
3355 	1
3357 	1
3359 	1
3360 	1
3362 	1
3363 	1
3364 	1
3365 	1
3366 	1
3369 	1
3370 	1
3372 	1
3377 	1
3378 	1
3379 	1
3380 	1
3382 	1
3392 	1
3393 	1
3395 	1
3400 	1
3401 	1
3404 	1
3408 	1
3412 	1
3416 	1
3417 	1
3418 	1
3422 	1
3424 	1
3428 	1
3429 	1
3430 	1
3431 	1
3433 	1
3435 	1
3436 	1
3438 	1
3441 	1
3444 	1
3445 	1
3446 	1
3447 	1
3449 	1
3450 	1
3451 	1
3452 	1
3455 	1
3466 	1
3470 	1
3473 	1
3476 	1
3477 	1
3478 	1
3481 	1
3484 	1
3486 	1
3489 	1
3492 	1
3495 	1
3496 	1
3497 	1
3498 	1
3500 	1
3507 	1
3509 	1
3517 	1
3518 	1
3519 	1
3520 	1
3522 	1
3524 	1
3526 	1
3527 	1
3529 	1
3532 	1
3533 	1
3535 	1
3536 	1
3537 	1
3538 	1
3539 	1
3543 	1
3544 	1
3546 	1
3550 	1
3551 	1
3552 	1
3553 	1
3554 	1
3555 	1
3558 	1
3561 	1
3562 	1
3563 	1
3564 	1
3565 	1
3566 	1
3571 	1
3576 	1
3577 	1
3583 	1
3585 	1
3586 	1
3590 	1
3591 	1
3594 	1
3595 	1
3596 	1
3602 	1
3604 	1
3610 	1
3613 	1
3614 	1
3615 	1
3616 	1
3623 	1
3625 	1
3630 	1
3634 	1
3636 	1
3637 	1
3640 	1
3641 	1
3642 	1
3643 	1
3647 	1
3648 	1
3653 	1
3654 	1
3656 	1
3659 	1
3661 	1
3662 	1
3663 	1
3664 	1
3667 	1
3668 	1
3672 	1
3677 	1
3678 	1
3680 	1
3682 	1
3683 	1
3684 	1
3685 	1
3688 	1
3690 	1
3691 	1
3692 	1
3693 	1
3697 	1
3698 	1
3702 	1
3704 	1
3705 	1
3709 	1
3713 	1
3715 	1
3716 	1
3717 	1
3721 	1
3722 	1
3723 	1
3725 	1
3734 	1
3735 	1
3736 	1
3741 	1
3742 	1
3745 	1
3746 	1
3747 	1
3750 	1
3754 	1
3757 	1
3758 	1
3760 	1
3761 	1
3762 	1
3765 	1
3768 	1
3769 	1
3771 	1
3774 	1
3779 	1
3781 	1
3788 	1
3789 	1
3791 	1
3792 	1
3793 	1
3795 	1
3798 	1
3800 	1
3801 	1
3808 	1
3812 	1
3813 	1
3814 	1
3819 	1
3822 	1
3826 	1
3827 	1
3829 	1
3832 	1
3842 	1
3845 	1
3846 	1
3847 	1
3848 	1
3849 	1
3850 	1
3851 	1
3852 	1
3853 	1
3854 	1
3857 	1
3860 	1
3862 	1
3865 	1
3868 	1
3869 	1
3871 	1
3873 	1
3875 	1
3886 	1
3887 	1
3888 	1
3890 	1
3891 	1
3892 	1
3896 	1
3901 	1
3902 	1
3905 	1
3907 	1
3909 	1
3910 	1
3913 	1
3920 	1
3921 	1
3923 	1
3925 	1
3926 	1
3927 	1
3932 	1
3937 	1
3938 	1
3940 	1
3941 	1
3942 	1
3943 	1
3947 	1
3948 	1
3951 	1
3954 	1
3955 	1
3956 	1
3958 	1
3959 	1
3960 	1
3961 	1
3963 	1
3965 	1
3966 	1
3968 	1
3971 	1
3972 	1
3973 	1
3974 	1
3976 	1
3978 	1
3981 	1
3983 	1
3989 	1
3992 	1
3993 	1
3997 	1
3998 	1
4000 	1
4001 	1
4003 	1
4004 	1
4006 	1
4007 	1
4008 	1
4009 	1
4011 	1
4014 	1
4016 	1
4020 	1
4025 	1
4028 	1
4029 	1
4030 	1
4031 	1
4033 	1
4036 	1
4037 	1
4041 	1
4042 	1
4043 	1
4044 	1
4046 	1
4048 	1
4049 	1
4051 	1
4055 	1
4056 	1
4057 	1
4059 	1
4061 	1
4062 	1
4063 	1
4068 	1
4070 	1
4072 	1
4075 	1
4076 	1
4077 	1
4080 	1
4088 	1
4089 	1
4090 	1
4092 	1
4098 	1
4101 	1
4103 	1
4104 	1
4109 	1
4110 	1
4111 	1
4112 	1
4114 	1
4116 	1
4120 	1
4121 	1
4122 	1
4127 	1
4129 	1
4130 	1
4131 	1
4132 	1
4133 	1
4137 	1
4139 	1
4142 	1
4145 	1
4149 	1
4151 	1
4156 	1
4157 	1
4159 	1
4160 	1
4161 	1
4164 	1
4165 	1
4166 	1
4167 	1
4168 	1
4170 	1
4172 	1
4174 	1
4176 	1
4179 	1
4182 	1
4183 	1
4185 	1
4188 	1
4189 	1
4190 	1
4191 	1
4192 	1
4194 	1
4195 	1
4198 	1
4199 	1
4200 	1
4201 	1
4202 	1
4203 	1
4204 	1
4206 	1
4207 	1
4211 	1
4212 	1
4216 	1
4218 	1
4220 	1
4221 	1
4223 	1
4224 	1
4230 	1
4232 	1
4233 	1
4237 	1
4240 	1
4241 	1
4246 	1
4248 	1
4250 	1
4252 	1
4254 	1
4255 	1
4258 	1
4259 	1
4260 	1
4262 	1
4263 	1
4271 	1
4273 	1
4275 	1
4279 	1
4280 	1
4285 	1
4288 	1
4290 	1
4293 	1
4298 	1
4299 	1
4303 	1
4306 	1
4311 	1
4312 	1
4318 	1
4319 	1
4321 	1
4323 	1
4324 	1
4325 	1
4326 	1
4328 	1
4330 	1
4333 	1
4335 	1
4336 	1
4338 	1
4339 	1
4341 	1
4342 	1
4344 	1
4346 	1
4348 	1
4350 	1
4351 	1
4356 	1
4357 	1
4358 	1
4361 	1
4366 	1
4367 	1
4370 	1
4372 	1
4374 	1
4377 	1
4380 	1
4382 	1
4384 	1
4387 	1
4388 	1
4389 	1
4391 	1
4392 	1
4393 	1
4398 	1
4401 	1
4402 	1
4408 	1
4413 	1
4414 	1
4415 	1
4416 	1
4418 	1
4420 	1
4421 	1
4426 	1
4432 	1
4437 	1
4438 	1
4439 	1
4444 	1
4445 	1
4453 	1
4456 	1
4460 	1
4463 	1
4464 	1
4466 	1
4472 	1
4474 	1
4478 	1
4479 	1
4480 	1
4482 	1
4483 	1
4485 	1
4486 	1
4491 	1
4494 	1
4495 	1
4498 	1
4499 	1
4502 	1
4503 	1
4504 	1
4506 	1
4511 	1
4512 	1
4514 	1
4517 	1
4518 	1
4522 	1
4527 	1
4528 	1
4530 	1
4534 	1
4535 	1
4538 	1
4540 	1
4543 	1
4544 	1
4547 	1
4556 	1
4561 	1
4562 	1
4565 	1
4566 	1
4567 	1
4568 	1
4570 	1
4573 	1
4574 	1
4576 	1
4579 	1
4580 	1
4581 	1
4582 	1
4584 	1
4587 	1
4590 	1
4592 	1
4593 	1
4596 	1
4597 	1
4599 	1
4603 	1
4604 	1
4606 	1
4607 	1
4608 	1
4609 	1
4611 	1
4612 	1
4614 	1
4615 	1
4616 	1
4620 	1
4622 	1
4623 	1
4624 	1
4625 	1
4626 	1
4627 	1
4630 	1
4633 	1
4636 	1
4639 	1
4640 	1
4644 	1
4645 	1
4646 	1
4648 	1
4649 	1
4655 	1
4658 	1
4660 	1
4662 	1
4663 	1
4664 	1
4666 	1
4672 	1
4673 	1
4674 	1
4675 	1
4677 	1
4688 	1
4691 	1
4692 	1
4693 	1
4695 	1
4698 	1
4704 	1
4706 	1
4708 	1
4710 	1
4716 	1
4717 	1
4720 	1
4721 	1
4723 	1
4727 	1
4730 	1
4732 	1
4733 	1
4735 	1
4736 	1
4737 	1
4743 	1
4745 	1
4746 	1
4748 	1
4750 	1
4752 	1
4754 	1
4756 	1
4757 	1
4758 	1
4759 	1
4760 	1
4761 	1
4762 	1
4768 	1
4769 	1
4770 	1
4772 	1
4773 	1
4775 	1
4776 	1
4777 	1
4784 	1
4785 	1
4786 	1
4788 	1
4790 	1
4794 	1
4796 	1
4797 	1
4798 	1
4800 	1
4801 	1
4802 	1
4803 	1
4806 	1
4807 	1
4810 	1
4812 	1
4816 	1
4823 	1
4824 	1
4826 	1
4827 	1
4828 	1
4829 	1
4832 	1
4834 	1
4836 	1
4837 	1
4839 	1
4840 	1
4843 	1
4845 	1
4846 	1
4847 	1
4849 	1
4850 	1
4851 	1
4853 	1
4854 	1
4856 	1
4857 	1
4861 	1
4862 	1
4865 	1
4866 	1
4868 	1
4872 	1
4877 	1
4879 	1
4892 	1
4897 	1
4898 	1
4899 	1
4901 	1
4903 	1
4904 	1
4912 	1
4913 	1
4916 	1
4917 	1
4919 	1
4926 	1
4927 	1
4928 	1
4930 	1
4931 	1
4934 	1
4935 	1
4937 	1
4939 	1
4940 	1
4944 	1
4947 	1
4948 	1
4949 	1
4951 	1
4952 	1
4953 	1
4954 	1
4955 	1
4956 	1
4960 	1
4961 	1
4963 	1
4965 	1
4966 	1
4970 	1
4979 	1
4981 	1
4984 	1
4985 	1
4986 	1
4994 	1
4995 	1
4997 	1
4998 	1
4999 	1
5000 	1
5001 	1
5003 	1
5004 	1
5005 	1
5008 	1
5009 	1
5013 	1
5014 	1
5018 	1
5020 	1
5021 	1
5022 	1
5028 	1
5030 	1
5033 	1
5035 	1
5036 	1
5040 	1
5042 	1
5043 	1
5044 	1
5047 	1
5048 	1
5049 	1
5052 	1
5053 	1
5054 	1
5060 	1
5062 	1
5063 	1
5065 	1
5066 	1
5067 	1
5068 	1
5071 	1
5072 	1
5075 	1
5083 	1
5084 	1
5088 	1
5095 	1
5096 	1
5097 	1
5098 	1
5100 	1
5104 	1
5108 	1
5109 	1
5111 	1
5114 	1
5115 	1
5116 	1
5118 	1
5119 	1
5120 	1
5124 	1
5128 	1
5129 	1
5130 	1
5131 	1
5133 	1
5134 	1
5135 	1
5137 	1
5138 	1
5142 	1
5143 	1
5144 	1
5145 	1
5147 	1
5148 	1
5150 	1
5154 	1
5156 	1
5161 	1
5162 	1
5163 	1
5169 	1
5170 	1
5171 	1
5172 	1
5173 	1
5176 	1
5177 	1
5180 	1
5181 	1
5192 	1
5197 	1
5200 	1
5203 	1
5205 	1
5210 	1
5212 	1
5213 	1
5214 	1
5216 	1
5218 	1
5219 	1
5220 	1
5226 	1
5227 	1
5229 	1
5232 	1
5234 	1
5239 	1
5240 	1
5241 	1
5243 	1
5244 	1
5248 	1
5250 	1
5251 	1
5254 	1
5255 	1
5256 	1
5257 	1
5261 	1
5262 	1
5264 	1
5271 	1
5274 	1
5275 	1
5279 	1
5284 	1
5285 	1
5286 	1
5288 	1
5290 	1
5291 	1
5293 	1
5294 	1
5295 	1
5296 	1
5299 	1
5301 	1
5306 	1
5308 	1
5310 	1
5312 	1
5316 	1
5317 	1
5318 	1
5320 	1
5322 	1
5323 	1
5324 	1
5326 	1
5328 	1
5331 	1
5332 	1
5333 	1
5338 	1
5341 	1
5343 	1
5348 	1
5349 	1
5351 	1
5352 	1
5353 	1
5354 	1
5355 	1
5358 	1
5359 	1
5361 	1
5363 	1
5365 	1
5366 	1
5367 	1
5369 	1
5373 	1
5377 	1
5380 	1
5381 	1
5384 	1
5385 	1
5388 	1
5389 	1
5393 	1
5394 	1
5395 	1
5398 	1
5400 	1
5401 	1
5402 	1
5406 	1
5408 	1
5417 	1
5420 	1
5421 	1
5423 	1
5424 	1
5428 	1
5430 	1
5431 	1
5433 	1
5437 	1
5439 	1
5441 	1
5444 	1
5445 	1
5453 	1
5455 	1
5457 	1
5458 	1
5461 	1
5462 	1
5467 	1
5468 	1
5469 	1
5470 	1
5472 	1
5473 	1
5474 	1
5475 	1
5476 	1
5478 	1
5480 	1
5482 	1
5488 	1
5489 	1
5491 	1
5494 	1
5496 	1
5498 	1
5501 	1
5502 	1
5503 	1
5505 	1
5506 	1
5507 	1
5508 	1
5516 	1
5517 	1
5518 	1
5521 	1
5522 	1
5524 	1
5526 	1
5527 	1
5529 	1
5530 	1
5531 	1
5532 	1
5533 	1
5534 	1
5536 	1
5537 	1
5538 	1
5540 	1
5554 	1
5556 	1
5557 	1
5558 	1
5561 	1
5565 	1
5566 	1
5571 	1
5572 	1
5573 	1
5574 	1
5575 	1
5578 	1
5581 	1
5582 	1
5585 	1
5588 	1
5592 	1
5593 	1
5594 	1
5595 	1
5596 	1
5598 	1
5599 	1
5600 	1
5601 	1
5602 	1
5603 	1
5604 	1
5607 	1
5608 	1
5609 	1
5612 	1
5613 	1
5614 	1
5616 	1
5617 	1
5623 	1
5624 	1
5625 	1
5629 	1
5636 	1
5641 	1
5642 	1
5643 	1
5648 	1
5651 	1
5656 	1
5658 	1
5659 	1
5661 	1
5662 	1
5663 	1
5664 	1
5668 	1
5669 	1
5670 	1
5671 	1
5672 	1
5675 	1
5676 	1
5678 	1
5681 	1
5684 	1
5686 	1
5689 	1
5691 	1
5693 	1
5695 	1
5696 	1
5697 	1
5699 	1
5704 	1
5706 	1
5707 	1
5708 	1
5715 	1
5716 	1
5717 	1
5718 	1
5720 	1
5722 	1
5729 	1
5734 	1
5735 	1
5737 	1
5738 	1
5740 	1
5745 	1
5750 	1
5751 	1
5752 	1
5753 	1
5754 	1
5755 	1
5756 	1
5757 	1
5758 	1
5761 	1
5766 	1
5767 	1
5770 	1
5776 	1
5778 	1
5779 	1
5782 	1
5786 	1
5792 	1
5794 	1
5795 	1
5798 	1
5801 	1
5802 	1
5803 	1
5808 	1
5809 	1
5810 	1
5811 	1
5813 	1
5816 	1
5817 	1
5819 	1
5821 	1
5827 	1
5833 	1
5836 	1
5837 	1
5841 	1
5845 	1
5848 	1
5849 	1
5852 	1
5853 	1
5858 	1
5859 	1
5860 	1
5864 	1
5866 	1
5868 	1
5875 	1
5881 	1
5884 	1
5886 	1
5887 	1
5888 	1
5893 	1
5901 	1
5902 	1
5903 	1
5907 	1
5909 	1
5913 	1
5914 	1
5916 	1
5920 	1
5923 	1
5926 	1
5927 	1
5929 	1
5930 	1
5931 	1
5932 	1
5934 	1
5935 	1
5936 	1
5939 	1
5940 	1
5943 	1
5944 	1
5945 	1
5946 	1
5947 	1
5948 	1
5949 	1
5950 	1
5953 	1
5958 	1
5963 	1
5965 	1
5966 	1
5968 	1
5975 	1
5976 	1
5977 	1
5978 	1
5980 	1
5984 	1
5986 	1
5994 	1
5996 	1
5997 	1
6002 	1
6003 	1
6004 	1
6005 	1
6013 	1
6015 	1
6021 	1
6022 	1
6024 	1
6025 	1
6029 	1
6030 	1
6031 	1
6033 	1
6036 	1
6037 	1
6040 	1
6041 	1
6044 	1
6045 	1
6049 	1
6051 	1
6054 	1
6055 	1
6057 	1
6060 	1
6064 	1
6066 	1
6067 	1
6068 	1
6069 	1
6070 	1
6072 	1
6073 	1
6074 	1
6077 	1
6079 	1
6080 	1
6081 	1
6082 	1
6083 	1
6084 	1
6085 	1
6088 	1
6089 	1
6090 	1
6095 	1
6098 	1
6099 	1
6100 	1
6101 	1
6104 	1
6112 	1
6117 	1
6121 	1
6124 	1
6126 	1
6127 	1
6129 	1
6133 	1
6135 	1
6136 	1
6137 	1
6141 	1
6144 	1
6145 	1
6146 	1
6150 	1
6153 	1
6154 	1
6155 	1
6164 	1
6166 	1
6168 	1
6170 	1
6171 	1
6172 	1
6175 	1
6176 	1
6178 	1
6182 	1
6186 	1
6188 	1
6190 	1
6193 	1
6194 	1
6201 	1
6203 	1
6204 	1
6206 	1
6208 	1
6209 	1
6211 	1
6212 	1
6214 	1
6215 	1
6227 	1
6231 	1
6233 	1
6236 	1
6237 	1
6240 	1
6241 	1
6242 	1
6244 	1
6247 	1
6249 	1
6250 	1
6253 	1
6254 	1
6257 	1
6258 	1
6259 	1
6261 	1
6267 	1
6269 	1
6273 	1
6275 	1
6276 	1
6280 	1
6281 	1
6284 	1
6285 	1
6290 	1
6291 	1
6293 	1
6294 	1
6295 	1
6297 	1
6304 	1
6306 	1
6307 	1
6309 	1
6310 	1
6311 	1
6312 	1
6314 	1
6316 	1
6317 	1
6318 	1
6324 	1
6325 	1
6326 	1
6330 	1
6332 	1
6333 	1
6334 	1
6336 	1
6338 	1
6341 	1
6345 	1
6346 	1
6348 	1
6351 	1
6353 	1
6354 	1
6365 	1
6367 	1
6368 	1
6374 	1
6375 	1
6376 	1
6377 	1
6378 	1
6379 	1
6384 	1
6386 	1
6387 	1
6388 	1
6389 	1
6393 	1
6397 	1
6398 	1
6400 	1
6401 	1
6402 	1
6405 	1
6406 	1
6410 	1
6412 	1
6414 	1
6415 	1
6418 	1
6422 	1
6423 	1
6424 	1
6425 	1
6427 	1
6429 	1
6431 	1
6432 	1
6435 	1
6436 	1
6439 	1
6442 	1
6444 	1
6451 	1
6452 	1
6453 	1
6456 	1
6459 	1
6462 	1
6463 	1
6472 	1
6474 	1
6478 	1
6481 	1
6482 	1
6485 	1
6486 	1
6487 	1
6491 	1
6492 	1
6493 	1
6494 	1
6498 	1
6503 	1
6504 	1
6507 	1
6508 	1
6511 	1
6516 	1
6518 	1
6520 	1
6522 	1
6523 	1
6524 	1
6525 	1
6526 	1
6527 	1
6530 	1
6534 	1
6537 	1
6539 	1
6541 	1
6544 	1
6546 	1
6547 	1
6548 	1
6549 	1
6552 	1
6553 	1
6554 	1
6556 	1
6558 	1
6559 	1
6560 	1
6562 	1
6564 	1
6565 	1
6570 	1
6572 	1
6573 	1
6574 	1
6584 	1
6586 	1
6587 	1
6588 	1
6594 	1
6595 	1
6596 	1
6597 	1
6598 	1
6599 	1
6600 	1
6604 	1
6605 	1
6606 	1
6611 	1
6612 	1
6613 	1
6614 	1
6616 	1
6617 	1
6620 	1
6624 	1
6625 	1
6627 	1
6628 	1
6632 	1
6633 	1
6635 	1
6637 	1
6638 	1
6639 	1
6641 	1
6643 	1
6648 	1
6649 	1
6653 	1
6655 	1
6656 	1
6659 	1
6662 	1
6663 	1
6664 	1
6665 	1
6667 	1
6670 	1
6673 	1
6678 	1
6682 	1
6683 	1
6686 	1
6687 	1
6688 	1
6694 	1
6696 	1
6697 	1
6700 	1
6702 	1
6709 	1
6715 	1
6718 	1
6719 	1
6721 	1
6724 	1
6725 	1
6726 	1
6727 	1
6728 	1
6734 	1
6736 	1
6739 	1
6743 	1
6744 	1
6747 	1
6752 	0.0625
6756 	1
6761 	1
6766 	1
6768 	1
6769 	1
6774 	1
6777 	1
6778 	1
6780 	1
6784 	1
6787 	1
6788 	1
6792 	1
6795 	1
6797 	1
6799 	1
6800 	1
6804 	1
6805 	1
6806 	1
6808 	1
6809 	1
6812 	1
6816 	1
6819 	1
6820 	1
6822 	1
6827 	1
6830 	1
6835 	1
6837 	1
6839 	1
6841 	1
6848 	1
6852 	1
6854 	1
6855 	1
6856 	1
6857 	1
6859 	1
6860 	1
6861 	1
6862 	1
6863 	1
6872 	1
6873 	1
6874 	1
6876 	1
6879 	1
6880 	1
6882 	1
6883 	1
6887 	1
6888 	1
6889 	1
6890 	1
6893 	1
6895 	1
6896 	1
6904 	1
6908 	1
6910 	1
6911 	1
6912 	1
6916 	1
6918 	1
6919 	1
6926 	1
6928 	1
6930 	1
6938 	1
6939 	1
6940 	1
6942 	1
6945 	1
6952 	1
6953 	1
6954 	1
6955 	1
6958 	1
6964 	1
6966 	1
6970 	1
6974 	1
6977 	1
6979 	1
6980 	1
6981 	1
6986 	1
6987 	1
6991 	1
6992 	1
6996 	1
6997 	1
7002 	1
7007 	1
7008 	1
7011 	1
7012 	1
7014 	1
7016 	1
7018 	1
7019 	1
7020 	1
7021 	1
7023 	1
7024 	1
7025 	1
7026 	1
7027 	1
7030 	1
7031 	1
7032 	1
7033 	1
7034 	1
7035 	1
7036 	1
7037 	1
7041 	1
7043 	1
7044 	1
7050 	1
7051 	1
7052 	1
7054 	1
7057 	1
7064 	1
7067 	1
7069 	1
7073 	1
7075 	1
7077 	1
7080 	1
7081 	1
7085 	1
7086 	1
7087 	1
7088 	1
7096 	1
7098 	1
7104 	1
7105 	1
7107 	1
7108 	1
7113 	1
7114 	1
7116 	1
7117 	1
7118 	1
7119 	1
7121 	1
7122 	1
7123 	1
7124 	1
7128 	1
7129 	1
7133 	1
7134 	1
7135 	1
7137 	1
7139 	1
7141 	1
7146 	1
7149 	1
7150 	1
7153 	1
7154 	1
7156 	1
7158 	1
7163 	1
7166 	1
7168 	1
7173 	1
7174 	1
7177 	1
7178 	1
7179 	1
7184 	1
7189 	1
7191 	1
7196 	1
7197 	1
7200 	1
7201 	1
7206 	1
7207 	1
7210 	1
7212 	1
7213 	1
7214 	1
7215 	1
7217 	1
7220 	1
7221 	1
7222 	1
7224 	1
7225 	1
7227 	1
7232 	1
7236 	1
7239 	1
7240 	1
7241 	1
7245 	1
7246 	1
7247 	1
7253 	1
7258 	1
7261 	1
7262 	1
7265 	1
7266 	1
7267 	1
7270 	1
7273 	1
7274 	1
7275 	1
7276 	1
7277 	1
7278 	1
7279 	1
7285 	1
7286 	1
7287 	1
7288 	1
7289 	1
7290 	1
7291 	1
7294 	1
7295 	1
7298 	1
7301 	1
7303 	1
7314 	1
7316 	1
7318 	1
7319 	1
7324 	1
7325 	1
7328 	1
7330 	1
7333 	1
7335 	1
7338 	1
7340 	1
7341 	1
7342 	1
7343 	1
7345 	1
7347 	1
7349 	1
7350 	1
7353 	1
7354 	1
7356 	1
7361 	1
7362 	1
7363 	1
7364 	1
7365 	1
7366 	1
7368 	1
7371 	1
7373 	1
7374 	1
7377 	1
7381 	1
7382 	1
7383 	1
7384 	1
7386 	1
7389 	1
7393 	1
7395 	1
7396 	1
7397 	1
7398 	1
7399 	1
7401 	1
7403 	1
7406 	1
7408 	1
7409 	1
7412 	1
7413 	1
7416 	1
7422 	1
7424 	1
7425 	1
7427 	1
7429 	1
7430 	1
7433 	1
7435 	1
7436 	1
7440 	1
7441 	1
7443 	1
7444 	1
7446 	1
7447 	1
7448 	1
7449 	1
7450 	1
7457 	1
7461 	1
7462 	1
7464 	1
7466 	1
7468 	1
7471 	1
7475 	1
7477 	1
7482 	1
7483 	1
7484 	1
7485 	1
7486 	1
7489 	1
7492 	1
7495 	1
7496 	1
7497 	1
7498 	1
7500 	1
7501 	1
7502 	1
7503 	1
7504 	1
7507 	1
7508 	1
7510 	1
7513 	1
7515 	1
7517 	1
7519 	1
7520 	1
7521 	1
7523 	1
7526 	1
7527 	1
7528 	1
7530 	1
7533 	1
7534 	1
7539 	1
7540 	1
7542 	1
7545 	1
7546 	1
7548 	1
7549 	1
7554 	1
7556 	1
7557 	1
7559 	1
7562 	1
7565 	1
7566 	1
7569 	1
7572 	1
7573 	1
7574 	1
7575 	1
7580 	1
7581 	1
7582 	1
7584 	1
7588 	1
7589 	1
7591 	1
7592 	1
7593 	1
7594 	1
7601 	1
7603 	1
7605 	1
7610 	1
7611 	1
7613 	1
7616 	1
7617 	1
7618 	1
7620 	1
7623 	1
7628 	1
7635 	1
7641 	1
7642 	1
7654 	1
7655 	1
7656 	1
7658 	1
7660 	1
7661 	1
7662 	1
7667 	1
7668 	1
7669 	1
7670 	1
7673 	1
7675 	1
7682 	1
7683 	1
7687 	1
7691 	1
7694 	1
7696 	1
7697 	1
7698 	1
7700 	1
7702 	1
7704 	1
7713 	1
7723 	1
7727 	1
7728 	1
7730 	1
7732 	1
7733 	1
7737 	1
7740 	1
7741 	1
7743 	1
7746 	1
7747 	1
7750 	1
7757 	1
7758 	1
7761 	1
7762 	1
7763 	1
7765 	1
7766 	1
7768 	1
7769 	1
7774 	1
7778 	1
7779 	1
7780 	1
7783 	1
7787 	1
7788 	1
7792 	1
7799 	1
7801 	1
7804 	1
7806 	1
7809 	1
7810 	1
7816 	1
7818 	1
7819 	1
7823 	1
7824 	1
7826 	1
7831 	1
7836 	1
7837 	1
7839 	1
7840 	1
7842 	1
7844 	1
7845 	1
7847 	1
7849 	1
7851 	1
7856 	1
7858 	1
7860 	1
7862 	1
7864 	1
7865 	1
7867 	1
7871 	1
7872 	1
7873 	1
7875 	1
7876 	1
7877 	1
7879 	1
7880 	1
7884 	1
7887 	1
7891 	1
7895 	1
7899 	1
7900 	1
7906 	1
7907 	1
7910 	1
7914 	1
7916 	1
7917 	1
7919 	1
7922 	1
7924 	1
7932 	1
7933 	1
7939 	1
7941 	1
7943 	1
7948 	1
7949 	1
7952 	1
7954 	1
7955 	1
7957 	1
7958 	1
7959 	1
7961 	1
7964 	1
7966 	1
7967 	1
7968 	1
7972 	1
7974 	1
7975 	1
7980 	1
7981 	1
7984 	1
7986 	1
7987 	1
7988 	1
7990 	1
7993 	1
7996 	1
7998 	1
