Number of items 	Total Weight 	Total Profit 
268 	1720.0 	32713.3333333 


Total time: 0.383165836334 s
Average time: 0.0957921743393 s
Last call: 2.86102294922e-06 s
Stamp 1 of the total: 0h 0m 0s 383ms 383165\u00B5s
Stamp 2 of the total: 00:00:00.0383
Pattern that ignores zeros:
383ms 383165\u00B5s
0383

Item    Fraction

213 	1
474 	1
1072 	1
1209 	1
1266 	1
1685 	1
1787 	1
2891 	1
3108 	1
3281 	1
3609 	1
3873 	1
4254 	1
4960 	1
5104 	1
5136 	1
5351 	1
6551 	1
6799 	1
6831 	1
7115 	1
7139 	1
7188 	1
7317 	1
7630 	1
8133 	1
8554 	1
9374 	1
10071 	1
10422 	1
10543 	1
10884 	1
11336 	1
11573 	1
11912 	1
12192 	1
12414 	1
12725 	1
12895 	1
14304 	1
14316 	1
14340 	1
14573 	1
15522 	1
15664 	1
15668 	1
16461 	1
16962 	1
17327 	1
17925 	1
18539 	1
18900 	1
19402 	1
19526 	1
19706 	1
20076 	1
20119 	1
20269 	1
20968 	1
21351 	1
21952 	1
23178 	1
23569 	1
23870 	1
25114 	1
25256 	1
25487 	1
25850 	1
27059 	1
27123 	1
27167 	1
27507 	1
27875 	1
28010 	1
28541 	1
29545 	1
29802 	1
30069 	1
30734 	1
31452 	1
31824 	1
32023 	1
32351 	1
32388 	1
33081 	1
33230 	1
33537 	1
34768 	1
35112 	1
35321 	1
35400 	1
35560 	1
35955 	1
36411 	1
37613 	1
38411 	1
39113 	1
40421 	1
40444 	1
40508 	1
40620 	1
40820 	1
40885 	1
41415 	1
41906 	1
42125 	1
42284 	1
42854 	1
43294 	1
43497 	1
43565 	1
43618 	1
44674 	1
44744 	1
44827 	1
45561 	1
45779 	1
45971 	1
45999 	1
46151 	1
46425 	1
46844 	1
46947 	1
46964 	1
47195 	1
47326 	1
48040 	1
49223 	1
49736 	1
49776 	1
50704 	1
50787 	1
51249 	1
51494 	1
51730 	1
52656 	1
52750 	1
53431 	1
54028 	1
54168 	1
54904 	1
54905 	1
55059 	1
55152 	1
55259 	1
55758 	1
55977 	1
55998 	1
56902 	1
57455 	1
58361 	1
58437 	1
58448 	1
58825 	1
59061 	1
59908 	1
60724 	1
61004 	1
61007 	1
61298 	1
61374 	1
61436 	1
62439 	1
62696 	1
63295 	1
64287 	1
64347 	1
64765 	1
64913 	1
64929 	1
65254 	1
65296 	1
66258 	1
66663 	1
66748 	1
67576 	1
67824 	1
67967 	1
68148 	1
68190 	1
68205 	1
68366 	1
68581 	1
68702 	1
68860 	1
69338 	1
69360 	1
71252 	1
71901 	1
72148 	1
72279 	1
73914 	1
74052 	1
74668 	1
75253 	1
75579 	1
76039 	1
76096 	1
76165 	1
76218 	1
76714 	1
77045 	1
77269 	1
77486 	1
78074 	1
79029 	1
79842 	1
80885 	1
81940 	1
82162 	1
82935 	1
82964 	1
83175 	1
83348 	1
83426 	1
84040 	1
84492 	1
84999 	1
86216 	1
86776 	1
86971 	1
87342 	1
87525 	1
87615 	1
88508 	1
89202 	1
89410 	1
89466 	1
89606 	1
89665 	1
91279 	1
91555 	1
91659 	1
92222 	1
92281 	1
92588 	1
92605 	1
94524 	1
94887 	1
95217 	1
95426 	1
95948 	1
96098 	1
96483 	1
97166 	1
97250 	1
98026 	1
98834 	1
99146 	1
99706 	1
99918 	1
100119 	1
100297 	1
100352 	1
100431 	1
100453 	1
100800 	1
100966 	0.0666666666667
101226 	1
101338 	1
101458 	1
101486 	1
101680 	1
101823 	1
101917 	1
102211 	1
102622 	1
103546 	1
