Number of items 	Total Weight 	Total Profit 
5622 	1633359.75 	376532.766119 


Total time: 0.0658209323883 s
Average time: 0.0164564847946 s
Last call: 5.00679016113e-06 s
Stamp 1 of the total: 0h 0m 0s 65ms 65820\u00B5s
Stamp 2 of the total: 00:00:00.0065
Pattern that ignores zeros:
65ms 65820\u00B5s
0065

Item    Fraction

3 	1
4 	1
7 	1
8 	1
9 	1
10 	1
11 	1
13 	1
14 	1
15 	1
16 	1
27 	1
32 	1
33 	1
36 	1
38 	1
41 	1
42 	1
43 	1
44 	1
45 	1
48 	1
49 	1
54 	1
55 	1
57 	1
60 	1
62 	1
63 	1
66 	1
69 	1
70 	1
72 	1
73 	1
74 	1
75 	1
77 	1
79 	1
81 	1
82 	1
84 	1
85 	1
88 	1
89 	1
91 	1
92 	1
93 	1
94 	1
96 	1
97 	1
100 	1
101 	1
103 	1
106 	1
107 	1
109 	1
114 	1
115 	1
118 	1
119 	1
126 	1
127 	1
128 	1
130 	1
133 	1
135 	1
136 	1
140 	1
141 	1
142 	1
143 	1
148 	1
151 	1
153 	1
159 	1
162 	1
166 	1
168 	1
170 	1
174 	1
175 	1
178 	1
179 	1
180 	1
186 	1
189 	1
190 	1
194 	1
195 	1
199 	1
202 	1
206 	1
207 	1
212 	1
224 	1
227 	1
228 	1
230 	1
237 	1
240 	1
242 	1
243 	1
244 	1
245 	1
247 	1
254 	1
260 	1
261 	1
262 	1
272 	1
274 	1
276 	1
277 	1
279 	1
281 	1
285 	1
286 	1
288 	1
289 	1
290 	1
291 	1
292 	1
295 	1
297 	1
299 	1
300 	1
301 	1
302 	1
304 	1
306 	1
308 	1
309 	1
310 	1
312 	1
313 	1
314 	1
315 	1
317 	1
319 	1
322 	1
323 	1
324 	1
325 	1
326 	1
327 	1
329 	1
330 	1
333 	1
334 	1
335 	1
338 	1
339 	1
340 	1
341 	1
344 	1
345 	1
347 	1
348 	1
351 	1
352 	1
353 	1
354 	1
356 	1
360 	1
362 	1
364 	1
369 	1
373 	1
378 	1
379 	1
384 	1
385 	1
386 	1
387 	1
389 	1
391 	1
393 	1
395 	1
397 	1
402 	1
403 	1
413 	1
414 	1
416 	1
421 	1
423 	1
427 	1
430 	1
433 	1
434 	1
435 	1
437 	1
439 	1
442 	1
445 	1
447 	1
448 	1
450 	1
451 	1
452 	1
454 	1
455 	1
457 	1
458 	1
460 	1
461 	1
463 	1
465 	1
466 	1
467 	1
474 	1
479 	1
487 	1
494 	1
497 	1
498 	1
499 	1
500 	1
511 	1
512 	1
513 	1
517 	1
518 	1
521 	1
522 	1
523 	1
524 	1
525 	1
528 	1
532 	1
533 	1
536 	1
537 	1
539 	1
544 	1
546 	1
549 	1
551 	1
552 	1
553 	1
556 	1
559 	1
561 	1
562 	1
571 	1
573 	1
574 	1
576 	1
578 	1
584 	1
586 	1
588 	1
590 	1
593 	1
594 	1
598 	1
599 	1
600 	1
609 	1
615 	1
621 	1
622 	1
625 	1
626 	1
628 	1
629 	1
632 	1
633 	1
634 	1
635 	1
638 	1
641 	1
644 	1
645 	1
646 	1
647 	1
649 	1
650 	1
652 	1
654 	1
655 	1
657 	1
660 	1
661 	1
662 	1
663 	1
666 	1
667 	1
668 	1
670 	1
673 	1
675 	1
678 	1
682 	1
684 	1
687 	1
689 	1
694 	1
696 	1
697 	1
698 	1
700 	1
701 	1
705 	1
706 	1
708 	1
709 	1
713 	1
714 	1
721 	1
726 	1
728 	1
729 	1
730 	1
736 	1
742 	1
743 	1
744 	1
749 	1
753 	1
754 	1
755 	1
758 	1
763 	1
767 	1
768 	1
769 	1
770 	1
772 	1
774 	1
775 	1
776 	1
777 	1
781 	1
786 	1
787 	1
789 	1
790 	1
795 	1
798 	1
799 	1
802 	1
803 	1
804 	1
809 	1
810 	1
811 	1
812 	1
814 	1
817 	1
818 	1
820 	1
822 	1
824 	1
829 	1
831 	1
842 	1
844 	1
845 	1
846 	1
848 	1
849 	1
851 	1
852 	1
854 	1
857 	1
862 	1
863 	1
868 	1
872 	1
873 	1
875 	1
878 	1
879 	1
880 	1
882 	1
885 	1
886 	1
888 	1
891 	1
901 	1
902 	1
908 	1
909 	1
912 	1
913 	1
917 	1
918 	1
919 	1
924 	1
926 	1
928 	1
929 	1
938 	1
939 	1
943 	1
944 	1
946 	1
948 	1
949 	1
952 	1
953 	1
957 	1
959 	1
961 	1
962 	1
964 	1
967 	1
972 	1
974 	1
977 	1
978 	1
980 	1
982 	1
983 	1
984 	1
988 	1
995 	1
997 	1
999 	1
1001 	1
1003 	1
1004 	1
1007 	1
1009 	1
1011 	1
1015 	1
1022 	1
1026 	1
1027 	1
1034 	1
1036 	1
1039 	1
1043 	1
1045 	1
1050 	1
1052 	1
1057 	1
1064 	1
1066 	1
1070 	1
1071 	1
1072 	1
1073 	1
1074 	1
1075 	1
1076 	1
1082 	1
1087 	1
1088 	1
1089 	1
1091 	1
1092 	1
1096 	1
1101 	1
1104 	1
1105 	1
1107 	1
1108 	1
1117 	1
1118 	1
1120 	1
1123 	1
1124 	1
1126 	1
1130 	1
1133 	1
1134 	1
1135 	1
1136 	1
1139 	1
1140 	1
1144 	1
1147 	1
1148 	1
1149 	1
1152 	1
1154 	1
1156 	1
1161 	1
1163 	1
1164 	1
1166 	1
1170 	1
1175 	1
1177 	1
1178 	1
1179 	1
1180 	1
1181 	1
1182 	1
1186 	1
1187 	1
1188 	1
1190 	1
1191 	1
1193 	1
1194 	1
1195 	1
1196 	1
1202 	1
1205 	1
1206 	1
1209 	1
1210 	1
1213 	1
1215 	1
1217 	1
1220 	1
1229 	1
1230 	1
1231 	1
1232 	1
1241 	1
1242 	1
1243 	1
1246 	1
1247 	1
1248 	1
1249 	1
1251 	1
1253 	1
1259 	1
1261 	1
1262 	1
1263 	1
1264 	1
1266 	1
1267 	1
1268 	1
1270 	1
1271 	1
1272 	1
1273 	1
1277 	1
1278 	1
1280 	1
1281 	1
1286 	1
1289 	1
1292 	1
1293 	1
1294 	1
1295 	1
1297 	1
1299 	1
1301 	1
1305 	1
1306 	1
1307 	1
1309 	1
1310 	1
1311 	1
1313 	1
1314 	1
1316 	1
1323 	1
1324 	1
1326 	1
1327 	1
1328 	1
1331 	1
1333 	1
1334 	1
1335 	1
1338 	1
1339 	1
1342 	1
1344 	1
1345 	1
1348 	1
1349 	1
1350 	1
1352 	1
1353 	1
1356 	1
1365 	1
1367 	1
1368 	1
1370 	1
1376 	1
1379 	1
1380 	1
1383 	1
1387 	1
1395 	1
1396 	1
1398 	1
1400 	1
1403 	1
1407 	1
1408 	1
1410 	1
1413 	1
1416 	1
1418 	1
1419 	1
1420 	1
1423 	1
1424 	1
1433 	1
1434 	1
1436 	1
1445 	1
1447 	1
1448 	1
1451 	1
1454 	1
1456 	1
1457 	1
1463 	1
1464 	1
1465 	1
1466 	1
1470 	1
1471 	1
1472 	1
1473 	1
1477 	1
1478 	1
1481 	1
1482 	1
1483 	1
1484 	1
1485 	1
1486 	1
1489 	1
1493 	1
1494 	1
1495 	1
1496 	1
1499 	1
1502 	1
1505 	1
1510 	1
1511 	1
1512 	1
1514 	1
1515 	1
1516 	1
1517 	1
1520 	1
1528 	1
1530 	1
1531 	1
1533 	1
1536 	1
1537 	1
1538 	1
1539 	1
1540 	1
1543 	1
1544 	1
1545 	1
1547 	1
1550 	1
1554 	1
1559 	1
1560 	1
1562 	1
1563 	1
1566 	1
1575 	1
1577 	1
1581 	1
1582 	1
1586 	1
1587 	1
1591 	1
1593 	1
1595 	1
1596 	1
1598 	1
1599 	1
1600 	1
1601 	1
1602 	1
1603 	1
1604 	1
1605 	1
1606 	1
1608 	1
1613 	1
1619 	1
1625 	1
1626 	1
1627 	1
1628 	1
1629 	1
1630 	1
1632 	1
1634 	1
1635 	1
1636 	1
1639 	1
1641 	1
1645 	1
1647 	1
1649 	1
1650 	1
1652 	1
1655 	1
1657 	1
1659 	1
1660 	1
1661 	1
1663 	1
1664 	1
1667 	1
1668 	1
1669 	1
1670 	1
1671 	1
1674 	1
1677 	1
1679 	1
1680 	1
1682 	1
1683 	1
1685 	1
1686 	1
1687 	1
1693 	1
1699 	1
1700 	1
1701 	1
1703 	1
1707 	1
1711 	1
1712 	1
1714 	1
1715 	1
1717 	1
1719 	1
1720 	1
1722 	1
1724 	1
1725 	1
1727 	1
1731 	1
1732 	1
1734 	1
1735 	1
1736 	1
1738 	1
1740 	1
1741 	1
1742 	1
1743 	1
1746 	1
1748 	1
1757 	1
1759 	1
1760 	1
1761 	1
1764 	1
1765 	1
1766 	1
1767 	1
1769 	1
1770 	1
1771 	1
1772 	1
1773 	1
1774 	1
1776 	1
1777 	1
1778 	1
1779 	1
1780 	1
1783 	1
1786 	1
1790 	1
1791 	1
1793 	1
1794 	1
1795 	1
1796 	1
1803 	1
1804 	1
1806 	1
1810 	1
1813 	1
1815 	1
1817 	1
1818 	1
1819 	1
1822 	1
1826 	1
1827 	1
1830 	1
1831 	1
1833 	1
1834 	1
1836 	1
1838 	1
1840 	1
1843 	1
1844 	1
1846 	1
1847 	1
1848 	1
1850 	1
1851 	1
1853 	1
1854 	1
1855 	1
1856 	1
1857 	1
1860 	1
1861 	1
1864 	1
1871 	1
1873 	1
1875 	1
1877 	1
1878 	1
1881 	1
1884 	1
1886 	1
1887 	1
1888 	1
1893 	1
1895 	1
1896 	1
1898 	1
1902 	1
1904 	1
1905 	1
1906 	1
1911 	1
1912 	1
1913 	1
1917 	1
1918 	1
1920 	1
1923 	1
1924 	1
1927 	1
1928 	1
1930 	1
1935 	1
1937 	1
1939 	1
1942 	1
1945 	1
1946 	1
1948 	1
1949 	1
1950 	1
1952 	1
1953 	1
1954 	1
1961 	1
1966 	1
1967 	1
1968 	1
1969 	1
1972 	1
1974 	1
1975 	1
1978 	1
1979 	1
1981 	1
1983 	1
1989 	1
1990 	1
1992 	1
1996 	1
2004 	1
2009 	1
2010 	1
2011 	1
2012 	1
2013 	1
2015 	1
2018 	1
2021 	1
2022 	1
2023 	1
2027 	1
2028 	1
2029 	1
2038 	1
2041 	1
2043 	1
2045 	1
2046 	1
2047 	1
2051 	1
2054 	1
2056 	1
2058 	1
2073 	1
2074 	1
2076 	1
2078 	1
2079 	1
2080 	1
2083 	1
2084 	1
2091 	1
2093 	1
2096 	1
2099 	1
2100 	1
2104 	1
2105 	1
2106 	1
2110 	1
2111 	1
2114 	1
2115 	1
2117 	1
2118 	1
2119 	1
2121 	1
2124 	1
2125 	1
2126 	1
2129 	1
2131 	1
2133 	1
2136 	1
2137 	1
2138 	1
2139 	1
2140 	1
2147 	1
2149 	1
2152 	1
2155 	1
2156 	1
2158 	1
2160 	1
2162 	1
2164 	1
2167 	1
2171 	1
2172 	1
2174 	1
2176 	1
2179 	1
2185 	1
2188 	1
2193 	1
2195 	1
2197 	1
2201 	1
2203 	1
2205 	1
2206 	1
2208 	1
2213 	1
2216 	1
2218 	1
2221 	1
2228 	1
2231 	1
2234 	1
2236 	1
2237 	1
2238 	1
2245 	1
2246 	1
2247 	1
2249 	1
2250 	1
2252 	1
2253 	1
2255 	1
2256 	1
2257 	1
2261 	1
2262 	1
2264 	1
2265 	1
2266 	1
2272 	1
2273 	1
2275 	1
2276 	1
2278 	1
2279 	1
2282 	1
2285 	1
2288 	1
2290 	1
2293 	1
2294 	1
2295 	1
2296 	1
2297 	1
2303 	1
2304 	1
2306 	1
2308 	1
2309 	1
2314 	1
2316 	1
2317 	1
2318 	1
2319 	1
2322 	1
2325 	1
2330 	1
2333 	1
2338 	1
2340 	1
2344 	1
2345 	1
2349 	1
2350 	1
2351 	1
2353 	1
2354 	1
2359 	1
2366 	1
2367 	1
2369 	1
2370 	1
2372 	1
2374 	1
2375 	1
2376 	1
2379 	1
2381 	1
2384 	1
2389 	1
2390 	1
2395 	1
2399 	1
2401 	1
2410 	1
2416 	1
2419 	1
2424 	1
2426 	1
2427 	1
2429 	1
2432 	1
2433 	1
2436 	1
2438 	1
2441 	1
2442 	1
2443 	1
2445 	1
2451 	1
2452 	1
2453 	1
2457 	1
2466 	1
2467 	1
2468 	1
2470 	1
2474 	1
2475 	1
2476 	1
2477 	1
2478 	1
2479 	1
2482 	1
2483 	1
2485 	1
2488 	1
2494 	1
2497 	1
2503 	1
2504 	1
2505 	1
2506 	1
2507 	1
2514 	1
2522 	1
2527 	1
2528 	1
2529 	1
2531 	1
2536 	1
2537 	1
2538 	1
2541 	1
2543 	1
2544 	1
2546 	1
2547 	1
2552 	1
2553 	1
2554 	1
2556 	1
2557 	1
2559 	1
2560 	1
2562 	1
2563 	1
2569 	1
2571 	1
2574 	1
2576 	1
2577 	1
2578 	1
2579 	1
2582 	1
2585 	1
2587 	1
2591 	1
2592 	1
2593 	1
2594 	1
2597 	1
2599 	1
2600 	1
2601 	1
2602 	1
2603 	1
2604 	1
2610 	1
2613 	1
2615 	1
2622 	1
2624 	1
2627 	1
2628 	1
2629 	1
2633 	1
2636 	1
2639 	1
2640 	1
2644 	1
2645 	1
2646 	1
2647 	1
2648 	1
2650 	1
2651 	1
2652 	1
2654 	1
2658 	1
2662 	1
2663 	1
2664 	1
2668 	1
2669 	1
2671 	1
2672 	1
2674 	1
2675 	1
2677 	1
2678 	1
2681 	1
2682 	1
2689 	1
2691 	1
2692 	1
2693 	1
2696 	1
2697 	1
2700 	1
2701 	1
2703 	1
2704 	1
2710 	1
2711 	1
2713 	1
2717 	1
2718 	1
2721 	1
2724 	1
2726 	1
2730 	1
2731 	1
2732 	1
2738 	1
2743 	1
2748 	1
2749 	1
2752 	1
2756 	1
2758 	1
2759 	1
2761 	1
2765 	1
2766 	1
2768 	1
2769 	1
2772 	1
2773 	1
2776 	1
2785 	1
2788 	1
2789 	1
2790 	1
2795 	1
2797 	1
2798 	1
2800 	1
2802 	1
2804 	1
2807 	1
2816 	1
2817 	1
2819 	1
2821 	1
2822 	1
2823 	1
2824 	1
2825 	1
2826 	1
2827 	1
2829 	1
2835 	1
2839 	1
2840 	1
2842 	1
2844 	1
2850 	1
2852 	1
2853 	1
2854 	1
2856 	1
2862 	1
2865 	1
2866 	1
2867 	1
2868 	1
2872 	1
2877 	1
2878 	1
2879 	1
2881 	1
2883 	1
2884 	1
2886 	1
2889 	1
2892 	1
2894 	1
2896 	1
2901 	1
2902 	1
2903 	1
2910 	1
2911 	1
2912 	1
2914 	1
2916 	1
2917 	1
2924 	1
2925 	1
2931 	1
2940 	1
2941 	1
2943 	1
2950 	1
2954 	1
2956 	1
2965 	1
2968 	1
2969 	1
2971 	1
2972 	1
2973 	1
2975 	1
2978 	1
2982 	1
2984 	1
2985 	1
2986 	1
2991 	1
2993 	1
2998 	1
2999 	1
3007 	1
3008 	1
3009 	1
3010 	1
3011 	1
3012 	1
3013 	1
3014 	1
3018 	1
3019 	1
3020 	1
3022 	1
3026 	1
3029 	1
3031 	1
3037 	1
3039 	1
3041 	1
3042 	1
3045 	1
3050 	1
3056 	1
3057 	1
3062 	1
3064 	1
3065 	1
3066 	1
3068 	1
3071 	1
3072 	1
3074 	1
3078 	1
3079 	1
3081 	1
3085 	1
3087 	1
3091 	1
3094 	1
3099 	1
3101 	1
3106 	1
3108 	1
3115 	1
3116 	1
3117 	1
3119 	1
3125 	1
3127 	1
3128 	1
3129 	1
3132 	1
3135 	1
3141 	1
3142 	1
3144 	1
3148 	1
3156 	1
3158 	1
3159 	1
3160 	1
3161 	1
3162 	1
3163 	1
3164 	1
3170 	1
3171 	1
3172 	1
3173 	1
3174 	1
3177 	1
3178 	1
3179 	1
3180 	1
3181 	1
3187 	1
3190 	1
3192 	1
3193 	1
3196 	1
3197 	1
3198 	1
3201 	1
3204 	1
3209 	1
3210 	1
3215 	1
3219 	1
3222 	1
3223 	1
3225 	1
3228 	1
3229 	1
3231 	1
3232 	1
3233 	1
3236 	1
3239 	1
3240 	1
3242 	1
3243 	1
3244 	1
3247 	1
3248 	1
3250 	1
3251 	1
3253 	1
3255 	1
3257 	1
3263 	1
3267 	1
3268 	1
3270 	1
3271 	1
3272 	1
3276 	1
3283 	1
3284 	1
3288 	1
3290 	1
3291 	1
3292 	1
3296 	1
3300 	1
3302 	1
3304 	1
3305 	1
3307 	1
3308 	1
3310 	1
3311 	1
3317 	1
3319 	1
3320 	1
3322 	1
3325 	1
3327 	1
3330 	1
3337 	1
3339 	1
3342 	1
3344 	1
3346 	1
3353 	1
3354 	1
3355 	1
3356 	1
3359 	1
3360 	1
3363 	1
3365 	1
3366 	1
3368 	1
3369 	1
3370 	1
3374 	1
3381 	1
3382 	1
3383 	1
3386 	1
3389 	1
3390 	1
3394 	1
3396 	1
3398 	1
3402 	1
3403 	1
3407 	1
3408 	1
3409 	1
3412 	1
3413 	1
3417 	1
3420 	1
3422 	1
3423 	1
3427 	1
3430 	1
3435 	1
3436 	1
3437 	1
3438 	1
3441 	1
3445 	1
3449 	1
3451 	1
3452 	1
3454 	1
3456 	1
3459 	1
3460 	1
3462 	1
3466 	1
3472 	1
3473 	1
3475 	1
3478 	1
3480 	1
3483 	1
3485 	1
3486 	1
3487 	1
3495 	1
3497 	1
3498 	1
3504 	1
3505 	1
3508 	1
3511 	1
3512 	1
3517 	1
3522 	1
3524 	1
3526 	1
3528 	1
3529 	1
3530 	1
3532 	1
3533 	1
3534 	1
3536 	1
3538 	1
3539 	1
3541 	1
3543 	1
3545 	1
3548 	1
3552 	1
3553 	1
3557 	1
3559 	1
3565 	1
3566 	1
3567 	1
3568 	1
3572 	1
3573 	1
3579 	1
3581 	1
3582 	1
3583 	1
3585 	1
3587 	1
3591 	1
3592 	1
3593 	1
3595 	1
3597 	1
3600 	1
3607 	1
3609 	1
3612 	1
3613 	1
3614 	1
3615 	1
3616 	1
3618 	1
3619 	1
3623 	1
3624 	1
3625 	1
3632 	1
3636 	1
3638 	1
3643 	1
3645 	1
3651 	1
3652 	1
3654 	1
3656 	1
3658 	1
3664 	1
3667 	1
3676 	1
3678 	1
3683 	1
3684 	1
3687 	1
3688 	1
3693 	1
3694 	1
3695 	1
3696 	1
3697 	1
3700 	1
3702 	1
3704 	1
3706 	1
3709 	1
3710 	1
3711 	1
3716 	1
3717 	1
3718 	1
3720 	1
3722 	1
3723 	1
3725 	1
3731 	1
3733 	1
3737 	1
3739 	1
3740 	1
3741 	1
3742 	1
3747 	1
3748 	1
3749 	1
3752 	1
3753 	1
3755 	1
3756 	1
3759 	1
3760 	1
3761 	1
3762 	1
3763 	1
3764 	1
3765 	1
3767 	1
3768 	1
3769 	1
3770 	1
3771 	1
3772 	1
3776 	1
3777 	1
3781 	1
3784 	1
3785 	1
3788 	1
3789 	1
3791 	1
3793 	1
3795 	1
3801 	1
3802 	1
3808 	1
3809 	1
3811 	1
3815 	1
3816 	1
3817 	1
3825 	1
3827 	1
3829 	1
3832 	1
3833 	1
3836 	1
3843 	1
3845 	1
3851 	1
3853 	1
3854 	1
3855 	1
3856 	1
3858 	1
3859 	1
3862 	1
3867 	1
3870 	1
3874 	1
3875 	1
3876 	1
3881 	1
3883 	1
3886 	1
3888 	1
3890 	1
3892 	1
3893 	1
3894 	1
3895 	1
3897 	1
3898 	1
3902 	1
3905 	1
3906 	1
3907 	1
3908 	1
3910 	1
3913 	1
3921 	1
3922 	1
3927 	1
3929 	1
3932 	1
3933 	1
3934 	1
3935 	1
3945 	1
3948 	1
3949 	1
3950 	1
3955 	1
3965 	1
3966 	1
3970 	1
3971 	1
3973 	1
3974 	1
3975 	1
3976 	1
3980 	1
3981 	1
3982 	1
3983 	1
3987 	1
3990 	1
3994 	1
3996 	1
4001 	1
4006 	1
4007 	1
4008 	1
4009 	1
4011 	1
4012 	1
4019 	1
4022 	1
4023 	1
4024 	1
4027 	1
4029 	1
4031 	1
4032 	1
4033 	1
4034 	1
4036 	1
4038 	1
4039 	1
4040 	1
4043 	1
4045 	1
4046 	1
4047 	1
4049 	1
4051 	1
4053 	1
4054 	1
4055 	1
4056 	1
4057 	1
4058 	1
4062 	1
4064 	1
4065 	1
4066 	1
4067 	1
4069 	1
4070 	1
4071 	1
4072 	1
4073 	1
4077 	1
4078 	1
4081 	1
4085 	1
4087 	1
4088 	1
4089 	1
4090 	1
4094 	1
4097 	1
4099 	1
4102 	1
4104 	1
4105 	1
4108 	1
4109 	1
4110 	1
4112 	1
4114 	1
4120 	1
4122 	1
4123 	1
4126 	1
4129 	1
4131 	1
4133 	1
4137 	1
4138 	1
4139 	1
4143 	1
4148 	1
4151 	1
4153 	1
4154 	1
4155 	1
4156 	1
4160 	1
4162 	1
4163 	1
4165 	1
4166 	1
4168 	1
4169 	1
4170 	1
4173 	1
4182 	1
4183 	1
4184 	1
4188 	1
4190 	1
4191 	1
4195 	1
4197 	1
4198 	1
4200 	1
4203 	1
4208 	1
4209 	1
4212 	1
4216 	1
4217 	1
4218 	1
4219 	1
4224 	1
4225 	1
4227 	1
4229 	1
4230 	1
4231 	1
4232 	1
4233 	1
4238 	1
4239 	1
4241 	1
4242 	1
4243 	1
4245 	1
4250 	1
4254 	1
4255 	1
4257 	1
4260 	1
4261 	1
4266 	1
4267 	1
4269 	1
4271 	1
4272 	1
4274 	1
4275 	1
4277 	1
4278 	1
4279 	1
4282 	1
4286 	1
4290 	1
4293 	1
4295 	1
4297 	1
4301 	1
4302 	1
4306 	1
4307 	1
4310 	1
4311 	1
4312 	1
4317 	1
4320 	1
4321 	1
4323 	1
4326 	1
4328 	1
4329 	1
4330 	1
4331 	1
4333 	1
4334 	1
4341 	1
4345 	1
4347 	1
4348 	1
4349 	1
4351 	1
4352 	1
4354 	1
4355 	1
4356 	1
4362 	1
4367 	1
4368 	1
4369 	1
4371 	1
4372 	1
4373 	1
4374 	1
4376 	1
4377 	1
4379 	1
4380 	1
4384 	1
4387 	1
4388 	1
4389 	1
4390 	1
4392 	1
4396 	1
4397 	1
4399 	1
4403 	1
4405 	1
4406 	1
4407 	1
4408 	1
4409 	1
4410 	1
4411 	1
4414 	1
4418 	1
4419 	1
4420 	1
4422 	1
4426 	1
4429 	1
4431 	1
4434 	1
4436 	1
4438 	1
4439 	1
4440 	1
4442 	1
4446 	1
4448 	1
4449 	1
4450 	1
4451 	1
4452 	1
4457 	1
4458 	1
4460 	1
4461 	1
4463 	1
4464 	1
4469 	1
4470 	1
4472 	1
4474 	1
4478 	1
4479 	1
4482 	1
4485 	1
4490 	1
4491 	1
4492 	1
4496 	1
4499 	1
4503 	1
4504 	1
4507 	1
4509 	1
4510 	1
4511 	1
4512 	1
4514 	1
4515 	1
4516 	1
4517 	1
4519 	1
4522 	1
4524 	1
4525 	1
4533 	1
4534 	1
4536 	1
4537 	1
4539 	1
4541 	1
4542 	1
4543 	1
4546 	1
4548 	1
4551 	1
4553 	1
4554 	1
4555 	1
4560 	1
4561 	1
4565 	1
4568 	1
4570 	1
4571 	1
4573 	1
4575 	1
4576 	1
4577 	1
4578 	1
4583 	1
4584 	1
4587 	1
4588 	1
4589 	1
4590 	1
4591 	1
4592 	1
4597 	1
4600 	1
4601 	1
4602 	1
4603 	1
4607 	1
4610 	1
4616 	1
4617 	1
4618 	1
4619 	1
4623 	1
4624 	1
4625 	1
4629 	1
4632 	1
4633 	1
4634 	1
4636 	1
4641 	1
4642 	1
4648 	1
4650 	1
4651 	1
4652 	1
4653 	1
4657 	1
4659 	1
4661 	1
4662 	1
4665 	1
4669 	1
4671 	1
4673 	1
4674 	1
4675 	1
4680 	1
4686 	1
4688 	1
4691 	1
4693 	1
4694 	1
4696 	1
4701 	1
4706 	1
4709 	1
4716 	1
4717 	1
4718 	1
4721 	1
4722 	1
4723 	1
4724 	1
4727 	1
4729 	1
4730 	1
4733 	1
4744 	1
4745 	1
4746 	1
4747 	1
4751 	1
4752 	1
4755 	1
4758 	1
4762 	1
4766 	1
4767 	1
4768 	1
4772 	1
4774 	1
4778 	1
4779 	1
4781 	1
4783 	1
4784 	1
4785 	1
4786 	1
4789 	1
4793 	1
4796 	1
4797 	1
4798 	1
4799 	1
4805 	1
4810 	1
4812 	1
4813 	1
4814 	1
4816 	1
4820 	1
4821 	1
4822 	1
4824 	1
4827 	1
4828 	1
4829 	1
4831 	1
4832 	1
4835 	1
4837 	1
4841 	1
4844 	1
4846 	1
4848 	1
4850 	1
4851 	1
4857 	1
4858 	1
4861 	1
4865 	1
4866 	1
4871 	1
4872 	1
4873 	1
4878 	1
4879 	1
4880 	1
4882 	1
4885 	1
4887 	1
4894 	1
4896 	1
4898 	1
4901 	1
4902 	1
4903 	1
4907 	1
4910 	1
4911 	1
4912 	1
4914 	1
4915 	1
4918 	1
4920 	1
4921 	1
4924 	1
4926 	1
4928 	1
4930 	1
4931 	1
4932 	1
4934 	1
4935 	1
4938 	1
4944 	1
4945 	1
4946 	1
4947 	1
4950 	1
4953 	1
4955 	1
4956 	1
4958 	1
4961 	1
4962 	1
4966 	1
4969 	1
4972 	1
4975 	1
4976 	1
4977 	1
4981 	1
4982 	1
4983 	1
4986 	1
4988 	1
4991 	1
4994 	1
4996 	1
4998 	1
4999 	1
5000 	1
5010 	1
5013 	1
5016 	1
5017 	1
5018 	1
5019 	1
5020 	1
5021 	1
5024 	1
5025 	1
5026 	1
5027 	1
5031 	1
5032 	1
5034 	1
5038 	1
5039 	1
5040 	1
5042 	1
5043 	1
5044 	1
5052 	1
5056 	1
5058 	1
5060 	1
5063 	1
5067 	1
5070 	1
5073 	1
5074 	1
5077 	1
5078 	1
5080 	1
5083 	1
5086 	1
5087 	1
5089 	1
5090 	1
5091 	1
5093 	1
5094 	1
5095 	1
5096 	1
5097 	1
5101 	1
5103 	1
5104 	1
5106 	1
5108 	1
5109 	1
5111 	1
5112 	1
5116 	1
5117 	1
5118 	1
5120 	1
5121 	1
5123 	1
5129 	1
5130 	1
5131 	1
5132 	1
5134 	0.193109987358
5135 	1
5138 	1
5139 	1
5141 	1
5142 	1
5145 	1
5148 	1
5150 	1
5154 	1
5157 	1
5162 	1
5163 	1
5164 	1
5170 	1
5174 	1
5176 	1
5178 	1
5179 	1
5183 	1
5184 	1
5185 	1
5189 	1
5193 	1
5195 	1
5196 	1
5197 	1
5201 	1
5202 	1
5205 	1
5208 	1
5212 	1
5214 	1
5215 	1
5216 	1
5219 	1
5222 	1
5223 	1
5224 	1
5225 	1
5228 	1
5229 	1
5231 	1
5232 	1
5233 	1
5234 	1
5235 	1
5236 	1
5238 	1
5241 	1
5243 	1
5247 	1
5248 	1
5249 	1
5250 	1
5252 	1
5257 	1
5258 	1
5262 	1
5264 	1
5265 	1
5266 	1
5270 	1
5272 	1
5275 	1
5277 	1
5278 	1
5279 	1
5281 	1
5284 	1
5285 	1
5286 	1
5287 	1
5290 	1
5291 	1
5295 	1
5304 	1
5305 	1
5307 	1
5308 	1
5313 	1
5315 	1
5316 	1
5319 	1
5321 	1
5323 	1
5325 	1
5327 	1
5329 	1
5332 	1
5333 	1
5334 	1
5338 	1
5342 	1
5343 	1
5345 	1
5352 	1
5354 	1
5361 	1
5365 	1
5366 	1
5371 	1
5372 	1
5373 	1
5374 	1
5380 	1
5381 	1
5383 	1
5394 	1
5396 	1
5397 	1
5398 	1
5399 	1
5400 	1
5401 	1
5403 	1
5404 	1
5407 	1
5408 	1
5410 	1
5411 	1
5412 	1
5414 	1
5417 	1
5420 	1
5421 	1
5422 	1
5423 	1
5427 	1
5428 	1
5429 	1
5430 	1
5432 	1
5436 	1
5443 	1
5445 	1
5446 	1
5448 	1
5451 	1
5452 	1
5453 	1
5456 	1
5457 	1
5458 	1
5463 	1
5464 	1
5465 	1
5468 	1
5470 	1
5471 	1
5472 	1
5473 	1
5476 	1
5479 	1
5480 	1
5481 	1
5482 	1
5484 	1
5486 	1
5487 	1
5488 	1
5490 	1
5494 	1
5497 	1
5499 	1
5501 	1
5503 	1
5505 	1
5508 	1
5510 	1
5511 	1
5517 	1
5518 	1
5524 	1
5525 	1
5526 	1
5527 	1
5531 	1
5535 	1
5537 	1
5538 	1
5541 	1
5542 	1
5544 	1
5545 	1
5546 	1
5550 	1
5556 	1
5557 	1
5558 	1
5562 	1
5566 	1
5570 	1
5572 	1
5573 	1
5579 	1
5582 	1
5583 	1
5585 	1
5586 	1
5588 	1
5589 	1
5592 	1
5595 	1
5599 	1
5604 	1
5607 	1
5610 	1
5613 	1
5614 	1
5615 	1
5616 	1
5617 	1
5619 	1
5620 	1
5626 	1
5627 	1
5631 	1
5636 	1
5638 	1
5643 	1
5651 	1
5658 	1
5660 	1
5662 	1
5664 	1
5669 	1
5671 	1
5673 	1
5674 	1
5679 	1
5680 	1
5683 	1
5685 	1
5686 	1
5687 	1
5690 	1
5693 	1
5694 	1
5695 	1
5696 	1
5698 	1
5700 	1
5701 	1
5702 	1
5705 	1
5706 	1
5709 	1
5711 	1
5712 	1
5713 	1
5714 	1
5717 	1
5718 	1
5719 	1
5722 	1
5723 	1
5724 	1
5729 	1
5733 	1
5735 	1
5736 	1
5740 	1
5745 	1
5750 	1
5751 	1
5752 	1
5753 	1
5755 	1
5760 	1
5763 	1
5764 	1
5765 	1
5768 	1
5769 	1
5772 	1
5774 	1
5775 	1
5776 	1
5777 	1
5780 	1
5781 	1
5782 	1
5783 	1
5784 	1
5786 	1
5788 	1
5790 	1
5794 	1
5796 	1
5797 	1
5798 	1
5799 	1
5802 	1
5803 	1
5806 	1
5816 	1
5817 	1
5820 	1
5821 	1
5822 	1
5831 	1
5832 	1
5834 	1
5836 	1
5840 	1
5844 	1
5847 	1
5848 	1
5849 	1
5852 	1
5854 	1
5856 	1
5858 	1
5859 	1
5860 	1
5863 	1
5866 	1
5868 	1
5873 	1
5874 	1
5875 	1
5877 	1
5878 	1
5880 	1
5883 	1
5887 	1
5889 	1
5890 	1
5891 	1
5892 	1
5893 	1
5894 	1
5895 	1
5899 	1
5904 	1
5908 	1
5911 	1
5914 	1
5916 	1
5918 	1
5922 	1
5924 	1
5925 	1
5927 	1
5928 	1
5929 	1
5930 	1
5932 	1
5933 	1
5935 	1
5940 	1
5941 	1
5946 	1
5950 	1
5952 	1
5955 	1
5956 	1
5957 	1
5959 	1
5960 	1
5962 	1
5966 	1
5968 	1
5971 	1
5972 	1
5973 	1
5977 	1
5978 	1
5979 	1
5980 	1
5981 	1
5989 	1
5991 	1
5992 	1
5993 	1
5994 	1
5996 	1
5998 	1
6000 	1
6001 	1
6002 	1
6004 	1
6005 	1
6006 	1
6012 	1
6013 	1
6018 	1
6019 	1
6024 	1
6027 	1
6028 	1
6029 	1
6030 	1
6033 	1
6034 	1
6036 	1
6037 	1
6038 	1
6048 	1
6049 	1
6053 	1
6056 	1
6059 	1
6061 	1
6063 	1
6070 	1
6071 	1
6073 	1
6074 	1
6076 	1
6080 	1
6082 	1
6083 	1
6086 	1
6087 	1
6092 	1
6093 	1
6096 	1
6098 	1
6099 	1
6100 	1
6102 	1
6106 	1
6108 	1
6110 	1
6111 	1
6117 	1
6118 	1
6119 	1
6124 	1
6125 	1
6126 	1
6129 	1
6131 	1
6133 	1
6138 	1
6141 	1
6145 	1
6150 	1
6152 	1
6156 	1
6165 	1
6166 	1
6168 	1
6171 	1
6179 	1
6184 	1
6190 	1
6191 	1
6192 	1
6195 	1
6196 	1
6200 	1
6201 	1
6203 	1
6204 	1
6207 	1
6209 	1
6211 	1
6214 	1
6222 	1
6223 	1
6226 	1
6229 	1
6230 	1
6237 	1
6238 	1
6240 	1
6241 	1
6248 	1
6249 	1
6259 	1
6260 	1
6262 	1
6267 	1
6269 	1
6270 	1
6272 	1
6275 	1
6281 	1
6282 	1
6283 	1
6285 	1
6287 	1
6288 	1
6289 	1
6292 	1
6293 	1
6294 	1
6297 	1
6298 	1
6304 	1
6309 	1
6311 	1
6314 	1
6316 	1
6323 	1
6328 	1
6329 	1
6331 	1
6332 	1
6333 	1
6334 	1
6335 	1
6339 	1
6340 	1
6344 	1
6346 	1
6347 	1
6351 	1
6352 	1
6353 	1
6355 	1
6356 	1
6357 	1
6360 	1
6361 	1
6365 	1
6367 	1
6368 	1
6369 	1
6376 	1
6377 	1
6378 	1
6380 	1
6381 	1
6382 	1
6384 	1
6387 	1
6388 	1
6392 	1
6393 	1
6396 	1
6397 	1
6399 	1
6400 	1
6402 	1
6403 	1
6408 	1
6412 	1
6414 	1
6417 	1
6418 	1
6419 	1
6420 	1
6422 	1
6428 	1
6429 	1
6430 	1
6431 	1
6435 	1
6437 	1
6440 	1
6442 	1
6445 	1
6446 	1
6448 	1
6450 	1
6452 	1
6454 	1
6456 	1
6459 	1
6463 	1
6465 	1
6466 	1
6467 	1
6468 	1
6477 	1
6479 	1
6480 	1
6482 	1
6483 	1
6485 	1
6486 	1
6487 	1
6488 	1
6490 	1
6494 	1
6500 	1
6501 	1
6506 	1
6509 	1
6511 	1
6512 	1
6514 	1
6516 	1
6518 	1
6520 	1
6523 	1
6525 	1
6527 	1
6528 	1
6530 	1
6532 	1
6533 	1
6541 	1
6548 	1
6549 	1
6553 	1
6554 	1
6556 	1
6557 	1
6559 	1
6560 	1
6561 	1
6563 	1
6566 	1
6567 	1
6568 	1
6569 	1
6571 	1
6572 	1
6573 	1
6579 	1
6581 	1
6585 	1
6586 	1
6588 	1
6589 	1
6590 	1
6591 	1
6592 	1
6593 	1
6594 	1
6595 	1
6597 	1
6598 	1
6602 	1
6604 	1
6605 	1
6606 	1
6607 	1
6611 	1
6615 	1
6616 	1
6618 	1
6619 	1
6622 	1
6624 	1
6626 	1
6628 	1
6630 	1
6632 	1
6633 	1
6634 	1
6637 	1
6641 	1
6642 	1
6643 	1
6647 	1
6648 	1
6649 	1
6650 	1
6652 	1
6654 	1
6655 	1
6657 	1
6659 	1
6662 	1
6664 	1
6665 	1
6668 	1
6673 	1
6677 	1
6678 	1
6679 	1
6681 	1
6682 	1
6683 	1
6685 	1
6686 	1
6687 	1
6688 	1
6690 	1
6692 	1
6695 	1
6699 	1
6701 	1
6702 	1
6703 	1
6705 	1
6706 	1
6711 	1
6713 	1
6714 	1
6716 	1
6717 	1
6720 	1
6722 	1
6724 	1
6728 	1
6730 	1
6733 	1
6734 	1
6736 	1
6739 	1
6741 	1
6743 	1
6753 	1
6754 	1
6755 	1
6756 	1
6757 	1
6760 	1
6761 	1
6762 	1
6763 	1
6766 	1
6769 	1
6770 	1
6771 	1
6773 	1
6776 	1
6777 	1
6778 	1
6780 	1
6784 	1
6785 	1
6789 	1
6790 	1
6792 	1
6795 	1
6798 	1
6799 	1
6800 	1
6804 	1
6805 	1
6814 	1
6815 	1
6817 	1
6819 	1
6822 	1
6823 	1
6824 	1
6826 	1
6827 	1
6831 	1
6833 	1
6834 	1
6835 	1
6836 	1
6838 	1
6839 	1
6840 	1
6841 	1
6846 	1
6850 	1
6851 	1
6855 	1
6858 	1
6859 	1
6860 	1
6863 	1
6865 	1
6866 	1
6869 	1
6870 	1
6874 	1
6876 	1
6879 	1
6880 	1
6881 	1
6883 	1
6886 	1
6891 	1
6900 	1
6901 	1
6902 	1
6906 	1
6910 	1
6912 	1
6920 	1
6921 	1
6924 	1
6926 	1
6927 	1
6928 	1
6929 	1
6930 	1
6935 	1
6941 	1
6945 	1
6947 	1
6949 	1
6950 	1
6951 	1
6955 	1
6958 	1
6959 	1
6960 	1
6963 	1
6964 	1
6965 	1
6967 	1
6971 	1
6973 	1
6976 	1
6982 	1
6984 	1
6986 	1
6991 	1
6992 	1
6995 	1
6996 	1
7002 	1
7006 	1
7007 	1
7008 	1
7009 	1
7015 	1
7019 	1
7020 	1
7021 	1
7025 	1
7026 	1
7027 	1
7031 	1
7032 	1
7034 	1
7037 	1
7039 	1
7042 	1
7043 	1
7046 	1
7048 	1
7056 	1
7057 	1
7061 	1
7064 	1
7065 	1
7068 	1
7069 	1
7072 	1
7073 	1
7074 	1
7076 	1
7078 	1
7079 	1
7083 	1
7084 	1
7086 	1
7088 	1
7090 	1
7091 	1
7102 	1
7104 	1
7105 	1
7106 	1
7108 	1
7111 	1
7112 	1
7115 	1
7118 	1
7119 	1
7120 	1
7122 	1
7124 	1
7128 	1
7129 	1
7130 	1
7140 	1
7144 	1
7145 	1
7152 	1
7158 	1
7160 	1
7164 	1
7166 	1
7167 	1
7171 	1
7172 	1
7173 	1
7182 	1
7184 	1
7185 	1
7187 	1
7192 	1
7194 	1
7195 	1
7202 	1
7204 	1
7206 	1
7207 	1
7208 	1
7209 	1
7210 	1
7211 	1
7215 	1
7216 	1
7217 	1
7218 	1
7219 	1
7222 	1
7227 	1
7230 	1
7232 	1
7234 	1
7235 	1
7236 	1
7241 	1
7243 	1
7248 	1
7250 	1
7251 	1
7253 	1
7256 	1
7257 	1
7260 	1
7261 	1
7262 	1
7268 	1
7279 	1
7280 	1
7287 	1
7290 	1
7291 	1
7294 	1
7295 	1
7297 	1
7299 	1
7300 	1
7302 	1
7304 	1
7305 	1
7309 	1
7313 	1
7314 	1
7317 	1
7319 	1
7322 	1
7323 	1
7325 	1
7327 	1
7330 	1
7331 	1
7334 	1
7335 	1
7336 	1
7338 	1
7339 	1
7341 	1
7342 	1
7343 	1
7344 	1
7353 	1
7355 	1
7356 	1
7360 	1
7363 	1
7365 	1
7367 	1
7368 	1
7370 	1
7372 	1
7376 	1
7380 	1
7381 	1
7383 	1
7384 	1
7385 	1
7387 	1
7388 	1
7390 	1
7392 	1
7395 	1
7396 	1
7399 	1
7403 	1
7404 	1
7406 	1
7408 	1
7413 	1
7414 	1
7415 	1
7419 	1
7420 	1
7422 	1
7432 	1
7433 	1
7434 	1
7435 	1
7436 	1
7437 	1
7438 	1
7443 	1
7444 	1
7448 	1
7449 	1
7450 	1
7451 	1
7452 	1
7453 	1
7455 	1
7456 	1
7459 	1
7463 	1
7465 	1
7469 	1
7470 	1
7471 	1
7476 	1
7479 	1
7480 	1
7481 	1
7482 	1
7483 	1
7486 	1
7487 	1
7490 	1
7493 	1
7496 	1
7498 	1
7504 	1
7507 	1
7509 	1
7510 	1
7511 	1
7513 	1
7515 	1
7522 	1
7523 	1
7524 	1
7527 	1
7529 	1
7536 	1
7537 	1
7538 	1
7541 	1
7542 	1
7543 	1
7544 	1
7545 	1
7546 	1
7547 	1
7548 	1
7554 	1
7555 	1
7556 	1
7558 	1
7561 	1
7562 	1
7564 	1
7570 	1
7571 	1
7573 	1
7575 	1
7576 	1
7577 	1
7581 	1
7582 	1
7585 	1
7587 	1
7588 	1
7589 	1
7591 	1
7592 	1
7594 	1
7595 	1
7596 	1
7597 	1
7599 	1
7600 	1
7601 	1
7602 	1
7604 	1
7611 	1
7616 	1
7619 	1
7620 	1
7622 	1
7623 	1
7629 	1
7630 	1
7637 	1
7641 	1
7646 	1
7648 	1
7651 	1
7654 	1
7656 	1
7657 	1
7660 	1
7666 	1
7668 	1
7669 	1
7670 	1
7673 	1
7680 	1
7685 	1
7687 	1
7689 	1
7690 	1
7693 	1
7694 	1
7696 	1
7699 	1
7702 	1
7703 	1
7704 	1
7707 	1
7710 	1
7712 	1
7714 	1
7717 	1
7719 	1
7721 	1
7723 	1
7724 	1
7725 	1
7726 	1
7729 	1
7736 	1
7740 	1
7741 	1
7745 	1
7748 	1
7749 	1
7750 	1
7752 	1
7755 	1
7757 	1
7759 	1
7760 	1
7762 	1
7763 	1
7766 	1
7767 	1
7770 	1
7771 	1
7772 	1
7774 	1
7775 	1
7779 	1
7780 	1
7781 	1
7784 	1
7785 	1
7787 	1
7793 	1
7795 	1
7796 	1
7799 	1
7801 	1
7803 	1
7804 	1
7806 	1
7808 	1
7809 	1
7810 	1
7814 	1
7815 	1
7816 	1
7819 	1
7820 	1
7825 	1
7826 	1
7827 	1
7828 	1
7830 	1
7831 	1
7832 	1
7833 	1
7838 	1
7843 	1
7844 	1
7849 	1
7851 	1
7855 	1
7857 	1
7858 	1
7861 	1
7864 	1
7865 	1
7866 	1
7871 	1
7872 	1
7874 	1
7875 	1
7879 	1
7880 	1
7884 	1
7888 	1
7890 	1
7893 	1
7894 	1
7901 	1
7902 	1
7903 	1
7904 	1
7906 	1
7907 	1
7909 	1
7910 	1
7912 	1
7913 	1
7914 	1
7915 	1
7917 	1
7919 	1
7920 	1
7923 	1
7926 	1
7927 	1
7928 	1
7929 	1
7931 	1
7932 	1
7934 	1
7935 	1
7936 	1
7937 	1
7938 	1
7941 	1
7943 	1
7947 	1
7949 	1
7950 	1
7954 	1
7955 	1
7959 	1
7964 	1
7965 	1
7971 	1
7974 	1
7975 	1
7976 	1
7978 	1
7982 	1
7983 	1
7985 	1
7990 	1
7991 	1
7996 	1
7997 	1
7999 	1
8000 	1
8001 	1
8003 	1
8006 	1
8007 	1
8008 	1
8013 	1
8014 	1
8017 	1
8018 	1
8021 	1
8024 	1
8029 	1
8033 	1
8034 	1
8036 	1
8037 	1
8038 	1
8041 	1
8042 	1
8045 	1
8046 	1
8050 	1
8051 	1
8052 	1
8053 	1
8057 	1
8059 	1
8060 	1
8065 	1
8067 	1
8068 	1
8071 	1
8073 	1
8076 	1
8077 	1
8080 	1
8082 	1
8083 	1
8088 	1
8089 	1
8090 	1
8093 	1
8094 	1
8095 	1
8098 	1
8099 	1
8100 	1
8105 	1
8108 	1
8110 	1
8116 	1
8118 	1
8119 	1
8120 	1
8125 	1
8128 	1
8131 	1
8136 	1
8138 	1
8139 	1
8142 	1
8144 	1
8146 	1
8147 	1
8148 	1
8150 	1
8154 	1
8155 	1
8156 	1
8158 	1
8159 	1
8162 	1
8163 	1
8165 	1
8168 	1
8176 	1
8177 	1
8178 	1
8179 	1
8180 	1
8186 	1
8187 	1
8189 	1
8194 	1
8195 	1
8196 	1
8197 	1
8200 	1
8206 	1
8208 	1
8209 	1
8210 	1
8214 	1
8215 	1
8217 	1
8218 	1
8219 	1
8223 	1
8225 	1
8227 	1
8228 	1
8230 	1
8232 	1
8240 	1
8242 	1
8243 	1
8246 	1
8247 	1
8250 	1
8253 	1
8257 	1
8261 	1
8270 	1
8271 	1
8280 	1
8282 	1
8286 	1
8288 	1
8290 	1
8292 	1
8296 	1
8298 	1
8299 	1
8301 	1
8302 	1
8303 	1
8304 	1
8306 	1
8307 	1
8310 	1
8314 	1
8316 	1
8317 	1
8318 	1
8319 	1
8320 	1
8327 	1
8328 	1
8329 	1
8332 	1
8333 	1
8334 	1
8335 	1
8338 	1
8341 	1
8342 	1
8346 	1
8347 	1
8348 	1
8349 	1
8350 	1
8355 	1
8358 	1
8360 	1
8362 	1
8363 	1
8366 	1
8374 	1
8375 	1
8376 	1
8377 	1
8380 	1
8383 	1
8385 	1
8387 	1
8388 	1
8389 	1
8392 	1
8395 	1
8397 	1
8400 	1
8403 	1
8404 	1
8407 	1
8410 	1
8411 	1
8414 	1
8415 	1
8416 	1
8417 	1
8418 	1
8419 	1
8421 	1
8425 	1
8426 	1
8427 	1
8428 	1
8429 	1
8431 	1
8433 	1
8436 	1
8437 	1
8438 	1
8439 	1
8440 	1
8441 	1
8443 	1
8444 	1
8445 	1
8446 	1
8448 	1
8449 	1
8450 	1
8451 	1
8452 	1
8453 	1
8455 	1
8460 	1
8462 	1
8466 	1
8467 	1
8468 	1
8469 	1
8472 	1
8477 	1
8478 	1
8481 	1
8482 	1
8484 	1
8488 	1
8490 	1
8491 	1
8493 	1
8496 	1
8497 	1
8503 	1
8509 	1
8511 	1
8513 	1
8515 	1
8516 	1
8517 	1
8518 	1
8519 	1
8523 	1
8526 	1
8527 	1
8529 	1
8530 	1
8534 	1
8536 	1
8537 	1
8542 	1
8544 	1
8545 	1
8549 	1
8551 	1
8552 	1
8558 	1
8559 	1
8561 	1
8563 	1
8566 	1
8567 	1
8569 	1
8577 	1
8579 	1
8580 	1
8582 	1
8584 	1
8586 	1
8590 	1
8591 	1
8594 	1
8597 	1
8598 	1
8599 	1
8600 	1
8605 	1
8609 	1
8612 	1
8613 	1
8614 	1
8615 	1
8616 	1
8619 	1
8620 	1
8622 	1
8626 	1
8627 	1
8628 	1
8634 	1
8636 	1
8638 	1
8643 	1
8645 	1
8648 	1
8649 	1
8651 	1
8653 	1
8657 	1
8658 	1
8661 	1
8662 	1
8663 	1
8664 	1
8665 	1
8666 	1
8667 	1
8670 	1
8671 	1
8674 	1
8675 	1
8676 	1
8680 	1
8681 	1
8682 	1
8683 	1
8687 	1
8689 	1
8690 	1
8692 	1
8693 	1
8694 	1
8696 	1
8698 	1
8702 	1
8705 	1
8707 	1
8711 	1
8712 	1
8715 	1
8716 	1
8718 	1
8719 	1
8720 	1
8723 	1
8724 	1
8727 	1
8728 	1
8729 	1
8730 	1
8731 	1
8732 	1
8733 	1
8741 	1
8743 	1
8745 	1
8752 	1
8753 	1
8755 	1
8756 	1
8758 	1
8760 	1
8762 	1
8766 	1
8768 	1
8770 	1
8772 	1
8773 	1
8775 	1
8776 	1
8781 	1
8783 	1
8784 	1
8800 	1
8801 	1
8802 	1
8806 	1
8808 	1
8810 	1
8811 	1
8812 	1
8816 	1
8817 	1
8818 	1
8821 	1
8823 	1
8825 	1
8829 	1
8831 	1
8833 	1
8835 	1
8836 	1
8837 	1
8838 	1
8839 	1
8840 	1
8841 	1
8850 	1
8851 	1
8855 	1
8857 	1
8863 	1
8866 	1
8868 	1
8870 	1
8871 	1
8872 	1
8875 	1
8877 	1
8878 	1
8879 	1
8882 	1
8884 	1
8885 	1
8886 	1
8887 	1
8888 	1
8894 	1
8897 	1
8898 	1
8899 	1
8900 	1
8902 	1
8903 	1
8905 	1
8907 	1
8908 	1
8912 	1
8914 	1
8917 	1
8919 	1
8921 	1
8922 	1
8927 	1
8928 	1
8929 	1
8931 	1
8932 	1
8934 	1
8937 	1
8940 	1
8941 	1
8942 	1
8943 	1
8944 	1
8946 	1
8949 	1
8957 	1
8959 	1
8961 	1
8963 	1
8968 	1
8969 	1
8971 	1
8972 	1
8973 	1
8974 	1
8975 	1
8980 	1
8981 	1
8982 	1
8984 	1
8985 	1
8989 	1
8991 	1
8994 	1
8995 	1
9001 	1
9002 	1
9003 	1
9005 	1
9006 	1
9007 	1
9008 	1
9010 	1
9011 	1
9012 	1
9013 	1
9015 	1
9017 	1
9018 	1
9019 	1
9022 	1
9024 	1
9026 	1
9027 	1
9028 	1
9029 	1
9033 	1
9034 	1
9037 	1
9039 	1
9040 	1
9042 	1
9043 	1
9046 	1
9047 	1
9048 	1
9049 	1
9051 	1
9054 	1
9055 	1
9057 	1
9062 	1
9064 	1
9065 	1
9066 	1
9067 	1
9071 	1
9072 	1
9073 	1
9075 	1
9076 	1
9077 	1
9079 	1
9081 	1
9083 	1
9094 	1
9096 	1
9097 	1
9098 	1
9105 	1
9107 	1
9114 	1
9115 	1
9117 	1
9120 	1
9124 	1
9126 	1
9127 	1
9131 	1
9133 	1
9138 	1
9142 	1
9147 	1
9148 	1
9149 	1
9151 	1
9154 	1
9155 	1
9156 	1
9158 	1
9162 	1
9163 	1
9169 	1
9170 	1
9173 	1
9176 	1
9181 	1
9182 	1
9184 	1
9185 	1
9186 	1
9187 	1
9188 	1
9189 	1
9193 	1
9195 	1
9196 	1
9198 	1
9202 	1
9206 	1
9207 	1
9208 	1
9212 	1
9213 	1
9214 	1
9215 	1
9217 	1
9220 	1
9222 	1
9225 	1
9227 	1
9230 	1
9236 	1
9239 	1
9241 	1
9242 	1
9246 	1
9249 	1
9256 	1
9258 	1
9259 	1
9261 	1
9265 	1
9271 	1
9273 	1
9276 	1
9278 	1
9279 	1
9280 	1
9284 	1
9285 	1
9290 	1
9291 	1
9294 	1
9296 	1
9297 	1
9298 	1
9302 	1
9303 	1
9304 	1
9307 	1
9309 	1
9310 	1
9311 	1
9312 	1
9313 	1
9314 	1
9316 	1
9317 	1
9319 	1
9322 	1
9323 	1
9325 	1
9331 	1
9338 	1
9339 	1
9340 	1
9342 	1
9344 	1
9345 	1
9346 	1
9348 	1
9349 	1
9351 	1
9353 	1
9355 	1
9356 	1
9360 	1
9361 	1
9364 	1
9365 	1
9368 	1
9372 	1
9373 	1
9379 	1
9381 	1
9384 	1
9389 	1
9391 	1
9392 	1
9393 	1
9396 	1
9397 	1
9398 	1
9402 	1
9406 	1
9408 	1
9409 	1
9410 	1
9412 	1
9415 	1
9416 	1
9423 	1
9424 	1
9425 	1
9426 	1
9428 	1
9431 	1
9432 	1
9434 	1
9437 	1
9440 	1
9446 	1
9449 	1
9452 	1
9457 	1
9460 	1
9463 	1
9464 	1
9465 	1
9466 	1
9467 	1
9472 	1
9473 	1
9474 	1
9477 	1
9478 	1
9479 	1
9484 	1
9485 	1
9486 	1
9487 	1
9489 	1
9490 	1
9492 	1
9493 	1
9495 	1
9499 	1
9500 	1
9507 	1
9510 	1
9512 	1
9513 	1
9514 	1
9518 	1
9519 	1
9523 	1
9524 	1
9526 	1
9527 	1
9528 	1
9530 	1
9533 	1
9536 	1
9537 	1
9539 	1
9540 	1
9542 	1
9546 	1
9548 	1
9552 	1
9553 	1
9554 	1
9555 	1
9558 	1
9562 	1
9563 	1
9564 	1
9566 	1
9567 	1
9568 	1
9569 	1
9574 	1
9577 	1
9579 	1
9580 	1
9583 	1
9588 	1
9589 	1
9591 	1
9595 	1
9598 	1
9599 	1
9601 	1
9603 	1
9604 	1
9605 	1
9610 	1
9612 	1
9613 	1
9614 	1
9615 	1
9617 	1
9620 	1
9622 	1
9623 	1
9624 	1
9627 	1
9629 	1
9632 	1
9633 	1
9636 	1
9637 	1
9638 	1
9640 	1
9642 	1
9643 	1
9647 	1
9648 	1
9652 	1
9654 	1
9655 	1
9656 	1
9658 	1
9659 	1
9662 	1
9663 	1
9667 	1
9668 	1
9670 	1
9673 	1
9677 	1
9681 	1
9689 	1
9690 	1
9691 	1
9699 	1
9700 	1
9702 	1
9703 	1
9704 	1
9705 	1
9707 	1
9709 	1
9711 	1
9712 	1
9714 	1
9715 	1
9717 	1
9722 	1
9725 	1
9728 	1
9730 	1
9734 	1
9735 	1
9736 	1
9739 	1
9740 	1
9741 	1
9742 	1
9743 	1
9744 	1
9746 	1
9747 	1
9749 	1
9752 	1
9756 	1
9757 	1
9758 	1
9759 	1
9761 	1
9763 	1
9766 	1
9769 	1
9770 	1
9773 	1
9774 	1
9780 	1
9782 	1
9786 	1
9789 	1
9790 	1
9792 	1
9793 	1
9798 	1
9801 	1
9803 	1
9804 	1
9807 	1
9810 	1
9813 	1
9814 	1
9818 	1
9819 	1
9820 	1
9821 	1
9823 	1
9824 	1
9825 	1
9826 	1
9827 	1
9828 	1
9831 	1
9834 	1
9836 	1
9839 	1
9840 	1
9841 	1
9842 	1
9844 	1
9845 	1
9847 	1
9848 	1
9849 	1
9854 	1
9855 	1
9857 	1
9865 	1
9866 	1
9870 	1
9871 	1
9873 	1
9874 	1
9875 	1
9878 	1
9879 	1
9880 	1
9887 	1
9888 	1
9889 	1
9890 	1
9891 	1
9892 	1
9894 	1
9895 	1
9899 	1
9901 	1
9903 	1
9905 	1
9908 	1
9909 	1
9910 	1
9917 	1
9918 	1
9919 	1
9923 	1
9926 	1
9933 	1
9936 	1
9939 	1
9940 	1
9946 	1
9947 	1
9950 	1
9952 	1
9954 	1
9955 	1
9959 	1
9960 	1
9961 	1
9967 	1
9969 	1
9974 	1
9981 	1
9984 	1
9985 	1
9987 	1
9988 	1
9989 	1
9993 	1
9996 	1
9998 	1
10000 	1
10003 	1
10004 	1
10006 	1
10010 	1
10012 	1
10014 	1
10017 	1
10019 	1
10022 	1
10024 	1
10026 	1
10027 	1
10029 	1
10030 	1
10031 	1
10033 	1
10035 	1
10039 	1
10040 	1
10042 	1
10046 	1
10049 	1
10052 	1
10053 	1
10055 	1
10057 	1
10058 	1
10062 	1
10067 	1
10068 	1
10069 	1
10072 	1
10076 	1
10078 	1
10079 	1
10081 	1
10082 	1
10083 	1
10085 	1
10092 	1
10093 	1
10094 	1
10096 	1
10103 	1
10104 	1
10108 	1
10109 	1
10112 	1
10114 	1
10115 	1
10118 	1
10119 	1
10122 	1
10124 	1
10125 	1
10128 	1
10129 	1
10130 	1
10136 	1
10139 	1
10140 	1
10143 	1
10144 	1
10146 	1
10147 	1
10148 	1
10154 	1
10156 	1
10158 	1
10165 	1
10166 	1
10168 	1
10170 	1
10175 	1
10177 	1
10179 	1
10180 	1
10186 	1
10189 	1
10190 	1
10195 	1
10196 	1
10205 	1
10206 	1
10209 	1
10210 	1
10213 	1
10214 	1
10215 	1
10216 	1
10217 	1
10220 	1
10221 	1
10222 	1
10223 	1
10224 	1
10226 	1
10227 	1
10229 	1
10230 	1
10232 	1
10233 	1
10236 	1
10237 	1
10238 	1
10240 	1
10243 	1
10246 	1
10247 	1
10249 	1
10250 	1
10252 	1
10253 	1
10256 	1
10257 	1
10258 	1
10259 	1
10260 	1
10262 	1
10263 	1
10266 	1
10267 	1
10269 	1
10271 	1
10275 	1
10279 	1
10280 	1
10283 	1
10284 	1
10286 	1
10288 	1
10289 	1
10295 	1
10297 	1
10299 	1
10301 	1
10306 	1
10307 	1
10309 	1
10314 	1
10322 	1
10327 	1
10328 	1
10329 	1
10330 	1
10333 	1
10334 	1
10335 	1
10337 	1
10342 	1
10343 	1
10347 	1
10350 	1
10351 	1
10352 	1
10353 	1
10358 	1
10360 	1
10362 	1
10363 	1
10364 	1
10365 	1
10367 	1
10368 	1
10372 	1
10378 	1
10379 	1
10381 	1
10387 	1
10388 	1
10393 	1
10394 	1
10397 	1
10398 	1
10401 	1
10402 	1
10403 	1
10404 	1
10410 	1
10411 	1
10412 	1
10414 	1
10418 	1
10419 	1
10421 	1
10425 	1
10426 	1
10427 	1
10429 	1
10430 	1
10434 	1
10436 	1
10440 	1
10442 	1
10447 	1
10449 	1
10450 	1
10451 	1
10453 	1
10455 	1
10459 	1
10461 	1
10466 	1
10471 	1
10474 	1
10475 	1
10477 	1
10478 	1
10479 	1
10480 	1
10481 	1
10482 	1
10483 	1
10485 	1
10486 	1
10487 	1
10488 	1
10489 	1
10490 	1
10491 	1
10492 	1
10496 	1
10500 	1
10502 	1
10503 	1
10504 	1
10508 	1
10509 	1
10511 	1
10512 	1
10514 	1
10516 	1
10518 	1
10519 	1
10521 	1
10524 	1
10525 	1
10529 	1
10532 	1
10533 	1
10538 	1
10540 	1
10541 	1
10542 	1
10543 	1
10545 	1
10548 	1
10553 	1
10554 	1
10557 	1
10558 	1
10560 	1
10563 	1
10565 	1
10567 	1
10568 	1
10572 	1
10577 	1
10578 	1
10583 	1
10586 	1
10591 	1
10592 	1
10595 	1
10596 	1
10597 	1
10598 	1
10599 	1
10600 	1
10602 	1
10603 	1
10604 	1
10605 	1
10609 	1
10612 	1
10614 	1
10615 	1
10616 	1
10619 	1
10622 	1
10623 	1
10624 	1
10627 	1
10628 	1
10635 	1
10638 	1
10647 	1
10649 	1
10650 	1
10651 	1
10653 	1
10655 	1
10660 	1
10663 	1
10668 	1
10669 	1
10677 	1
10678 	1
10680 	1
10686 	1
10688 	1
10691 	1
10693 	1
10694 	1
10698 	1
10702 	1
10705 	1
10706 	1
10708 	1
10714 	1
10719 	1
10720 	1
10721 	1
10724 	1
10728 	1
10730 	1
10731 	1
10732 	1
10735 	1
10739 	1
10740 	1
10742 	1
10743 	1
10747 	1
10748 	1
10750 	1
10752 	1
10753 	1
10754 	1
10758 	1
10760 	1
10761 	1
10762 	1
10767 	1
10768 	1
10770 	1
10772 	1
10774 	1
10775 	1
10778 	1
10783 	1
10790 	1
10791 	1
10794 	1
10797 	1
10798 	1
10800 	1
10803 	1
10805 	1
10806 	1
10808 	1
10810 	1
10811 	1
10814 	1
10815 	1
10817 	1
10818 	1
10819 	1
10821 	1
10822 	1
10828 	1
10832 	1
10833 	1
10835 	1
10836 	1
10837 	1
10839 	1
10845 	1
10850 	1
10851 	1
10856 	1
10857 	1
10858 	1
10861 	1
10864 	1
10865 	1
10868 	1
10869 	1
10871 	1
10877 	1
10883 	1
10885 	1
10887 	1
10888 	1
10890 	1
10900 	1
10901 	1
10903 	1
10904 	1
10905 	1
10906 	1
10907 	1
10910 	1
10916 	1
10918 	1
10920 	1
10923 	1
10925 	1
10928 	1
10930 	1
10933 	1
10940 	1
10943 	1
10944 	1
10945 	1
10950 	1
10953 	1
10960 	1
10963 	1
10964 	1
10970 	1
10979 	1
10980 	1
10981 	1
10982 	1
10983 	1
10985 	1
10989 	1
10990 	1
10992 	1
10995 	1
10996 	1
10998 	1
10999 	1
11003 	1
11004 	1
11007 	1
11010 	1
11011 	1
11013 	1
11015 	1
11018 	1
11020 	1
11024 	1
11026 	1
11027 	1
11036 	1
11037 	1
11040 	1
11042 	1
11043 	1
11045 	1
11047 	1
11050 	1
11055 	1
11056 	1
11058 	1
11059 	1
11061 	1
11064 	1
11065 	1
11066 	1
11067 	1
11069 	1
11070 	1
11072 	1
11074 	1
11077 	1
11078 	1
11081 	1
11085 	1
11093 	1
11095 	1
11099 	1
11103 	1
11111 	1
11112 	1
11114 	1
11117 	1
11118 	1
11121 	1
11127 	1
11134 	1
11138 	1
11139 	1
11145 	1
11146 	1
11147 	1
11148 	1
11149 	1
11150 	1
11152 	1
11155 	1
11157 	1
11158 	1
11159 	1
11160 	1
11171 	1
11172 	1
11175 	1
11177 	1
11179 	1
11180 	1
11181 	1
11182 	1
11188 	1
11190 	1
11193 	1
11194 	1
11195 	1
11197 	1
11198 	1
11199 	1
11201 	1
11205 	1
11206 	1
11207 	1
11208 	1
11214 	1
11219 	1
11223 	1
11225 	1
11227 	1
11229 	1
11230 	1
11231 	1
11232 	1
11234 	1
11235 	1
11237 	1
11238 	1
11239 	1
11240 	1
11248 	1
11249 	1
11250 	1
11252 	1
11254 	1
11257 	1
11259 	1
11261 	1
11262 	1
11264 	1
11267 	1
11269 	1
11270 	1
11273 	1
11274 	1
11275 	1
11277 	1
11278 	1
11288 	1
11289 	1
11290 	1
11291 	1
11296 	1
11298 	1
11300 	1
11303 	1
11305 	1
11306 	1
11307 	1
11308 	1
11309 	1
11311 	1
11312 	1
11314 	1
11316 	1
11317 	1
11318 	1
11321 	1
11322 	1
11326 	1
11328 	1
11331 	1
11334 	1
11336 	1
11339 	1
11340 	1
11343 	1
11344 	1
11345 	1
11347 	1
11352 	1
11355 	1
11358 	1
11360 	1
11363 	1
11364 	1
11366 	1
11367 	1
11372 	1
11376 	1
11378 	1
11382 	1
11385 	1
11387 	1
11392 	1
11394 	1
11395 	1
11399 	1
11401 	1
11404 	1
11407 	1
11409 	1
11410 	1
11413 	1
11414 	1
11416 	1
11417 	1
11419 	1
11422 	1
11423 	1
11425 	1
11427 	1
11428 	1
11430 	1
11432 	1
11433 	1
11436 	1
11440 	1
11441 	1
11443 	1
11444 	1
11445 	1
11450 	1
11451 	1
11453 	1
11454 	1
11455 	1
11456 	1
11458 	1
11459 	1
11462 	1
11463 	1
11465 	1
11468 	1
11471 	1
11473 	1
11476 	1
11477 	1
11478 	1
11484 	1
11492 	1
11493 	1
11494 	1
11496 	1
11498 	1
11499 	1
11500 	1
11505 	1
11507 	1
11510 	1
11513 	1
11516 	1
11517 	1
11518 	1
11519 	1
11521 	1
11522 	1
11526 	1
11528 	1
11535 	1
11536 	1
11537 	1
11539 	1
11540 	1
11542 	1
11544 	1
11545 	1
11546 	1
11549 	1
11550 	1
11558 	1
11560 	1
11565 	1
11566 	1
11572 	1
11574 	1
11575 	1
11576 	1
11577 	1
11582 	1
11583 	1
11586 	1
11587 	1
11590 	1
11593 	1
11599 	1
11600 	1
11602 	1
11603 	1
11605 	1
11609 	1
11610 	1
11613 	1
11614 	1
11615 	1
11617 	1
11618 	1
11621 	1
11622 	1
11623 	1
11626 	1
11627 	1
11629 	1
11630 	1
11632 	1
11635 	1
11636 	1
11639 	1
11640 	1
11641 	1
11646 	1
11653 	1
11654 	1
11656 	1
11659 	1
11662 	1
11665 	1
11670 	1
11675 	1
11677 	1
11678 	1
11683 	1
11684 	1
11687 	1
11688 	1
11689 	1
11692 	1
11695 	1
11700 	1
11702 	1
11704 	1
11705 	1
11708 	1
11709 	1
11713 	1
11715 	1
11716 	1
11718 	1
11719 	1
11723 	1
11727 	1
11728 	1
11731 	1
11732 	1
11733 	1
11734 	1
11735 	1
11741 	1
11743 	1
11744 	1
11745 	1
11746 	1
11750 	1
11751 	1
11752 	1
11755 	1
11758 	1
11759 	1
11760 	1
11765 	1
11768 	1
11769 	1
11774 	1
11775 	1
11776 	1
11778 	1
11779 	1
11786 	1
11787 	1
11788 	1
11792 	1
11795 	1
11796 	1
11798 	1
11799 	1
11801 	1
11806 	1
11807 	1
11810 	1
11812 	1
11815 	1
11816 	1
11817 	1
11822 	1
11825 	1
11827 	1
11831 	1
11832 	1
11833 	1
11834 	1
11835 	1
11837 	1
11838 	1
11840 	1
11842 	1
11843 	1
11844 	1
11845 	1
11846 	1
11847 	1
11848 	1
11849 	1
11850 	1
11851 	1
11855 	1
11857 	1
11858 	1
11860 	1
11863 	1
11864 	1
11865 	1
11869 	1
11870 	1
11876 	1
11878 	1
11883 	1
11884 	1
11885 	1
11888 	1
11889 	1
11891 	1
11892 	1
11893 	1
11894 	1
11897 	1
11899 	1
11902 	1
11903 	1
11904 	1
11905 	1
11906 	1
11908 	1
11912 	1
11913 	1
11914 	1
11917 	1
11920 	1
11927 	1
11928 	1
11930 	1
11933 	1
11939 	1
11941 	1
11942 	1
11945 	1
11946 	1
11947 	1
11950 	1
11953 	1
11954 	1
11955 	1
11958 	1
11959 	1
11961 	1
11962 	1
11963 	1
11965 	1
11967 	1
11969 	1
11970 	1
11971 	1
11974 	1
11976 	1
11978 	1
11979 	1
11984 	1
11985 	1
11986 	1
11987 	1
11989 	1
11991 	1
11994 	1
11995 	1
11996 	1
11998 	1
12000 	1
12002 	1
12003 	1
12004 	1
12007 	1
12011 	1
12017 	1
12019 	1
12021 	1
12022 	1
12025 	1
12026 	1
12029 	1
12030 	1
12033 	1
12037 	1
12044 	1
12049 	1
12050 	1
12051 	1
12056 	1
12059 	1
12060 	1
12061 	1
12064 	1
12065 	1
12068 	1
12069 	1
12075 	1
12077 	1
12081 	1
12085 	1
12087 	1
12088 	1
12089 	1
12090 	1
12092 	1
12093 	1
12097 	1
12099 	1
12100 	1
12102 	1
12103 	1
12104 	1
12105 	1
12106 	1
12108 	1
12109 	1
12110 	1
12116 	1
12119 	1
12120 	1
12121 	1
12124 	1
12127 	1
12130 	1
12132 	1
12134 	1
12138 	1
12140 	1
12141 	1
12145 	1
12146 	1
12148 	1
12153 	1
12154 	1
12156 	1
12158 	1
12161 	1
12163 	1
12164 	1
12167 	1
12168 	1
12170 	1
12172 	1
12177 	1
12178 	1
12179 	1
12180 	1
12183 	1
12188 	1
12189 	1
12190 	1
12193 	1
12194 	1
12195 	1
12196 	1
12197 	1
12198 	1
12199 	1
12200 	1
12204 	1
12205 	1
12207 	1
12209 	1
12213 	1
12214 	1
12215 	1
12216 	1
12218 	1
12221 	1
12222 	1
12223 	1
12224 	1
12232 	1
12234 	1
12241 	1
12243 	1
12244 	1
12245 	1
12247 	1
12250 	1
12252 	1
12253 	1
12256 	1
12265 	1
12266 	1
12267 	1
12270 	1
12272 	1
12275 	1
12277 	1
12283 	1
12285 	1
12287 	1
12290 	1
12298 	1
12299 	1
12300 	1
12306 	1
12307 	1
12308 	1
12309 	1
12310 	1
12311 	1
12312 	1
12313 	1
12318 	1
12322 	1
12330 	1
12334 	1
12336 	1
12337 	1
12338 	1
12339 	1
12341 	1
12342 	1
12343 	1
12346 	1
12352 	1
12359 	1
12362 	1
12370 	1
12371 	1
12373 	1
12376 	1
12377 	1
12378 	1
12379 	1
12380 	1
12387 	1
12392 	1
12394 	1
12396 	1
12401 	1
12403 	1
12405 	1
12416 	1
12418 	1
12422 	1
12426 	1
12427 	1
12429 	1
12431 	1
12433 	1
12435 	1
12437 	1
12439 	1
12440 	1
12441 	1
12444 	1
12445 	1
12450 	1
12451 	1
12455 	1
12461 	1
12467 	1
12471 	1
12473 	1
12480 	1
12482 	1
12485 	1
12486 	1
12489 	1
12490 	1
12493 	1
12495 	1
12496 	1
12504 	1
12505 	1
12506 	1
12507 	1
12508 	1
12509 	1
12510 	1
12514 	1
12519 	1
12520 	1
12522 	1
12524 	1
12526 	1
12527 	1
12533 	1
12535 	1
12537 	1
12538 	1
12541 	1
12542 	1
12543 	1
12545 	1
12548 	1
12550 	1
12553 	1
12554 	1
12555 	1
12557 	1
12558 	1
12559 	1
12560 	1
12565 	1
12567 	1
12569 	1
12571 	1
12573 	1
12575 	1
12576 	1
12579 	1
12580 	1
12584 	1
12585 	1
12594 	1
12596 	1
12597 	1
12599 	1
12600 	1
12601 	1
12602 	1
12603 	1
12604 	1
12606 	1
12608 	1
12612 	1
12613 	1
12616 	1
12622 	1
12623 	1
12624 	1
12626 	1
12629 	1
12635 	1
12638 	1
12641 	1
12644 	1
12645 	1
12646 	1
12647 	1
12650 	1
12651 	1
12652 	1
12653 	1
12655 	1
12659 	1
12661 	1
12663 	1
12669 	1
12672 	1
12679 	1
12687 	1
12690 	1
12691 	1
12692 	1
12695 	1
12702 	1
12703 	1
12706 	1
12710 	1
12718 	1
12720 	1
12722 	1
12727 	1
12728 	1
12729 	1
12730 	1
12734 	1
12735 	1
12737 	1
12738 	1
12739 	1
12741 	1
12742 	1
12743 	1
12744 	1
12745 	1
12746 	1
12749 	1
12751 	1
12752 	1
12753 	1
12754 	1
12756 	1
12758 	1
12759 	1
12760 	1
12762 	1
12763 	1
12766 	1
12768 	1
12769 	1
12770 	1
12772 	1
12773 	1
12777 	1
12779 	1
12780 	1
12781 	1
12782 	1
12788 	1
12790 	1
12794 	1
12795 	1
12796 	1
12799 	1
12802 	1
12804 	1
12805 	1
12811 	1
12813 	1
12815 	1
12816 	1
12818 	1
12820 	1
12822 	1
12823 	1
12825 	1
12826 	1
12827 	1
12828 	1
12833 	1
12837 	1
12838 	1
12839 	1
12840 	1
12843 	1
12845 	1
12846 	1
12847 	1
12850 	1
12852 	1
12853 	1
12855 	1
12859 	1
12860 	1
12862 	1
12866 	1
12868 	1
12870 	1
12871 	1
12872 	1
12873 	1
12874 	1
12876 	1
12887 	1
12888 	1
12890 	1
12891 	1
12894 	1
12896 	1
12897 	1
12898 	1
12901 	1
12905 	1
12909 	1
12913 	1
12915 	1
12917 	1
12918 	1
12923 	1
12926 	1
12929 	1
12931 	1
12938 	1
12939 	1
12942 	1
12944 	1
12945 	1
12948 	1
12949 	1
12950 	1
12951 	1
12952 	1
12959 	1
12963 	1
12966 	1
12968 	1
12969 	1
12972 	1
12973 	1
12974 	1
12978 	1
12980 	1
12991 	1
12992 	1
12993 	1
12994 	1
12995 	1
12997 	1
12999 	1
