Number of items 	Total Weight 	Total Profit 
853 	256030.5 	57377.4493088 


Total time: 0.0110599994659 s
Average time: 0.00276601314545 s
Last call: 4.05311584473e-06 s
Stamp 1 of the total: 0h 0m 0s 11ms 11059\u00B5s
Stamp 2 of the total: 00:00:00.0011
Pattern that ignores zeros:
11ms 11059\u00B5s
0011

Item    Fraction

3 	1
9 	1
10 	1
12 	1
15 	1
16 	1
17 	1
18 	1
19 	1
25 	1
26 	1
29 	1
31 	1
37 	1
38 	1
39 	1
40 	1
43 	1
44 	1
45 	1
50 	1
56 	1
61 	1
64 	1
67 	1
69 	1
75 	1
85 	1
88 	1
89 	1
90 	1
91 	1
93 	1
95 	1
100 	1
101 	1
102 	1
103 	1
107 	1
108 	1
110 	1
111 	1
112 	1
113 	1
114 	1
117 	1
119 	1
120 	1
121 	1
122 	1
128 	1
129 	1
132 	1
133 	1
135 	1
136 	1
137 	1
138 	1
140 	1
141 	1
142 	1
145 	1
148 	1
149 	1
153 	1
155 	1
156 	1
159 	1
160 	1
161 	1
163 	1
164 	1
166 	1
167 	1
168 	1
170 	1
173 	1
174 	1
177 	1
179 	1
182 	1
183 	1
185 	1
187 	1
190 	1
191 	1
194 	1
196 	1
198 	1
204 	1
207 	1
209 	1
211 	1
212 	1
213 	1
214 	1
216 	1
219 	1
221 	1
223 	1
234 	1
239 	1
240 	1
242 	1
243 	1
244 	1
245 	1
246 	1
248 	1
249 	1
251 	1
252 	1
253 	1
256 	1
257 	1
259 	1
261 	1
262 	1
264 	1
267 	1
270 	1
275 	1
276 	1
277 	1
279 	1
280 	1
281 	1
282 	1
286 	1
287 	1
289 	1
293 	1
294 	1
295 	1
296 	1
298 	1
304 	1
305 	1
306 	1
309 	1
314 	1
315 	1
316 	1
318 	1
320 	1
321 	1
324 	1
328 	1
329 	1
336 	1
338 	1
342 	1
345 	1
346 	1
349 	1
352 	1
355 	1
357 	1
359 	1
363 	1
365 	1
366 	1
371 	1
373 	1
376 	1
377 	1
378 	1
384 	1
388 	1
389 	1
390 	1
393 	1
394 	1
397 	1
399 	1
402 	1
403 	1
404 	1
406 	1
407 	1
408 	1
409 	1
411 	1
419 	1
422 	1
425 	1
426 	1
428 	1
430 	1
431 	1
433 	1
436 	1
441 	1
443 	1
444 	1
445 	1
446 	1
447 	1
449 	1
450 	1
451 	1
452 	1
454 	1
455 	1
464 	1
468 	1
469 	1
470 	1
471 	1
472 	1
474 	1
477 	1
479 	1
481 	1
482 	1
483 	1
487 	1
488 	1
492 	1
494 	1
496 	1
498 	1
503 	1
504 	1
506 	1
511 	1
514 	1
515 	1
519 	1
524 	1
525 	1
531 	1
533 	1
535 	1
536 	1
537 	1
544 	1
546 	1
547 	1
552 	1
553 	1
554 	1
555 	1
557 	1
559 	1
573 	1
575 	1
579 	1
583 	1
585 	1
588 	1
589 	1
590 	1
591 	1
598 	1
601 	1
602 	1
603 	1
604 	1
611 	1
613 	1
615 	1
616 	1
617 	1
618 	1
620 	1
621 	1
625 	1
626 	1
629 	1
630 	1
631 	1
633 	1
636 	1
638 	1
639 	1
640 	1
641 	0.60599078341
646 	1
647 	1
648 	1
650 	1
651 	1
653 	1
654 	1
656 	1
661 	1
662 	1
663 	1
666 	1
670 	1
671 	1
672 	1
673 	1
674 	1
675 	1
677 	1
678 	1
679 	1
680 	1
689 	1
697 	1
698 	1
699 	1
700 	1
701 	1
705 	1
713 	1
714 	1
715 	1
719 	1
720 	1
721 	1
722 	1
723 	1
728 	1
729 	1
730 	1
732 	1
736 	1
738 	1
740 	1
742 	1
743 	1
744 	1
746 	1
748 	1
750 	1
757 	1
761 	1
762 	1
766 	1
767 	1
768 	1
770 	1
771 	1
772 	1
773 	1
774 	1
775 	1
776 	1
778 	1
779 	1
782 	1
783 	1
784 	1
788 	1
795 	1
796 	1
799 	1
801 	1
802 	1
803 	1
804 	1
808 	1
809 	1
810 	1
813 	1
817 	1
823 	1
824 	1
827 	1
831 	1
835 	1
839 	1
840 	1
842 	1
843 	1
845 	1
846 	1
847 	1
851 	1
853 	1
854 	1
855 	1
856 	1
858 	1
860 	1
865 	1
866 	1
871 	1
872 	1
874 	1
880 	1
881 	1
883 	1
885 	1
887 	1
888 	1
892 	1
894 	1
895 	1
896 	1
899 	1
900 	1
901 	1
905 	1
907 	1
911 	1
912 	1
914 	1
916 	1
918 	1
922 	1
925 	1
931 	1
933 	1
935 	1
936 	1
938 	1
939 	1
940 	1
944 	1
945 	1
946 	1
948 	1
952 	1
953 	1
956 	1
957 	1
961 	1
962 	1
964 	1
966 	1
967 	1
968 	1
970 	1
971 	1
972 	1
975 	1
977 	1
978 	1
980 	1
981 	1
982 	1
985 	1
986 	1
989 	1
990 	1
991 	1
992 	1
993 	1
999 	1
1001 	1
1002 	1
1004 	1
1006 	1
1007 	1
1008 	1
1010 	1
1014 	1
1015 	1
1016 	1
1018 	1
1025 	1
1027 	1
1028 	1
1030 	1
1032 	1
1034 	1
1041 	1
1043 	1
1044 	1
1046 	1
1047 	1
1048 	1
1050 	1
1051 	1
1052 	1
1054 	1
1055 	1
1058 	1
1062 	1
1067 	1
1069 	1
1073 	1
1074 	1
1075 	1
1077 	1
1080 	1
1081 	1
1082 	1
1091 	1
1092 	1
1095 	1
1100 	1
1102 	1
1110 	1
1113 	1
1114 	1
1118 	1
1121 	1
1122 	1
1128 	1
1129 	1
1134 	1
1138 	1
1142 	1
1144 	1
1145 	1
1148 	1
1149 	1
1150 	1
1152 	1
1154 	1
1156 	1
1162 	1
1163 	1
1166 	1
1168 	1
1174 	1
1175 	1
1181 	1
1182 	1
1183 	1
1186 	1
1187 	1
1194 	1
1195 	1
1199 	1
1200 	1
1201 	1
1202 	1
1210 	1
1211 	1
1213 	1
1215 	1
1216 	1
1217 	1
1218 	1
1221 	1
1222 	1
1225 	1
1226 	1
1227 	1
1228 	1
1229 	1
1230 	1
1231 	1
1232 	1
1237 	1
1240 	1
1241 	1
1248 	1
1251 	1
1254 	1
1255 	1
1256 	1
1262 	1
1264 	1
1266 	1
1270 	1
1272 	1
1277 	1
1278 	1
1279 	1
1286 	1
1287 	1
1288 	1
1289 	1
1290 	1
1291 	1
1294 	1
1296 	1
1299 	1
1300 	1
1301 	1
1304 	1
1306 	1
1307 	1
1308 	1
1310 	1
1312 	1
1313 	1
1315 	1
1316 	1
1318 	1
1323 	1
1324 	1
1325 	1
1326 	1
1333 	1
1334 	1
1337 	1
1338 	1
1340 	1
1341 	1
1346 	1
1348 	1
1350 	1
1353 	1
1357 	1
1361 	1
1363 	1
1365 	1
1367 	1
1368 	1
1369 	1
1372 	1
1373 	1
1377 	1
1380 	1
1387 	1
1388 	1
1389 	1
1393 	1
1395 	1
1396 	1
1404 	1
1406 	1
1408 	1
1411 	1
1413 	1
1414 	1
1415 	1
1416 	1
1417 	1
1420 	1
1423 	1
1424 	1
1425 	1
1427 	1
1428 	1
1431 	1
1433 	1
1434 	1
1435 	1
1440 	1
1443 	1
1444 	1
1448 	1
1450 	1
1451 	1
1452 	1
1453 	1
1456 	1
1460 	1
1462 	1
1463 	1
1465 	1
1470 	1
1472 	1
1476 	1
1481 	1
1483 	1
1484 	1
1491 	1
1494 	1
1496 	1
1499 	1
1501 	1
1509 	1
1510 	1
1512 	1
1514 	1
1520 	1
1522 	1
1523 	1
1524 	1
1526 	1
1527 	1
1530 	1
1531 	1
1533 	1
1537 	1
1543 	1
1544 	1
1547 	1
1549 	1
1550 	1
1551 	1
1555 	1
1558 	1
1559 	1
1561 	1
1568 	1
1572 	1
1576 	1
1580 	1
1581 	1
1583 	1
1589 	1
1592 	1
1594 	1
1595 	1
1597 	1
1601 	1
1606 	1
1607 	1
1608 	1
1610 	1
1611 	1
1613 	1
1616 	1
1617 	1
1618 	1
1620 	1
1625 	1
1628 	1
1629 	1
1631 	1
1632 	1
1633 	1
1634 	1
1638 	1
1639 	1
1642 	1
1645 	1
1651 	1
1652 	1
1654 	1
1656 	1
1660 	1
1663 	1
1664 	1
1665 	1
1673 	1
1674 	1
1676 	1
1678 	1
1679 	1
1682 	1
1685 	1
1688 	1
1693 	1
1704 	1
1705 	1
1709 	1
1710 	1
1711 	1
1713 	1
1716 	1
1717 	1
1718 	1
1719 	1
1720 	1
1721 	1
1723 	1
1725 	1
1728 	1
1729 	1
1734 	1
1735 	1
1736 	1
1737 	1
1740 	1
1741 	1
1742 	1
1744 	1
1745 	1
1748 	1
1752 	1
1754 	1
1755 	1
1764 	1
1765 	1
1767 	1
1769 	1
1770 	1
1775 	1
1776 	1
1777 	1
1783 	1
1786 	1
1790 	1
1792 	1
1794 	1
1796 	1
1797 	1
1798 	1
1800 	1
1802 	1
1805 	1
1810 	1
1813 	1
1814 	1
1815 	1
1822 	1
1823 	1
1824 	1
1830 	1
1831 	1
1836 	1
1838 	1
1844 	1
1845 	1
1847 	1
1848 	1
1853 	1
1855 	1
1860 	1
1861 	1
1863 	1
1865 	1
1867 	1
1869 	1
1871 	1
1873 	1
1874 	1
1875 	1
1880 	1
1883 	1
1884 	1
1885 	1
1886 	1
1888 	1
1889 	1
1897 	1
1898 	1
1899 	1
1900 	1
1902 	1
1906 	1
1907 	1
1913 	1
1916 	1
1918 	1
1920 	1
1923 	1
1927 	1
1928 	1
1929 	1
1931 	1
1938 	1
1944 	1
1947 	1
1949 	1
1952 	1
1953 	1
1956 	1
1957 	1
1958 	1
1960 	1
1961 	1
1963 	1
1964 	1
1965 	1
1967 	1
1969 	1
1972 	1
1977 	1
1979 	1
1981 	1
1982 	1
1983 	1
1984 	1
1985 	1
1991 	1
1993 	1
1994 	1
1995 	1
1998 	1
2000 	1
