Number of items 	Total Weight 	Total Profit 
7351 	2129448.75 	495301.113519 


Total time: 0.119336128235 s
Average time: 0.0298348069191 s
Last call: 3.09944152832e-06 s
Stamp 1 of the total: 0h 0m 0s 119ms 119336\u00B5s
Stamp 2 of the total: 00:00:00.0119
Pattern that ignores zeros:
119ms 119336\u00B5s
0119

Item    Fraction

1 	1
2 	1
4 	1
8 	1
10 	1
11 	1
13 	1
18 	1
19 	1
21 	1
25 	1
27 	1
30 	1
33 	1
39 	1
41 	1
43 	1
44 	1
45 	1
48 	1
50 	1
52 	1
55 	1
56 	1
59 	1
61 	1
62 	1
65 	1
69 	1
71 	1
73 	1
75 	1
77 	1
79 	1
81 	1
83 	1
87 	1
90 	1
95 	1
97 	1
99 	1
100 	1
109 	1
112 	1
114 	1
115 	1
119 	1
121 	1
130 	1
135 	1
137 	1
139 	1
142 	1
145 	1
153 	1
158 	1
159 	1
162 	1
173 	1
174 	1
177 	1
181 	1
182 	1
187 	1
188 	1
195 	1
197 	1
198 	1
200 	1
201 	1
205 	1
209 	1
210 	1
212 	1
213 	1
216 	1
217 	1
219 	1
221 	1
223 	1
225 	1
230 	1
232 	1
233 	1
234 	1
236 	1
238 	1
239 	1
241 	1
242 	1
244 	1
251 	1
252 	1
256 	1
260 	1
262 	1
265 	1
266 	1
267 	1
268 	1
272 	1
273 	1
275 	1
277 	1
281 	1
282 	1
283 	1
288 	1
291 	1
292 	1
293 	1
294 	1
295 	1
298 	1
299 	1
302 	1
303 	1
304 	1
306 	1
308 	1
310 	1
312 	1
313 	1
314 	1
315 	1
316 	1
317 	1
318 	1
321 	1
323 	1
325 	1
326 	1
329 	1
331 	1
335 	1
336 	1
338 	1
341 	1
343 	1
346 	1
351 	1
352 	1
353 	1
354 	1
355 	1
356 	1
358 	1
360 	1
361 	1
366 	1
372 	1
379 	1
381 	1
383 	1
384 	1
385 	1
390 	1
395 	1
399 	1
401 	1
402 	1
403 	1
404 	1
409 	1
412 	1
413 	1
417 	1
418 	1
428 	1
434 	1
435 	1
437 	1
439 	1
440 	1
442 	1
447 	1
449 	1
450 	1
451 	1
452 	1
454 	1
455 	1
456 	1
457 	1
458 	1
462 	1
464 	1
469 	1
472 	1
475 	1
476 	1
478 	1
479 	1
483 	1
484 	1
488 	1
501 	1
503 	1
505 	1
506 	1
508 	1
509 	1
512 	1
513 	1
518 	1
520 	1
523 	1
528 	1
530 	1
532 	1
534 	1
537 	1
542 	1
544 	1
545 	1
546 	1
547 	1
548 	1
550 	1
555 	1
556 	1
557 	1
558 	1
560 	1
562 	1
563 	1
564 	1
565 	1
567 	1
568 	1
570 	1
572 	1
573 	1
574 	1
577 	1
581 	1
582 	1
590 	1
591 	1
593 	1
594 	1
595 	1
596 	1
597 	1
601 	1
604 	1
609 	1
610 	1
613 	1
619 	1
620 	1
623 	1
624 	1
629 	1
631 	1
638 	1
640 	1
641 	1
642 	1
645 	1
650 	1
663 	1
664 	1
665 	1
667 	1
668 	1
670 	1
671 	1
673 	1
674 	1
675 	1
677 	1
678 	1
679 	1
681 	1
684 	1
685 	1
686 	1
688 	1
691 	1
695 	1
701 	1
706 	1
709 	1
710 	1
713 	1
714 	1
716 	1
718 	1
720 	1
723 	1
724 	1
725 	1
727 	1
731 	1
733 	1
736 	1
743 	1
745 	1
747 	1
748 	1
749 	1
751 	1
752 	1
756 	1
758 	1
760 	1
761 	1
762 	1
765 	1
772 	1
776 	1
777 	1
779 	1
780 	1
783 	1
784 	1
785 	1
788 	1
790 	1
797 	1
798 	1
799 	1
800 	1
805 	1
810 	1
813 	1
814 	1
819 	1
820 	1
827 	1
828 	1
831 	1
833 	1
836 	1
838 	1
839 	1
843 	1
844 	1
850 	1
852 	1
853 	1
854 	1
855 	1
857 	1
859 	1
860 	1
861 	1
862 	1
864 	1
865 	1
866 	1
867 	1
870 	1
874 	1
875 	1
876 	1
877 	1
879 	1
880 	1
881 	1
882 	1
884 	1
885 	1
891 	1
896 	1
899 	1
902 	1
905 	1
908 	1
910 	1
911 	1
913 	1
914 	1
917 	1
918 	1
925 	1
926 	1
927 	1
928 	1
929 	1
930 	1
931 	1
932 	1
933 	1
935 	1
936 	1
942 	1
943 	1
944 	1
946 	1
947 	1
948 	1
950 	1
951 	1
952 	1
955 	1
956 	1
958 	1
959 	1
964 	1
971 	1
975 	1
976 	1
980 	1
982 	1
985 	1
993 	1
995 	1
996 	1
998 	1
999 	1
1002 	1
1003 	1
1004 	1
1012 	1
1017 	1
1022 	1
1031 	1
1034 	1
1037 	1
1038 	1
1041 	1
1042 	1
1044 	1
1045 	1
1047 	1
1050 	1
1051 	1
1053 	1
1054 	1
1056 	1
1057 	1
1059 	1
1060 	1
1061 	1
1066 	1
1068 	1
1069 	1
1070 	1
1071 	1
1077 	1
1081 	1
1083 	1
1086 	1
1087 	1
1092 	1
1094 	1
1095 	1
1106 	1
1109 	1
1110 	1
1113 	1
1118 	1
1127 	1
1129 	1
1133 	1
1135 	1
1136 	1
1139 	1
1140 	1
1141 	1
1142 	1
1143 	1
1146 	1
1152 	1
1154 	1
1157 	1
1159 	1
1164 	1
1170 	1
1171 	1
1172 	1
1178 	1
1179 	1
1182 	1
1188 	1
1189 	1
1193 	1
1196 	1
1201 	1
1202 	1
1206 	1
1207 	1
1209 	1
1210 	1
1212 	1
1216 	1
1221 	1
1226 	1
1227 	1
1229 	1
1231 	1
1235 	1
1236 	1
1237 	1
1239 	1
1240 	1
1241 	1
1243 	1
1244 	1
1245 	1
1248 	1
1249 	1
1251 	1
1252 	1
1255 	1
1257 	1
1258 	1
1261 	1
1264 	1
1265 	1
1269 	1
1271 	1
1272 	1
1275 	1
1276 	1
1279 	1
1281 	1
1286 	1
1287 	1
1291 	1
1292 	1
1294 	1
1295 	1
1296 	1
1297 	1
1299 	1
1300 	1
1301 	1
1304 	1
1308 	1
1313 	1
1315 	1
1316 	1
1317 	1
1319 	1
1320 	1
1321 	1
1322 	1
1323 	1
1326 	1
1327 	1
1328 	1
1330 	1
1333 	1
1334 	1
1336 	1
1337 	1
1339 	1
1340 	1
1341 	1
1344 	1
1349 	1
1350 	1
1352 	1
1354 	1
1355 	1
1361 	1
1365 	1
1366 	1
1367 	1
1368 	1
1369 	1
1371 	1
1372 	1
1376 	1
1380 	1
1384 	1
1385 	1
1386 	1
1387 	1
1389 	1
1392 	1
1399 	1
1400 	1
1404 	1
1406 	1
1407 	1
1408 	1
1410 	1
1414 	1
1415 	1
1419 	1
1420 	1
1421 	1
1422 	1
1423 	1
1424 	1
1428 	1
1429 	1
1432 	1
1434 	1
1437 	1
1441 	1
1443 	1
1445 	1
1448 	1
1450 	1
1456 	1
1458 	1
1459 	1
1462 	1
1463 	1
1464 	1
1466 	1
1467 	1
1468 	1
1473 	1
1476 	1
1483 	1
1485 	1
1489 	1
1490 	1
1491 	1
1492 	1
1493 	1
1495 	1
1496 	1
1497 	1
1498 	1
1500 	1
1501 	1
1504 	1
1505 	1
1506 	1
1514 	1
1516 	1
1521 	1
1522 	1
1523 	1
1524 	1
1526 	1
1528 	1
1532 	1
1533 	1
1534 	1
1535 	1
1536 	1
1538 	1
1540 	1
1543 	1
1544 	1
1547 	1
1552 	1
1554 	1
1556 	1
1557 	1
1560 	1
1561 	1
1562 	1
1565 	1
1566 	1
1568 	1
1569 	1
1573 	1
1574 	1
1577 	1
1581 	1
1583 	1
1585 	1
1588 	1
1590 	1
1593 	1
1596 	1
1605 	1
1606 	1
1608 	1
1611 	1
1612 	1
1615 	1
1616 	1
1617 	1
1618 	1
1626 	1
1627 	1
1628 	1
1629 	1
1630 	1
1631 	1
1634 	1
1635 	1
1636 	1
1637 	1
1638 	1
1642 	1
1644 	1
1645 	1
1646 	1
1647 	1
1649 	1
1650 	1
1656 	1
1657 	1
1659 	1
1663 	1
1664 	1
1665 	1
1666 	1
1668 	1
1670 	1
1672 	1
1675 	1
1677 	1
1679 	1
1680 	1
1681 	1
1683 	1
1684 	1
1686 	1
1690 	1
1693 	1
1695 	1
1696 	1
1698 	1
1699 	1
1701 	1
1703 	1
1705 	1
1707 	1
1713 	1
1716 	1
1718 	1
1722 	1
1724 	1
1729 	1
1730 	1
1731 	1
1732 	1
1735 	1
1743 	1
1745 	1
1746 	1
1747 	1
1748 	1
1750 	1
1751 	1
1752 	1
1755 	1
1756 	1
1758 	1
1761 	1
1766 	1
1769 	1
1772 	1
1774 	1
1778 	1
1779 	1
1780 	1
1782 	1
1783 	1
1786 	1
1787 	1
1793 	1
1799 	1
1800 	1
1803 	1
1805 	1
1807 	1
1808 	1
1810 	1
1811 	1
1812 	1
1824 	1
1825 	1
1827 	1
1829 	1
1831 	1
1833 	1
1840 	1
1841 	1
1849 	1
1851 	1
1854 	1
1856 	1
1859 	1
1860 	1
1861 	1
1862 	1
1863 	1
1870 	1
1872 	1
1875 	1
1878 	1
1882 	1
1884 	1
1887 	1
1888 	1
1889 	1
1891 	1
1894 	1
1896 	1
1901 	1
1904 	1
1908 	1
1910 	1
1913 	1
1914 	1
1915 	1
1916 	1
1920 	1
1922 	1
1924 	1
1928 	1
1929 	1
1935 	1
1937 	1
1939 	1
1941 	1
1943 	1
1944 	1
1954 	1
1957 	1
1958 	1
1959 	1
1960 	1
1961 	1
1963 	1
1964 	1
1965 	1
1967 	1
1970 	1
1971 	1
1972 	1
1973 	1
1974 	1
1975 	1
1976 	1
1977 	1
1979 	1
1981 	1
1982 	1
1984 	1
1985 	1
1988 	1
1991 	1
1999 	1
2000 	1
2001 	1
2006 	1
2010 	1
2012 	1
2018 	1
2020 	1
2022 	1
2025 	1
2026 	1
2027 	1
2037 	1
2039 	1
2042 	1
2046 	1
2047 	1
2050 	1
2051 	1
2057 	1
2058 	1
2065 	1
2066 	1
2068 	1
2071 	1
2072 	1
2073 	1
2075 	1
2081 	1
2085 	1
2088 	1
2091 	1
2095 	1
2098 	1
2100 	1
2103 	1
2109 	1
2113 	1
2114 	1
2117 	1
2119 	1
2121 	1
2122 	1
2123 	1
2127 	1
2128 	1
2129 	1
2131 	1
2132 	1
2133 	1
2134 	1
2135 	1
2136 	1
2140 	1
2142 	1
2144 	1
2146 	1
2147 	1
2148 	1
2152 	1
2156 	1
2157 	1
2169 	1
2171 	1
2172 	1
2174 	1
2177 	1
2178 	1
2180 	1
2181 	1
2182 	1
2186 	1
2188 	1
2192 	1
2195 	1
2196 	1
2197 	1
2198 	1
2202 	1
2203 	1
2205 	1
2206 	1
2208 	1
2210 	1
2212 	1
2213 	1
2214 	1
2218 	1
2220 	1
2221 	1
2222 	1
2225 	1
2226 	1
2229 	1
2231 	1
2232 	1
2233 	1
2234 	1
2236 	1
2238 	1
2239 	1
2244 	1
2250 	1
2251 	1
2252 	1
2254 	1
2256 	1
2258 	1
2259 	1
2261 	1
2262 	1
2264 	1
2265 	1
2266 	1
2267 	1
2268 	1
2270 	1
2271 	1
2273 	1
2275 	1
2276 	1
2279 	1
2285 	1
2287 	1
2288 	1
2291 	1
2293 	1
2297 	1
2298 	1
2299 	1
2300 	1
2304 	1
2305 	1
2307 	1
2311 	1
2312 	1
2313 	1
2315 	1
2316 	1
2317 	1
2318 	1
2320 	1
2321 	1
2327 	1
2332 	1
2336 	1
2337 	1
2338 	1
2344 	1
2345 	1
2346 	1
2347 	1
2349 	1
2350 	1
2351 	1
2354 	1
2355 	1
2359 	1
2360 	1
2363 	1
2365 	1
2366 	1
2375 	1
2376 	1
2378 	1
2380 	1
2382 	1
2383 	1
2384 	1
2386 	1
2390 	1
2391 	1
2397 	1
2401 	1
2402 	1
2406 	1
2413 	1
2414 	1
2415 	1
2416 	1
2423 	1
2424 	1
2425 	1
2426 	1
2427 	1
2428 	1
2432 	1
2433 	1
2435 	1
2436 	1
2439 	1
2441 	1
2443 	1
2451 	1
2452 	1
2454 	1
2457 	1
2459 	1
2460 	1
2463 	1
2466 	1
2469 	1
2477 	1
2478 	1
2480 	1
2484 	1
2486 	1
2487 	1
2491 	1
2492 	1
2494 	1
2495 	1
2497 	1
2500 	1
2501 	1
2502 	1
2504 	1
2507 	1
2508 	1
2510 	1
2511 	1
2514 	1
2515 	1
2516 	1
2521 	1
2522 	1
2526 	1
2529 	1
2530 	1
2531 	1
2533 	1
2537 	1
2538 	1
2541 	1
2543 	1
2545 	1
2550 	1
2551 	1
2554 	1
2556 	1
2557 	1
2563 	1
2564 	1
2565 	1
2566 	1
2569 	1
2572 	1
2574 	1
2575 	1
2577 	1
2579 	1
2581 	1
2582 	1
2583 	1
2584 	1
2588 	1
2589 	1
2593 	1
2595 	1
2597 	1
2598 	1
2601 	1
2602 	1
2603 	1
2604 	1
2605 	1
2606 	1
2611 	1
2612 	1
2613 	1
2615 	1
2617 	1
2622 	1
2623 	1
2624 	1
2625 	1
2626 	1
2627 	1
2628 	1
2629 	1
2630 	1
2632 	1
2633 	1
2635 	1
2641 	1
2643 	1
2646 	1
2648 	1
2649 	1
2654 	1
2655 	1
2656 	1
2662 	1
2663 	1
2664 	1
2669 	1
2674 	1
2679 	1
2682 	1
2684 	1
2685 	1
2686 	1
2694 	1
2695 	1
2700 	1
2704 	1
2705 	1
2709 	1
2710 	1
2712 	1
2715 	1
2718 	1
2721 	1
2723 	1
2725 	1
2726 	1
2727 	1
2728 	1
2729 	1
2731 	1
2732 	1
2734 	1
2735 	1
2736 	1
2737 	1
2738 	1
2743 	1
2748 	1
2750 	1
2753 	1
2757 	1
2763 	1
2764 	1
2765 	1
2767 	1
2768 	1
2770 	1
2772 	1
2773 	1
2774 	1
2775 	1
2776 	1
2780 	1
2794 	1
2796 	1
2798 	1
2799 	1
2801 	1
2803 	1
2807 	1
2810 	1
2811 	1
2814 	1
2817 	1
2821 	1
2834 	1
2835 	1
2838 	1
2839 	1
2840 	1
2842 	1
2843 	1
2846 	1
2848 	1
2849 	1
2851 	1
2852 	1
2855 	1
2857 	1
2859 	1
2862 	1
2869 	1
2871 	1
2873 	1
2875 	1
2876 	1
2877 	1
2880 	1
2882 	1
2883 	1
2885 	1
2886 	1
2887 	1
2888 	1
2889 	1
2890 	1
2891 	1
2900 	1
2901 	1
2908 	1
2909 	1
2910 	1
2913 	1
2924 	1
2927 	1
2934 	1
2935 	1
2936 	1
2943 	1
2944 	1
2945 	1
2952 	1
2956 	1
2957 	1
2958 	1
2961 	1
2962 	1
2970 	1
2974 	1
2975 	1
2976 	1
2978 	1
2981 	1
2983 	1
2987 	1
2989 	1
2990 	1
2991 	1
2992 	1
2996 	1
2998 	1
3002 	1
3003 	1
3007 	1
3009 	1
3010 	1
3012 	1
3014 	1
3020 	1
3021 	1
3022 	1
3023 	1
3024 	1
3028 	1
3031 	1
3033 	1
3036 	1
3038 	1
3042 	1
3043 	1
3047 	1
3051 	1
3053 	1
3061 	1
3062 	1
3063 	1
3064 	1
3065 	1
3070 	1
3071 	1
3072 	1
3073 	1
3074 	1
3075 	1
3077 	1
3078 	1
3080 	1
3081 	1
3082 	1
3084 	1
3086 	1
3096 	1
3097 	1
3102 	1
3104 	1
3106 	1
3111 	1
3112 	1
3113 	1
3116 	1
3117 	1
3120 	1
3121 	1
3126 	1
3128 	1
3129 	1
3136 	1
3139 	1
3140 	1
3142 	1
3143 	1
3144 	1
3147 	1
3151 	1
3153 	1
3154 	1
3155 	1
3161 	1
3162 	1
3163 	1
3164 	1
3166 	1
3167 	1
3168 	1
3169 	1
3170 	1
3173 	1
3174 	1
3176 	1
3178 	1
3181 	1
3186 	1
3188 	1
3190 	1
3192 	1
3195 	1
3197 	1
3199 	1
3202 	1
3206 	1
3207 	1
3208 	1
3214 	1
3215 	1
3219 	1
3220 	1
3222 	1
3223 	1
3224 	1
3227 	1
3229 	1
3230 	1
3232 	1
3235 	1
3237 	1
3244 	1
3245 	1
3246 	1
3250 	1
3252 	1
3255 	1
3260 	1
3261 	1
3262 	1
3265 	1
3266 	1
3269 	1
3272 	1
3275 	1
3276 	1
3281 	1
3282 	1
3283 	1
3286 	1
3287 	1
3293 	1
3296 	1
3297 	1
3300 	1
3301 	1
3305 	1
3306 	1
3307 	1
3308 	1
3309 	1
3310 	1
3311 	1
3312 	1
3314 	1
3316 	1
3323 	1
3326 	1
3328 	1
3332 	1
3334 	1
3335 	1
3337 	1
3338 	1
3341 	1
3343 	1
3344 	1
3345 	1
3346 	1
3348 	1
3356 	1
3357 	1
3358 	1
3360 	1
3362 	1
3363 	1
3365 	1
3368 	1
3371 	1
3375 	1
3377 	1
3379 	1
3384 	1
3385 	1
3387 	1
3388 	1
3390 	1
3391 	1
3393 	1
3394 	1
3395 	1
3397 	1
3398 	1
3400 	1
3404 	1
3405 	1
3408 	1
3409 	1
3411 	1
3412 	1
3413 	1
3415 	1
3417 	1
3420 	1
3424 	1
3426 	1
3428 	1
3433 	1
3435 	1
3437 	1
3441 	1
3442 	1
3443 	1
3446 	1
3448 	1
3450 	1
3454 	1
3457 	1
3459 	1
3460 	1
3463 	1
3468 	1
3469 	1
3484 	1
3490 	1
3494 	1
3497 	1
3501 	1
3502 	1
3510 	1
3512 	1
3514 	1
3515 	1
3519 	1
3520 	1
3521 	1
3522 	1
3524 	1
3529 	1
3531 	1
3532 	1
3533 	1
3538 	1
3539 	1
3543 	1
3545 	1
3549 	1
3553 	1
3554 	1
3565 	1
3566 	1
3567 	1
3569 	1
3576 	1
3577 	1
3578 	1
3583 	1
3585 	1
3586 	1
3587 	1
3588 	1
3589 	1
3590 	1
3591 	1
3593 	1
3598 	1
3600 	1
3604 	1
3605 	1
3607 	1
3608 	1
3609 	1
3613 	1
3624 	1
3625 	1
3626 	1
3627 	1
3628 	1
3629 	1
3633 	1
3636 	1
3637 	1
3638 	1
3640 	1
3642 	1
3647 	1
3648 	1
3652 	1
3653 	1
3654 	1
3659 	1
3661 	1
3663 	1
3664 	1
3665 	1
3667 	1
3669 	1
3671 	1
3678 	1
3679 	1
3680 	1
3682 	1
3688 	1
3689 	1
3690 	1
3691 	1
3692 	1
3693 	1
3694 	1
3695 	1
3698 	1
3700 	1
3701 	1
3702 	1
3710 	1
3711 	1
3713 	1
3715 	1
3717 	1
3722 	1
3723 	1
3732 	1
3733 	1
3734 	1
3735 	1
3739 	1
3740 	1
3741 	1
3742 	1
3743 	1
3748 	1
3749 	1
3751 	1
3752 	1
3755 	1
3757 	1
3768 	1
3772 	1
3776 	1
3779 	1
3781 	1
3783 	1
3785 	1
3789 	1
3794 	1
3797 	1
3800 	1
3802 	1
3803 	1
3804 	1
3805 	1
3806 	1
3807 	1
3809 	1
3811 	1
3813 	1
3817 	1
3818 	1
3821 	1
3824 	1
3832 	1
3834 	1
3835 	1
3838 	1
3839 	1
3843 	1
3845 	1
3847 	1
3848 	1
3849 	1
3850 	1
3852 	1
3853 	1
3854 	1
3855 	1
3860 	1
3864 	1
3865 	1
3866 	1
3867 	1
3868 	1
3871 	1
3872 	1
3873 	1
3876 	1
3877 	1
3878 	1
3879 	1
3880 	1
3881 	1
3882 	1
3883 	1
3884 	1
3886 	1
3889 	1
3893 	1
3897 	1
3898 	1
3902 	1
3904 	1
3905 	1
3906 	1
3910 	1
3912 	1
3914 	1
3921 	1
3922 	1
3923 	1
3928 	1
3930 	1
3934 	1
3939 	1
3940 	1
3943 	1
3944 	1
3946 	1
3947 	1
3951 	1
3952 	1
3953 	1
3955 	1
3956 	1
3958 	1
3959 	1
3960 	1
3961 	1
3962 	1
3963 	1
3964 	1
3965 	1
3968 	1
3970 	1
3972 	1
3978 	1
3980 	1
3981 	1
3984 	1
3993 	1
3998 	1
3999 	1
4001 	1
4004 	1
4011 	1
4012 	1
4013 	1
4015 	1
4017 	1
4021 	1
4025 	1
4026 	1
4028 	1
4031 	1
4039 	1
4043 	1
4045 	1
4050 	1
4053 	1
4054 	1
4055 	1
4056 	1
4064 	1
4065 	1
4067 	1
4070 	1
4071 	1
4073 	1
4074 	1
4075 	1
4079 	1
4081 	1
4083 	1
4084 	1
4086 	1
4088 	1
4089 	1
4091 	1
4092 	1
4094 	1
4098 	1
4099 	1
4100 	1
4101 	1
4104 	1
4106 	1
4108 	1
4113 	1
4116 	1
4118 	1
4122 	1
4124 	1
4127 	1
4128 	1
4130 	1
4137 	1
4143 	1
4144 	1
4147 	1
4148 	1
4150 	1
4157 	1
4160 	1
4162 	1
4170 	1
4173 	1
4175 	1
4180 	1
4183 	1
4186 	1
4189 	1
4190 	1
4191 	1
4193 	1
4194 	1
4195 	1
4197 	1
4200 	1
4202 	1
4204 	1
4206 	1
4208 	1
4209 	1
4213 	1
4217 	1
4220 	1
4222 	1
4225 	1
4226 	1
4231 	1
4233 	1
4234 	1
4235 	1
4237 	1
4238 	1
4239 	1
4241 	1
4249 	1
4250 	1
4251 	1
4252 	1
4257 	1
4261 	1
4264 	1
4269 	1
4271 	1
4275 	1
4276 	1
4277 	1
4280 	1
4284 	1
4285 	1
4287 	1
4294 	1
4295 	1
4298 	1
4300 	1
4301 	1
4304 	1
4306 	1
4307 	1
4309 	1
4313 	1
4314 	1
4315 	1
4319 	1
4320 	1
4321 	1
4323 	1
4324 	1
4325 	1
4328 	1
4333 	1
4334 	1
4336 	1
4337 	1
4338 	1
4341 	1
4342 	1
4343 	1
4345 	1
4346 	1
4348 	1
4349 	1
4350 	1
4351 	1
4353 	1
4355 	1
4356 	1
4360 	1
4361 	1
4365 	1
4366 	1
4369 	1
4373 	1
4377 	1
4379 	1
4383 	1
4386 	1
4388 	1
4390 	1
4392 	1
4394 	1
4397 	1
4398 	1
4399 	1
4400 	1
4401 	1
4404 	1
4405 	1
4414 	1
4416 	1
4421 	1
4422 	1
4423 	1
4426 	1
4427 	1
4433 	1
4434 	1
4435 	1
4436 	1
4440 	1
4441 	1
4444 	1
4448 	1
4450 	1
4451 	1
4453 	1
4455 	1
4456 	1
4457 	1
4458 	1
4460 	1
4461 	1
4462 	1
4463 	1
4464 	1
4467 	1
4468 	1
4469 	1
4471 	1
4475 	1
4476 	1
4481 	1
4482 	1
4483 	1
4486 	1
4493 	1
4495 	1
4497 	1
4498 	1
4499 	1
4500 	1
4503 	1
4511 	1
4513 	1
4517 	1
4522 	1
4523 	1
4524 	1
4525 	1
4526 	1
4528 	1
4530 	1
4532 	1
4537 	1
4538 	1
4540 	1
4547 	1
4548 	1
4551 	1
4552 	1
4553 	1
4555 	1
4558 	1
4560 	1
4562 	1
4570 	1
4572 	1
4573 	1
4575 	1
4576 	1
4579 	1
4583 	1
4587 	1
4588 	1
4591 	1
4594 	1
4595 	1
4596 	1
4598 	1
4601 	1
4602 	1
4604 	1
4609 	1
4610 	1
4612 	1
4613 	1
4614 	1
4618 	1
4625 	1
4626 	1
4627 	1
4630 	1
4632 	1
4636 	1
4638 	1
4639 	1
4647 	1
4648 	1
4651 	1
4653 	1
4656 	1
4657 	1
4658 	1
4660 	1
4661 	1
4662 	1
4665 	1
4666 	1
4671 	1
4673 	1
4675 	1
4676 	1
4680 	1
4681 	1
4682 	1
4683 	1
4684 	1
4685 	1
4686 	1
4688 	1
4689 	1
4691 	1
4694 	1
4695 	1
4697 	1
4703 	1
4704 	1
4709 	1
4711 	1
4714 	1
4716 	1
4718 	1
4719 	1
4721 	1
4723 	1
4724 	1
4729 	1
4730 	1
4734 	1
4736 	1
4740 	1
4742 	1
4744 	1
4746 	1
4750 	1
4753 	1
4755 	1
4756 	1
4761 	1
4766 	1
4768 	1
4770 	1
4771 	1
4773 	1
4774 	1
4775 	1
4776 	1
4780 	1
4783 	1
4784 	1
4785 	1
4791 	1
4795 	1
4796 	1
4799 	1
4800 	1
4802 	1
4805 	1
4806 	1
4807 	1
4808 	1
4814 	1
4815 	1
4819 	1
4821 	1
4824 	1
4826 	1
4827 	1
4828 	1
4832 	1
4833 	1
4835 	1
4836 	1
4844 	1
4845 	1
4847 	1
4848 	1
4849 	1
4850 	1
4851 	1
4854 	1
4856 	1
4858 	1
4859 	1
4862 	1
4863 	1
4866 	1
4869 	1
4870 	1
4871 	1
4882 	1
4883 	1
4884 	1
4885 	1
4888 	1
4890 	1
4892 	1
4893 	1
4894 	1
4895 	1
4897 	1
4898 	1
4900 	1
4902 	1
4904 	1
4906 	1
4909 	1
4910 	1
4911 	1
4912 	1
4915 	1
4918 	1
4919 	1
4920 	1
4921 	1
4923 	1
4924 	1
4926 	1
4927 	1
4929 	1
4930 	1
4931 	1
4932 	1
4934 	1
4940 	1
4943 	1
4944 	1
4945 	1
4948 	1
4949 	1
4954 	1
4955 	1
4956 	1
4958 	1
4961 	1
4962 	1
4964 	1
4968 	1
4970 	1
4972 	1
4974 	1
4975 	1
4976 	1
4979 	1
4981 	1
4982 	1
4984 	1
4986 	1
4987 	1
4992 	1
4993 	1
4998 	1
5001 	1
5003 	1
5005 	1
5010 	1
5011 	1
5012 	1
5013 	1
5014 	1
5015 	1
5016 	1
5017 	1
5020 	1
5025 	1
5026 	1
5030 	1
5031 	1
5033 	1
5041 	1
5042 	1
5043 	1
5044 	1
5047 	1
5050 	1
5052 	1
5053 	1
5056 	1
5057 	1
5059 	1
5060 	1
5061 	1
5066 	1
5068 	1
5072 	1
5080 	1
5087 	1
5090 	1
5092 	1
5093 	1
5094 	1
5098 	1
5100 	1
5101 	1
5103 	1
5105 	1
5106 	1
5108 	1
5110 	1
5113 	1
5114 	1
5115 	1
5118 	1
5119 	1
5120 	1
5121 	1
5122 	1
5123 	1
5126 	1
5128 	1
5129 	1
5130 	1
5132 	1
5135 	1
5138 	1
5139 	1
5140 	1
5143 	1
5146 	1
5147 	1
5148 	1
5149 	1
5155 	1
5157 	1
5160 	1
5161 	1
5162 	1
5164 	1
5166 	1
5171 	1
5174 	1
5178 	1
5184 	1
5185 	1
5186 	1
5188 	1
5193 	1
5197 	1
5200 	1
5202 	1
5204 	1
5207 	1
5208 	1
5209 	1
5210 	1
5212 	1
5213 	1
5214 	1
5216 	1
5217 	1
5219 	1
5221 	1
5227 	1
5232 	1
5233 	1
5234 	1
5236 	1
5240 	1
5241 	1
5242 	1
5246 	1
5248 	1
5249 	1
5251 	1
5252 	1
5255 	1
5260 	1
5263 	1
5264 	1
5265 	1
5266 	1
5267 	1
5268 	1
5272 	1
5275 	1
5276 	1
5278 	1
5282 	1
5283 	1
5287 	1
5292 	1
5293 	1
5297 	1
5300 	1
5302 	1
5303 	1
5306 	1
5311 	1
5312 	1
5314 	1
5321 	1
5323 	1
5324 	1
5325 	1
5326 	1
5328 	1
5330 	1
5331 	1
5332 	1
5333 	1
5337 	1
5339 	1
5340 	1
5342 	1
5344 	1
5347 	1
5351 	1
5357 	1
5360 	1
5361 	1
5363 	1
5364 	1
5365 	1
5368 	1
5371 	1
5376 	1
5377 	1
5380 	1
5381 	1
5383 	1
5384 	1
5385 	1
5387 	1
5392 	1
5393 	1
5394 	1
5395 	1
5396 	1
5398 	1
5399 	1
5400 	1
5410 	1
5412 	1
5418 	1
5419 	1
5421 	1
5423 	1
5426 	1
5429 	1
5430 	1
5433 	1
5435 	1
5439 	1
5444 	1
5445 	1
5446 	1
5447 	1
5448 	1
5454 	1
5458 	1
5459 	1
5464 	1
5465 	1
5466 	1
5470 	1
5474 	1
5478 	1
5484 	1
5485 	1
5487 	1
5492 	1
5493 	1
5494 	1
5495 	1
5497 	1
5504 	1
5509 	1
5517 	1
5520 	1
5521 	1
5522 	1
5523 	1
5524 	1
5528 	1
5529 	1
5533 	1
5541 	1
5542 	1
5549 	1
5551 	1
5559 	1
5560 	1
5562 	1
5564 	1
5565 	1
5571 	1
5572 	1
5575 	1
5579 	1
5580 	1
5581 	1
5582 	1
5584 	1
5585 	1
5586 	1
5587 	1
5589 	1
5593 	1
5595 	1
5596 	1
5599 	1
5600 	1
5612 	1
5613 	1
5617 	1
5620 	1
5624 	1
5625 	1
5629 	1
5631 	1
5632 	1
5634 	1
5635 	1
5637 	1
5639 	1
5640 	1
5642 	1
5645 	1
5648 	1
5651 	1
5656 	1
5658 	1
5663 	1
5664 	1
5665 	1
5666 	1
5669 	1
5670 	1
5672 	1
5673 	1
5674 	1
5677 	1
5678 	1
5679 	1
5682 	1
5683 	1
5684 	1
5690 	1
5694 	1
5697 	1
5700 	1
5704 	1
5707 	1
5708 	1
5710 	1
5715 	1
5720 	1
5723 	1
5726 	1
5731 	1
5733 	1
5735 	1
5736 	1
5737 	1
5738 	1
5739 	1
5743 	1
5745 	1
5746 	1
5748 	1
5750 	1
5751 	1
5753 	1
5755 	1
5756 	1
5760 	1
5763 	1
5765 	1
5766 	1
5769 	1
5770 	1
5778 	1
5779 	1
5781 	1
5784 	1
5788 	1
5791 	1
5794 	1
5795 	1
5800 	1
5801 	1
5802 	1
5803 	1
5806 	1
5807 	1
5809 	1
5810 	1
5812 	1
5815 	1
5816 	1
5818 	1
5821 	1
5822 	1
5823 	1
5829 	1
5831 	1
5833 	1
5834 	1
5835 	1
5836 	1
5844 	1
5845 	1
5846 	1
5851 	1
5852 	1
5854 	1
5855 	1
5856 	1
5858 	1
5860 	1
5867 	1
5871 	1
5872 	1
5873 	1
5875 	1
5876 	1
5885 	1
5886 	1
5887 	1
5888 	1
5890 	1
5892 	1
5894 	1
5896 	1
5897 	1
5898 	1
5899 	1
5902 	1
5904 	1
5909 	1
5920 	1
5925 	1
5926 	1
5927 	1
5930 	1
5935 	1
5936 	1
5940 	1
5942 	1
5945 	1
5948 	1
5956 	1
5957 	1
5960 	1
5961 	1
5962 	1
5963 	1
5964 	1
5965 	1
5966 	1
5968 	1
5969 	1
5970 	1
5980 	1
5981 	1
5983 	1
5986 	1
5989 	1
5990 	1
5993 	1
5998 	1
5999 	1
6000 	1
6003 	1
6006 	1
6009 	1
6010 	1
6012 	1
6016 	1
6019 	1
6021 	1
6027 	1
6034 	1
6036 	1
6037 	1
6040 	1
6045 	1
6053 	1
6057 	1
6061 	1
6062 	1
6065 	1
6067 	1
6068 	1
6070 	1
6073 	1
6077 	1
6080 	1
6083 	1
6086 	1
6090 	1
6091 	1
6094 	1
6097 	1
6102 	1
6103 	1
6104 	1
6105 	1
6107 	1
6109 	1
6111 	1
6113 	1
6115 	1
6117 	1
6118 	1
6119 	1
6125 	1
6126 	1
6132 	1
6133 	1
6136 	1
6137 	1
6138 	1
6141 	1
6142 	1
6144 	1
6145 	1
6146 	1
6149 	1
6151 	1
6152 	1
6153 	1
6154 	1
6155 	1
6157 	1
6158 	1
6168 	1
6169 	1
6170 	1
6171 	1
6172 	1
6175 	1
6177 	1
6179 	1
6181 	1
6182 	1
6183 	1
6184 	1
6188 	1
6189 	1
6190 	1
6193 	1
6194 	1
6198 	1
6200 	1
6202 	1
6203 	1
6204 	1
6205 	1
6206 	1
6209 	1
6213 	1
6214 	1
6217 	1
6218 	1
6220 	1
6221 	1
6223 	1
6224 	1
6227 	1
6229 	1
6231 	1
6234 	1
6236 	1
6239 	1
6241 	1
6242 	1
6252 	1
6253 	1
6254 	1
6256 	1
6257 	1
6258 	1
6260 	1
6262 	1
6264 	1
6265 	1
6266 	1
6267 	1
6269 	1
6272 	1
6273 	1
6274 	1
6276 	1
6278 	1
6280 	1
6281 	1
6286 	1
6288 	1
6292 	1
6295 	1
6297 	1
6299 	1
6304 	1
6306 	1
6307 	1
6308 	1
6310 	1
6311 	1
6313 	1
6318 	1
6320 	1
6321 	1
6324 	1
6325 	1
6329 	1
6331 	1
6333 	1
6334 	1
6336 	1
6338 	1
6342 	1
6346 	1
6348 	1
6353 	1
6354 	1
6355 	1
6356 	1
6357 	1
6359 	1
6360 	1
6362 	1
6366 	1
6370 	1
6372 	1
6373 	1
6374 	1
6376 	1
6379 	1
6385 	1
6389 	1
6390 	1
6391 	1
6393 	1
6395 	1
6396 	1
6397 	1
6402 	1
6405 	1
6410 	1
6413 	1
6417 	1
6420 	1
6421 	1
6422 	1
6427 	1
6428 	1
6432 	1
6435 	1
6436 	1
6437 	1
6438 	1
6441 	1
6445 	1
6446 	1
6447 	1
6452 	1
6453 	1
6456 	1
6457 	1
6459 	1
6463 	1
6464 	1
6468 	1
6470 	1
6471 	1
6473 	1
6475 	1
6476 	1
6477 	1
6479 	1
6482 	1
6483 	1
6486 	1
6487 	1
6488 	1
6492 	1
6494 	1
6496 	1
6506 	1
6507 	1
6508 	1
6511 	1
6520 	1
6522 	1
6523 	1
6525 	1
6526 	1
6527 	1
6529 	1
6531 	1
6533 	1
6537 	1
6538 	1
6542 	1
6543 	1
6544 	1
6546 	1
6547 	1
6548 	1
6550 	1
6554 	1
6558 	0.259702457956
6561 	1
6568 	1
6570 	1
6571 	1
6573 	1
6577 	1
6579 	1
6581 	1
6584 	1
6591 	1
6592 	1
6593 	1
6595 	1
6596 	1
6597 	1
6599 	1
6601 	1
6606 	1
6608 	1
6611 	1
6614 	1
6619 	1
6621 	1
6622 	1
6623 	1
6626 	1
6632 	1
6633 	1
6638 	1
6642 	1
6643 	1
6646 	1
6647 	1
6650 	1
6651 	1
6653 	1
6654 	1
6655 	1
6658 	1
6659 	1
6661 	1
6665 	1
6666 	1
6667 	1
6671 	1
6672 	1
6674 	1
6675 	1
6677 	1
6678 	1
6679 	1
6683 	1
6685 	1
6686 	1
6693 	1
6695 	1
6697 	1
6698 	1
6700 	1
6703 	1
6705 	1
6708 	1
6710 	1
6711 	1
6714 	1
6715 	1
6716 	1
6720 	1
6726 	1
6727 	1
6728 	1
6729 	1
6730 	1
6731 	1
6735 	1
6738 	1
6740 	1
6741 	1
6742 	1
6744 	1
6747 	1
6748 	1
6751 	1
6753 	1
6756 	1
6758 	1
6759 	1
6761 	1
6763 	1
6764 	1
6769 	1
6770 	1
6773 	1
6777 	1
6778 	1
6779 	1
6780 	1
6784 	1
6785 	1
6786 	1
6787 	1
6791 	1
6794 	1
6798 	1
6800 	1
6802 	1
6803 	1
6804 	1
6806 	1
6811 	1
6813 	1
6817 	1
6818 	1
6819 	1
6820 	1
6824 	1
6826 	1
6827 	1
6828 	1
6829 	1
6831 	1
6835 	1
6836 	1
6837 	1
6839 	1
6841 	1
6842 	1
6844 	1
6845 	1
6846 	1
6850 	1
6851 	1
6856 	1
6859 	1
6864 	1
6867 	1
6868 	1
6870 	1
6871 	1
6873 	1
6875 	1
6882 	1
6885 	1
6886 	1
6889 	1
6892 	1
6897 	1
6898 	1
6899 	1
6900 	1
6901 	1
6902 	1
6903 	1
6904 	1
6906 	1
6908 	1
6911 	1
6914 	1
6915 	1
6916 	1
6921 	1
6922 	1
6923 	1
6925 	1
6931 	1
6933 	1
6936 	1
6937 	1
6938 	1
6939 	1
6940 	1
6941 	1
6942 	1
6943 	1
6950 	1
6952 	1
6954 	1
6955 	1
6958 	1
6961 	1
6962 	1
6963 	1
6965 	1
6967 	1
6968 	1
6971 	1
6975 	1
6976 	1
6979 	1
6981 	1
6990 	1
6991 	1
6992 	1
6993 	1
7000 	1
7002 	1
7003 	1
7004 	1
7007 	1
7010 	1
7012 	1
7013 	1
7016 	1
7018 	1
7021 	1
7025 	1
7030 	1
7032 	1
7033 	1
7038 	1
7042 	1
7044 	1
7045 	1
7046 	1
7048 	1
7050 	1
7052 	1
7054 	1
7055 	1
7058 	1
7064 	1
7065 	1
7066 	1
7069 	1
7070 	1
7071 	1
7072 	1
7073 	1
7074 	1
7078 	1
7079 	1
7080 	1
7081 	1
7085 	1
7087 	1
7090 	1
7091 	1
7092 	1
7094 	1
7095 	1
7097 	1
7099 	1
7100 	1
7102 	1
7104 	1
7106 	1
7109 	1
7110 	1
7111 	1
7113 	1
7114 	1
7116 	1
7117 	1
7120 	1
7122 	1
7123 	1
7124 	1
7129 	1
7130 	1
7132 	1
7141 	1
7142 	1
7145 	1
7149 	1
7152 	1
7153 	1
7156 	1
7162 	1
7164 	1
7165 	1
7166 	1
7167 	1
7170 	1
7171 	1
7172 	1
7173 	1
7176 	1
7179 	1
7180 	1
7181 	1
7183 	1
7185 	1
7186 	1
7187 	1
7189 	1
7194 	1
7197 	1
7202 	1
7204 	1
7205 	1
7207 	1
7208 	1
7209 	1
7219 	1
7220 	1
7223 	1
7227 	1
7231 	1
7233 	1
7234 	1
7235 	1
7236 	1
7238 	1
7241 	1
7242 	1
7243 	1
7244 	1
7247 	1
7249 	1
7250 	1
7254 	1
7256 	1
7258 	1
7262 	1
7264 	1
7268 	1
7269 	1
7271 	1
7272 	1
7275 	1
7277 	1
7284 	1
7285 	1
7286 	1
7290 	1
7291 	1
7294 	1
7297 	1
7300 	1
7305 	1
7315 	1
7317 	1
7318 	1
7319 	1
7320 	1
7321 	1
7323 	1
7324 	1
7327 	1
7328 	1
7329 	1
7330 	1
7331 	1
7332 	1
7338 	1
7344 	1
7345 	1
7346 	1
7347 	1
7348 	1
7351 	1
7354 	1
7358 	1
7359 	1
7361 	1
7362 	1
7363 	1
7365 	1
7367 	1
7369 	1
7370 	1
7379 	1
7380 	1
7381 	1
7383 	1
7385 	1
7389 	1
7393 	1
7394 	1
7395 	1
7398 	1
7399 	1
7401 	1
7404 	1
7405 	1
7406 	1
7407 	1
7408 	1
7410 	1
7411 	1
7412 	1
7413 	1
7419 	1
7420 	1
7421 	1
7425 	1
7428 	1
7430 	1
7431 	1
7435 	1
7438 	1
7443 	1
7447 	1
7451 	1
7453 	1
7454 	1
7455 	1
7456 	1
7462 	1
7463 	1
7464 	1
7465 	1
7466 	1
7467 	1
7468 	1
7470 	1
7472 	1
7473 	1
7483 	1
7486 	1
7487 	1
7488 	1
7491 	1
7498 	1
7502 	1
7508 	1
7513 	1
7514 	1
7520 	1
7521 	1
7522 	1
7530 	1
7531 	1
7532 	1
7533 	1
7536 	1
7537 	1
7538 	1
7539 	1
7540 	1
7547 	1
7549 	1
7550 	1
7554 	1
7556 	1
7558 	1
7559 	1
7562 	1
7572 	1
7573 	1
7574 	1
7575 	1
7578 	1
7581 	1
7582 	1
7584 	1
7586 	1
7587 	1
7590 	1
7594 	1
7597 	1
7598 	1
7607 	1
7608 	1
7609 	1
7611 	1
7612 	1
7616 	1
7619 	1
7626 	1
7630 	1
7633 	1
7635 	1
7637 	1
7638 	1
7640 	1
7641 	1
7642 	1
7645 	1
7646 	1
7647 	1
7652 	1
7653 	1
7655 	1
7657 	1
7660 	1
7662 	1
7665 	1
7666 	1
7667 	1
7669 	1
7671 	1
7673 	1
7674 	1
7676 	1
7677 	1
7678 	1
7679 	1
7680 	1
7682 	1
7684 	1
7685 	1
7687 	1
7690 	1
7692 	1
7693 	1
7695 	1
7696 	1
7698 	1
7699 	1
7701 	1
7703 	1
7704 	1
7705 	1
7709 	1
7710 	1
7713 	1
7714 	1
7717 	1
7719 	1
7720 	1
7723 	1
7725 	1
7727 	1
7728 	1
7730 	1
7731 	1
7733 	1
7734 	1
7735 	1
7736 	1
7738 	1
7741 	1
7749 	1
7750 	1
7752 	1
7753 	1
7755 	1
7756 	1
7758 	1
7760 	1
7761 	1
7763 	1
7764 	1
7766 	1
7767 	1
7768 	1
7769 	1
7770 	1
7772 	1
7773 	1
7777 	1
7780 	1
7784 	1
7785 	1
7786 	1
7794 	1
7807 	1
7808 	1
7812 	1
7814 	1
7815 	1
7817 	1
7818 	1
7822 	1
7823 	1
7824 	1
7826 	1
7830 	1
7835 	1
7838 	1
7839 	1
7841 	1
7843 	1
7844 	1
7846 	1
7848 	1
7849 	1
7851 	1
7854 	1
7855 	1
7856 	1
7858 	1
7860 	1
7863 	1
7864 	1
7866 	1
7868 	1
7869 	1
7870 	1
7872 	1
7875 	1
7878 	1
7883 	1
7884 	1
7891 	1
7893 	1
7896 	1
7898 	1
7900 	1
7901 	1
7902 	1
7904 	1
7905 	1
7906 	1
7907 	1
7908 	1
7909 	1
7910 	1
7913 	1
7914 	1
7915 	1
7917 	1
7918 	1
7922 	1
7924 	1
7925 	1
7927 	1
7928 	1
7929 	1
7931 	1
7932 	1
7935 	1
7936 	1
7937 	1
7940 	1
7941 	1
7943 	1
7947 	1
7948 	1
7950 	1
7952 	1
7953 	1
7954 	1
7955 	1
7956 	1
7957 	1
7960 	1
7962 	1
7963 	1
7966 	1
7969 	1
7970 	1
7971 	1
7976 	1
7977 	1
7979 	1
7980 	1
7981 	1
7983 	1
7987 	1
7993 	1
7995 	1
8003 	1
8004 	1
8005 	1
8007 	1
8008 	1
8010 	1
8017 	1
8019 	1
8021 	1
8023 	1
8026 	1
8027 	1
8029 	1
8031 	1
8032 	1
8033 	1
8037 	1
8038 	1
8041 	1
8043 	1
8044 	1
8045 	1
8047 	1
8049 	1
8050 	1
8051 	1
8052 	1
8053 	1
8054 	1
8055 	1
8057 	1
8058 	1
8060 	1
8061 	1
8066 	1
8069 	1
8077 	1
8080 	1
8085 	1
8086 	1
8089 	1
8094 	1
8097 	1
8098 	1
8099 	1
8100 	1
8101 	1
8104 	1
8106 	1
8115 	1
8116 	1
8119 	1
8122 	1
8125 	1
8127 	1
8132 	1
8134 	1
8136 	1
8139 	1
8140 	1
8142 	1
8144 	1
8146 	1
8147 	1
8155 	1
8160 	1
8162 	1
8163 	1
8164 	1
8165 	1
8166 	1
8167 	1
8170 	1
8171 	1
8172 	1
8175 	1
8176 	1
8180 	1
8181 	1
8182 	1
8183 	1
8184 	1
8186 	1
8187 	1
8190 	1
8193 	1
8195 	1
8202 	1
8203 	1
8204 	1
8206 	1
8209 	1
8212 	1
8215 	1
8217 	1
8219 	1
8221 	1
8222 	1
8223 	1
8227 	1
8230 	1
8234 	1
8236 	1
8237 	1
8238 	1
8240 	1
8241 	1
8242 	1
8244 	1
8245 	1
8246 	1
8247 	1
8248 	1
8249 	1
8250 	1
8253 	1
8257 	1
8258 	1
8259 	1
8270 	1
8271 	1
8273 	1
8274 	1
8277 	1
8280 	1
8286 	1
8289 	1
8291 	1
8292 	1
8298 	1
8299 	1
8300 	1
8302 	1
8303 	1
8304 	1
8306 	1
8307 	1
8308 	1
8311 	1
8313 	1
8316 	1
8318 	1
8321 	1
8323 	1
8324 	1
8325 	1
8326 	1
8327 	1
8328 	1
8332 	1
8333 	1
8335 	1
8337 	1
8338 	1
8343 	1
8346 	1
8347 	1
8351 	1
8354 	1
8355 	1
8357 	1
8358 	1
8361 	1
8363 	1
8364 	1
8366 	1
8368 	1
8369 	1
8370 	1
8374 	1
8376 	1
8377 	1
8379 	1
8385 	1
8387 	1
8394 	1
8396 	1
8397 	1
8398 	1
8403 	1
8404 	1
8408 	1
8412 	1
8413 	1
8414 	1
8416 	1
8418 	1
8420 	1
8421 	1
8423 	1
8427 	1
8428 	1
8429 	1
8433 	1
8434 	1
8435 	1
8436 	1
8438 	1
8441 	1
8442 	1
8443 	1
8446 	1
8448 	1
8452 	1
8453 	1
8454 	1
8458 	1
8462 	1
8463 	1
8465 	1
8467 	1
8474 	1
8475 	1
8477 	1
8478 	1
8479 	1
8480 	1
8481 	1
8482 	1
8484 	1
8488 	1
8490 	1
8492 	1
8493 	1
8494 	1
8495 	1
8499 	1
8502 	1
8504 	1
8507 	1
8508 	1
8512 	1
8515 	1
8516 	1
8517 	1
8522 	1
8530 	1
8532 	1
8533 	1
8535 	1
8536 	1
8539 	1
8540 	1
8541 	1
8542 	1
8545 	1
8546 	1
8547 	1
8549 	1
8550 	1
8555 	1
8556 	1
8557 	1
8558 	1
8560 	1
8564 	1
8565 	1
8566 	1
8567 	1
8568 	1
8570 	1
8571 	1
8572 	1
8577 	1
8581 	1
8582 	1
8585 	1
8586 	1
8590 	1
8594 	1
8595 	1
8599 	1
8600 	1
8601 	1
8602 	1
8604 	1
8606 	1
8607 	1
8608 	1
8609 	1
8610 	1
8616 	1
8617 	1
8618 	1
8619 	1
8620 	1
8621 	1
8622 	1
8626 	1
8628 	1
8632 	1
8635 	1
8636 	1
8637 	1
8642 	1
8646 	1
8648 	1
8651 	1
8652 	1
8653 	1
8654 	1
8658 	1
8660 	1
8662 	1
8663 	1
8664 	1
8666 	1
8667 	1
8668 	1
8671 	1
8673 	1
8682 	1
8686 	1
8688 	1
8689 	1
8691 	1
8697 	1
8701 	1
8702 	1
8703 	1
8704 	1
8706 	1
8707 	1
8708 	1
8709 	1
8714 	1
8718 	1
8719 	1
8722 	1
8724 	1
8727 	1
8728 	1
8732 	1
8733 	1
8735 	1
8738 	1
8739 	1
8741 	1
8743 	1
8745 	1
8749 	1
8750 	1
8752 	1
8753 	1
8758 	1
8759 	1
8761 	1
8763 	1
8764 	1
8767 	1
8769 	1
8770 	1
8774 	1
8777 	1
8780 	1
8781 	1
8787 	1
8790 	1
8792 	1
8797 	1
8802 	1
8803 	1
8805 	1
8812 	1
8814 	1
8816 	1
8817 	1
8823 	1
8825 	1
8827 	1
8829 	1
8830 	1
8834 	1
8836 	1
8839 	1
8841 	1
8842 	1
8845 	1
8847 	1
8849 	1
8851 	1
8855 	1
8856 	1
8857 	1
8867 	1
8872 	1
8873 	1
8874 	1
8875 	1
8877 	1
8880 	1
8881 	1
8887 	1
8889 	1
8892 	1
8894 	1
8895 	1
8896 	1
8897 	1
8898 	1
8901 	1
8902 	1
8906 	1
8908 	1
8911 	1
8914 	1
8915 	1
8917 	1
8918 	1
8922 	1
8923 	1
8929 	1
8931 	1
8933 	1
8935 	1
8936 	1
8947 	1
8949 	1
8953 	1
8954 	1
8955 	1
8960 	1
8963 	1
8966 	1
8967 	1
8969 	1
8972 	1
8974 	1
8975 	1
8976 	1
8977 	1
8983 	1
8987 	1
8990 	1
8991 	1
8996 	1
8998 	1
9000 	1
9003 	1
9004 	1
9007 	1
9008 	1
9009 	1
9010 	1
9016 	1
9017 	1
9018 	1
9019 	1
9020 	1
9021 	1
9022 	1
9023 	1
9024 	1
9025 	1
9026 	1
9029 	1
9034 	1
9043 	1
9045 	1
9048 	1
9049 	1
9054 	1
9056 	1
9058 	1
9059 	1
9060 	1
9064 	1
9065 	1
9070 	1
9072 	1
9081 	1
9082 	1
9083 	1
9084 	1
9090 	1
9095 	1
9099 	1
9101 	1
9103 	1
9104 	1
9105 	1
9108 	1
9110 	1
9111 	1
9112 	1
9114 	1
9116 	1
9117 	1
9119 	1
9125 	1
9126 	1
9128 	1
9130 	1
9131 	1
9136 	1
9137 	1
9139 	1
9144 	1
9145 	1
9147 	1
9149 	1
9151 	1
9154 	1
9155 	1
9157 	1
9158 	1
9159 	1
9162 	1
9163 	1
9164 	1
9165 	1
9169 	1
9171 	1
9172 	1
9173 	1
9175 	1
9176 	1
9179 	1
9180 	1
9181 	1
9182 	1
9184 	1
9186 	1
9187 	1
9189 	1
9191 	1
9195 	1
9198 	1
9200 	1
9205 	1
9209 	1
9211 	1
9212 	1
9215 	1
9219 	1
9226 	1
9228 	1
9229 	1
9230 	1
9231 	1
9233 	1
9234 	1
9235 	1
9240 	1
9245 	1
9248 	1
9249 	1
9254 	1
9256 	1
9257 	1
9258 	1
9261 	1
9262 	1
9267 	1
9270 	1
9274 	1
9276 	1
9277 	1
9282 	1
9284 	1
9286 	1
9290 	1
9291 	1
9297 	1
9298 	1
9299 	1
9301 	1
9302 	1
9303 	1
9304 	1
9305 	1
9306 	1
9308 	1
9310 	1
9313 	1
9316 	1
9317 	1
9319 	1
9320 	1
9324 	1
9326 	1
9328 	1
9330 	1
9332 	1
9335 	1
9336 	1
9337 	1
9338 	1
9339 	1
9340 	1
9342 	1
9346 	1
9347 	1
9348 	1
9354 	1
9359 	1
9360 	1
9362 	1
9364 	1
9369 	1
9371 	1
9374 	1
9375 	1
9376 	1
9378 	1
9379 	1
9382 	1
9383 	1
9384 	1
9385 	1
9387 	1
9388 	1
9389 	1
9390 	1
9391 	1
9392 	1
9393 	1
9394 	1
9396 	1
9399 	1
9401 	1
9403 	1
9405 	1
9406 	1
9408 	1
9409 	1
9410 	1
9412 	1
9413 	1
9414 	1
9417 	1
9418 	1
9419 	1
9426 	1
9428 	1
9429 	1
9431 	1
9434 	1
9437 	1
9439 	1
9440 	1
9441 	1
9443 	1
9446 	1
9447 	1
9448 	1
9449 	1
9453 	1
9454 	1
9455 	1
9458 	1
9460 	1
9461 	1
9462 	1
9464 	1
9466 	1
9468 	1
9474 	1
9477 	1
9478 	1
9480 	1
9484 	1
9485 	1
9486 	1
9487 	1
9489 	1
9491 	1
9495 	1
9501 	1
9503 	1
9505 	1
9508 	1
9511 	1
9514 	1
9515 	1
9516 	1
9518 	1
9523 	1
9524 	1
9526 	1
9527 	1
9529 	1
9530 	1
9535 	1
9536 	1
9537 	1
9539 	1
9541 	1
9542 	1
9544 	1
9545 	1
9548 	1
9551 	1
9553 	1
9558 	1
9564 	1
9566 	1
9568 	1
9571 	1
9573 	1
9574 	1
9576 	1
9579 	1
9580 	1
9584 	1
9589 	1
9590 	1
9592 	1
9593 	1
9600 	1
9602 	1
9608 	1
9609 	1
9611 	1
9612 	1
9617 	1
9618 	1
9619 	1
9623 	1
9626 	1
9627 	1
9628 	1
9629 	1
9631 	1
9632 	1
9633 	1
9635 	1
9636 	1
9637 	1
9642 	1
9645 	1
9646 	1
9647 	1
9650 	1
9654 	1
9657 	1
9658 	1
9659 	1
9662 	1
9664 	1
9665 	1
9666 	1
9670 	1
9671 	1
9672 	1
9676 	1
9677 	1
9682 	1
9683 	1
9685 	1
9688 	1
9690 	1
9703 	1
9707 	1
9708 	1
9710 	1
9711 	1
9713 	1
9716 	1
9719 	1
9720 	1
9723 	1
9724 	1
9726 	1
9727 	1
9729 	1
9730 	1
9731 	1
9732 	1
9733 	1
9737 	1
9739 	1
9743 	1
9745 	1
9746 	1
9747 	1
9748 	1
9749 	1
9751 	1
9752 	1
9755 	1
9758 	1
9759 	1
9761 	1
9767 	1
9769 	1
9776 	1
9780 	1
9781 	1
9784 	1
9790 	1
9794 	1
9795 	1
9796 	1
9799 	1
9800 	1
9804 	1
9805 	1
9806 	1
9808 	1
9809 	1
9810 	1
9812 	1
9813 	1
9814 	1
9815 	1
9816 	1
9821 	1
9822 	1
9823 	1
9824 	1
9826 	1
9830 	1
9831 	1
9832 	1
9835 	1
9838 	1
9842 	1
9844 	1
9847 	1
9852 	1
9853 	1
9855 	1
9856 	1
9860 	1
9862 	1
9864 	1
9866 	1
9867 	1
9868 	1
9869 	1
9870 	1
9874 	1
9875 	1
9877 	1
9879 	1
9880 	1
9882 	1
9888 	1
9891 	1
9895 	1
9900 	1
9901 	1
9903 	1
9905 	1
9908 	1
9909 	1
9910 	1
9911 	1
9912 	1
9915 	1
9917 	1
9921 	1
9922 	1
9926 	1
9929 	1
9937 	1
9939 	1
9940 	1
9943 	1
9946 	1
9948 	1
9955 	1
9960 	1
9962 	1
9963 	1
9964 	1
9965 	1
9967 	1
9968 	1
9969 	1
9970 	1
9972 	1
9974 	1
9975 	1
9976 	1
9977 	1
9979 	1
9981 	1
9983 	1
9984 	1
9992 	1
9993 	1
9995 	1
9996 	1
9997 	1
10001 	1
10002 	1
10003 	1
10005 	1
10006 	1
10011 	1
10016 	1
10018 	1
10020 	1
10022 	1
10024 	1
10025 	1
10027 	1
10028 	1
10029 	1
10031 	1
10033 	1
10034 	1
10036 	1
10037 	1
10038 	1
10040 	1
10041 	1
10043 	1
10045 	1
10046 	1
10047 	1
10048 	1
10049 	1
10053 	1
10055 	1
10057 	1
10058 	1
10059 	1
10061 	1
10064 	1
10067 	1
10074 	1
10075 	1
10076 	1
10078 	1
10079 	1
10080 	1
10081 	1
10086 	1
10088 	1
10089 	1
10094 	1
10098 	1
10100 	1
10105 	1
10107 	1
10112 	1
10117 	1
10118 	1
10119 	1
10122 	1
10127 	1
10131 	1
10134 	1
10137 	1
10139 	1
10141 	1
10144 	1
10147 	1
10149 	1
10150 	1
10151 	1
10153 	1
10154 	1
10159 	1
10161 	1
10162 	1
10163 	1
10164 	1
10167 	1
10171 	1
10173 	1
10174 	1
10175 	1
10177 	1
10179 	1
10180 	1
10183 	1
10184 	1
10187 	1
10188 	1
10189 	1
10191 	1
10195 	1
10200 	1
10203 	1
10206 	1
10214 	1
10216 	1
10217 	1
10220 	1
10222 	1
10225 	1
10228 	1
10230 	1
10234 	1
10236 	1
10237 	1
10240 	1
10241 	1
10242 	1
10244 	1
10245 	1
10246 	1
10247 	1
10248 	1
10259 	1
10261 	1
10262 	1
10263 	1
10266 	1
10267 	1
10281 	1
10289 	1
10291 	1
10292 	1
10293 	1
10295 	1
10297 	1
10299 	1
10300 	1
10302 	1
10305 	1
10306 	1
10308 	1
10310 	1
10313 	1
10315 	1
10319 	1
10321 	1
10322 	1
10323 	1
10324 	1
10325 	1
10327 	1
10328 	1
10331 	1
10332 	1
10334 	1
10336 	1
10340 	1
10343 	1
10344 	1
10346 	1
10350 	1
10352 	1
10353 	1
10354 	1
10357 	1
10358 	1
10360 	1
10361 	1
10363 	1
10365 	1
10366 	1
10367 	1
10369 	1
10371 	1
10373 	1
10375 	1
10376 	1
10377 	1
10378 	1
10379 	1
10380 	1
10382 	1
10383 	1
10387 	1
10389 	1
10390 	1
10391 	1
10394 	1
10399 	1
10405 	1
10408 	1
10419 	1
10425 	1
10426 	1
10428 	1
10430 	1
10432 	1
10433 	1
10434 	1
10443 	1
10447 	1
10450 	1
10452 	1
10455 	1
10456 	1
10457 	1
10458 	1
10460 	1
10463 	1
10465 	1
10466 	1
10467 	1
10468 	1
10469 	1
10470 	1
10471 	1
10472 	1
10475 	1
10476 	1
10477 	1
10481 	1
10482 	1
10483 	1
10484 	1
10485 	1
10489 	1
10490 	1
10491 	1
10494 	1
10495 	1
10498 	1
10501 	1
10505 	1
10506 	1
10509 	1
10510 	1
10514 	1
10516 	1
10517 	1
10520 	1
10522 	1
10525 	1
10526 	1
10527 	1
10530 	1
10536 	1
10542 	1
10545 	1
10547 	1
10550 	1
10552 	1
10553 	1
10554 	1
10558 	1
10559 	1
10560 	1
10562 	1
10563 	1
10567 	1
10568 	1
10569 	1
10570 	1
10574 	1
10575 	1
10582 	1
10583 	1
10585 	1
10586 	1
10587 	1
10592 	1
10595 	1
10596 	1
10600 	1
10603 	1
10605 	1
10606 	1
10607 	1
10608 	1
10610 	1
10612 	1
10616 	1
10619 	1
10621 	1
10623 	1
10626 	1
10627 	1
10629 	1
10630 	1
10631 	1
10636 	1
10638 	1
10639 	1
10643 	1
10644 	1
10645 	1
10650 	1
10651 	1
10654 	1
10656 	1
10657 	1
10658 	1
10659 	1
10663 	1
10664 	1
10666 	1
10669 	1
10672 	1
10676 	1
10682 	1
10684 	1
10686 	1
10688 	1
10689 	1
10692 	1
10693 	1
10698 	1
10702 	1
10703 	1
10704 	1
10708 	1
10709 	1
10710 	1
10712 	1
10715 	1
10716 	1
10721 	1
10722 	1
10723 	1
10728 	1
10729 	1
10731 	1
10732 	1
10733 	1
10735 	1
10736 	1
10739 	1
10740 	1
10741 	1
10742 	1
10746 	1
10747 	1
10750 	1
10751 	1
10753 	1
10755 	1
10758 	1
10759 	1
10761 	1
10765 	1
10767 	1
10768 	1
10771 	1
10773 	1
10775 	1
10776 	1
10778 	1
10779 	1
10780 	1
10787 	1
10789 	1
10790 	1
10791 	1
10792 	1
10794 	1
10797 	1
10798 	1
10803 	1
10805 	1
10808 	1
10809 	1
10813 	1
10817 	1
10819 	1
10820 	1
10822 	1
10825 	1
10828 	1
10829 	1
10830 	1
10835 	1
10836 	1
10837 	1
10839 	1
10841 	1
10842 	1
10845 	1
10846 	1
10847 	1
10850 	1
10855 	1
10857 	1
10859 	1
10861 	1
10864 	1
10865 	1
10869 	1
10873 	1
10874 	1
10875 	1
10876 	1
10880 	1
10882 	1
10884 	1
10885 	1
10887 	1
10888 	1
10889 	1
10891 	1
10895 	1
10896 	1
10898 	1
10899 	1
10900 	1
10901 	1
10903 	1
10907 	1
10908 	1
10910 	1
10913 	1
10914 	1
10915 	1
10917 	1
10918 	1
10919 	1
10922 	1
10926 	1
10928 	1
10935 	1
10951 	1
10953 	1
10954 	1
10955 	1
10956 	1
10957 	1
10958 	1
10959 	1
10961 	1
10968 	1
10970 	1
10975 	1
10976 	1
10977 	1
10978 	1
10979 	1
10980 	1
10981 	1
10983 	1
10984 	1
10985 	1
10987 	1
10988 	1
10989 	1
10991 	1
10992 	1
10994 	1
10996 	1
10999 	1
11002 	1
11006 	1
11008 	1
11012 	1
11013 	1
11014 	1
11015 	1
11016 	1
11017 	1
11022 	1
11023 	1
11026 	1
11027 	1
11028 	1
11031 	1
11032 	1
11033 	1
11035 	1
11036 	1
11039 	1
11040 	1
11041 	1
11045 	1
11047 	1
11048 	1
11049 	1
11058 	1
11059 	1
11061 	1
11062 	1
11063 	1
11064 	1
11072 	1
11073 	1
11075 	1
11076 	1
11078 	1
11079 	1
11081 	1
11084 	1
11086 	1
11088 	1
11090 	1
11091 	1
11092 	1
11098 	1
11100 	1
11102 	1
11105 	1
11106 	1
11108 	1
11109 	1
11110 	1
11113 	1
11114 	1
11116 	1
11119 	1
11120 	1
11125 	1
11128 	1
11134 	1
11135 	1
11137 	1
11139 	1
11140 	1
11143 	1
11146 	1
11147 	1
11151 	1
11156 	1
11159 	1
11162 	1
11163 	1
11164 	1
11166 	1
11168 	1
11171 	1
11176 	1
11177 	1
11185 	1
11186 	1
11192 	1
11196 	1
11201 	1
11202 	1
11208 	1
11209 	1
11210 	1
11215 	1
11217 	1
11221 	1
11223 	1
11224 	1
11225 	1
11227 	1
11228 	1
11231 	1
11235 	1
11236 	1
11238 	1
11239 	1
11240 	1
11241 	1
11242 	1
11243 	1
11245 	1
11247 	1
11248 	1
11250 	1
11252 	1
11255 	1
11261 	1
11263 	1
11265 	1
11269 	1
11270 	1
11271 	1
11272 	1
11275 	1
11278 	1
11279 	1
11280 	1
11281 	1
11282 	1
11283 	1
11284 	1
11291 	1
11294 	1
11296 	1
11298 	1
11299 	1
11300 	1
11304 	1
11305 	1
11307 	1
11309 	1
11312 	1
11314 	1
11316 	1
11319 	1
11321 	1
11322 	1
11323 	1
11324 	1
11325 	1
11326 	1
11327 	1
11328 	1
11329 	1
11331 	1
11334 	1
11335 	1
11336 	1
11339 	1
11345 	1
11347 	1
11350 	1
11351 	1
11354 	1
11355 	1
11356 	1
11357 	1
11358 	1
11362 	1
11364 	1
11365 	1
11366 	1
11371 	1
11372 	1
11375 	1
11377 	1
11378 	1
11379 	1
11380 	1
11383 	1
11387 	1
11391 	1
11392 	1
11394 	1
11395 	1
11398 	1
11400 	1
11407 	1
11409 	1
11410 	1
11411 	1
11412 	1
11413 	1
11415 	1
11417 	1
11418 	1
11419 	1
11421 	1
11423 	1
11424 	1
11425 	1
11428 	1
11430 	1
11432 	1
11433 	1
11434 	1
11437 	1
11438 	1
11439 	1
11441 	1
11444 	1
11445 	1
11446 	1
11448 	1
11452 	1
11455 	1
11461 	1
11465 	1
11469 	1
11472 	1
11474 	1
11475 	1
11476 	1
11481 	1
11482 	1
11484 	1
11485 	1
11486 	1
11487 	1
11492 	1
11494 	1
11495 	1
11501 	1
11502 	1
11505 	1
11508 	1
11509 	1
11510 	1
11518 	1
11521 	1
11525 	1
11527 	1
11529 	1
11531 	1
11533 	1
11539 	1
11546 	1
11547 	1
11549 	1
11550 	1
11553 	1
11554 	1
11557 	1
11558 	1
11559 	1
11560 	1
11563 	1
11564 	1
11565 	1
11568 	1
11569 	1
11575 	1
11577 	1
11579 	1
11581 	1
11585 	1
11589 	1
11591 	1
11602 	1
11607 	1
11608 	1
11609 	1
11612 	1
11613 	1
11615 	1
11616 	1
11617 	1
11619 	1
11620 	1
11624 	1
11631 	1
11638 	1
11640 	1
11641 	1
11644 	1
11646 	1
11647 	1
11649 	1
11650 	1
11659 	1
11662 	1
11667 	1
11668 	1
11670 	1
11672 	1
11678 	1
11685 	1
11688 	1
11690 	1
11691 	1
11692 	1
11693 	1
11697 	1
11698 	1
11699 	1
11700 	1
11702 	1
11704 	1
11705 	1
11706 	1
11707 	1
11709 	1
11711 	1
11714 	1
11719 	1
11721 	1
11726 	1
11727 	1
11729 	1
11731 	1
11732 	1
11734 	1
11737 	1
11747 	1
11749 	1
11751 	1
11754 	1
11757 	1
11758 	1
11759 	1
11760 	1
11761 	1
11762 	1
11766 	1
11768 	1
11770 	1
11774 	1
11777 	1
11780 	1
11782 	1
11783 	1
11787 	1
11789 	1
11796 	1
11797 	1
11799 	1
11802 	1
11803 	1
11805 	1
11807 	1
11809 	1
11810 	1
11811 	1
11812 	1
11813 	1
11814 	1
11815 	1
11816 	1
11820 	1
11828 	1
11834 	1
11837 	1
11848 	1
11850 	1
11851 	1
11852 	1
11856 	1
11857 	1
11861 	1
11862 	1
11864 	1
11865 	1
11866 	1
11869 	1
11874 	1
11876 	1
11879 	1
11880 	1
11881 	1
11884 	1
11886 	1
11890 	1
11892 	1
11893 	1
11895 	1
11898 	1
11899 	1
11902 	1
11905 	1
11907 	1
11908 	1
11912 	1
11913 	1
11914 	1
11915 	1
11917 	1
11923 	1
11925 	1
11927 	1
11929 	1
11931 	1
11933 	1
11935 	1
11937 	1
11938 	1
11939 	1
11940 	1
11946 	1
11949 	1
11953 	1
11954 	1
11960 	1
11967 	1
11969 	1
11972 	1
11975 	1
11978 	1
11981 	1
11982 	1
11983 	1
11984 	1
11986 	1
11988 	1
11989 	1
11990 	1
11992 	1
11993 	1
11994 	1
11998 	1
11999 	1
12000 	1
12003 	1
12004 	1
12005 	1
12007 	1
12010 	1
12011 	1
12015 	1
12018 	1
12019 	1
12020 	1
12021 	1
12024 	1
12025 	1
12032 	1
12034 	1
12036 	1
12037 	1
12038 	1
12042 	1
12043 	1
12048 	1
12050 	1
12051 	1
12052 	1
12054 	1
12055 	1
12056 	1
12057 	1
12059 	1
12061 	1
12064 	1
12073 	1
12076 	1
12079 	1
12081 	1
12082 	1
12083 	1
12084 	1
12086 	1
12087 	1
12088 	1
12094 	1
12095 	1
12104 	1
12105 	1
12106 	1
12108 	1
12114 	1
12115 	1
12118 	1
12124 	1
12127 	1
12128 	1
12130 	1
12131 	1
12132 	1
12134 	1
12135 	1
12139 	1
12143 	1
12146 	1
12149 	1
12150 	1
12151 	1
12155 	1
12157 	1
12159 	1
12169 	1
12171 	1
12172 	1
12174 	1
12176 	1
12182 	1
12183 	1
12184 	1
12186 	1
12192 	1
12194 	1
12195 	1
12196 	1
12197 	1
12198 	1
12199 	1
12200 	1
12205 	1
12208 	1
12210 	1
12211 	1
12213 	1
12214 	1
12217 	1
12219 	1
12222 	1
12225 	1
12231 	1
12232 	1
12238 	1
12239 	1
12241 	1
12244 	1
12245 	1
12247 	1
12251 	1
12258 	1
12263 	1
12264 	1
12267 	1
12274 	1
12275 	1
12276 	1
12282 	1
12283 	1
12286 	1
12287 	1
12291 	1
12292 	1
12293 	1
12297 	1
12302 	1
12303 	1
12304 	1
12306 	1
12309 	1
12315 	1
12324 	1
12325 	1
12330 	1
12336 	1
12338 	1
12340 	1
12347 	1
12348 	1
12351 	1
12353 	1
12355 	1
12357 	1
12358 	1
12364 	1
12365 	1
12367 	1
12368 	1
12369 	1
12371 	1
12374 	1
12375 	1
12376 	1
12384 	1
12385 	1
12388 	1
12390 	1
12392 	1
12393 	1
12394 	1
12395 	1
12396 	1
12398 	1
12401 	1
12404 	1
12414 	1
12415 	1
12419 	1
12421 	1
12423 	1
12425 	1
12429 	1
12431 	1
12434 	1
12435 	1
12437 	1
12440 	1
12441 	1
12442 	1
12444 	1
12445 	1
12450 	1
12452 	1
12453 	1
12454 	1
12455 	1
12458 	1
12461 	1
12462 	1
12463 	1
12473 	1
12475 	1
12478 	1
12479 	1
12480 	1
12483 	1
12484 	1
12488 	1
12489 	1
12492 	1
12495 	1
12497 	1
12500 	1
12508 	1
12510 	1
12513 	1
12514 	1
12515 	1
12516 	1
12518 	1
12519 	1
12520 	1
12522 	1
12523 	1
12526 	1
12527 	1
12528 	1
12534 	1
12536 	1
12538 	1
12539 	1
12541 	1
12542 	1
12545 	1
12553 	1
12554 	1
12560 	1
12561 	1
12562 	1
12566 	1
12568 	1
12569 	1
12571 	1
12572 	1
12574 	1
12578 	1
12580 	1
12582 	1
12583 	1
12585 	1
12589 	1
12591 	1
12593 	1
12595 	1
12597 	1
12599 	1
12600 	1
12601 	1
12605 	1
12608 	1
12614 	1
12616 	1
12617 	1
12618 	1
12619 	1
12620 	1
12621 	1
12624 	1
12628 	1
12629 	1
12631 	1
12635 	1
12638 	1
12640 	1
12641 	1
12644 	1
12648 	1
12650 	1
12652 	1
12653 	1
12658 	1
12659 	1
12660 	1
12663 	1
12665 	1
12670 	1
12673 	1
12675 	1
12677 	1
12682 	1
12683 	1
12684 	1
12686 	1
12688 	1
12690 	1
12692 	1
12694 	1
12696 	1
12698 	1
12700 	1
12702 	1
12703 	1
12705 	1
12708 	1
12709 	1
12711 	1
12712 	1
12714 	1
12717 	1
12720 	1
12721 	1
12722 	1
12725 	1
12727 	1
12728 	1
12731 	1
12733 	1
12734 	1
12736 	1
12737 	1
12738 	1
12741 	1
12742 	1
12743 	1
12745 	1
12746 	1
12747 	1
12751 	1
12754 	1
12755 	1
12757 	1
12759 	1
12760 	1
12761 	1
12763 	1
12766 	1
12768 	1
12769 	1
12775 	1
12777 	1
12779 	1
12783 	1
12787 	1
12791 	1
12795 	1
12797 	1
12798 	1
12799 	1
12803 	1
12805 	1
12806 	1
12807 	1
12809 	1
12814 	1
12818 	1
12819 	1
12821 	1
12822 	1
12824 	1
12826 	1
12827 	1
12828 	1
12829 	1
12830 	1
12832 	1
12834 	1
12835 	1
12838 	1
12844 	1
12845 	1
12850 	1
12852 	1
12855 	1
12856 	1
12857 	1
12858 	1
12859 	1
12860 	1
12862 	1
12866 	1
12871 	1
12878 	1
12880 	1
12881 	1
12882 	1
12885 	1
12887 	1
12888 	1
12889 	1
12891 	1
12893 	1
12896 	1
12897 	1
12899 	1
12900 	1
12903 	1
12906 	1
12908 	1
12910 	1
12913 	1
12915 	1
12917 	1
12919 	1
12921 	1
12922 	1
12924 	1
12927 	1
12928 	1
12930 	1
12932 	1
12933 	1
12935 	1
12936 	1
12937 	1
12938 	1
12941 	1
12942 	1
12944 	1
12945 	1
12946 	1
12947 	1
12951 	1
12953 	1
12956 	1
12960 	1
12962 	1
12967 	1
12968 	1
12971 	1
12975 	1
12978 	1
12980 	1
12982 	1
12989 	1
12990 	1
12991 	1
12995 	1
12996 	1
12999 	1
13000 	1
13003 	1
13004 	1
13005 	1
13008 	1
13009 	1
13011 	1
13012 	1
13014 	1
13015 	1
13017 	1
13019 	1
13025 	1
13026 	1
13027 	1
13028 	1
13030 	1
13032 	1
13035 	1
13038 	1
13043 	1
13044 	1
13045 	1
13047 	1
13050 	1
13051 	1
13052 	1
13053 	1
13056 	1
13059 	1
13061 	1
13064 	1
13067 	1
13068 	1
13070 	1
13071 	1
13073 	1
13075 	1
13081 	1
13082 	1
13086 	1
13088 	1
13089 	1
13090 	1
13095 	1
13099 	1
13101 	1
13103 	1
13104 	1
13105 	1
13108 	1
13109 	1
13112 	1
13113 	1
13115 	1
13116 	1
13118 	1
13121 	1
13123 	1
13124 	1
13125 	1
13126 	1
13127 	1
13130 	1
13131 	1
13137 	1
13139 	1
13140 	1
13141 	1
13144 	1
13145 	1
13146 	1
13147 	1
13148 	1
13149 	1
13151 	1
13152 	1
13154 	1
13161 	1
13162 	1
13164 	1
13170 	1
13173 	1
13175 	1
13176 	1
13177 	1
13178 	1
13182 	1
13185 	1
13186 	1
13192 	1
13194 	1
13195 	1
13201 	1
13202 	1
13207 	1
13211 	1
13214 	1
13215 	1
13216 	1
13218 	1
13221 	1
13225 	1
13228 	1
13237 	1
13238 	1
13240 	1
13243 	1
13247 	1
13251 	1
13252 	1
13253 	1
13256 	1
13258 	1
13261 	1
13263 	1
13266 	1
13271 	1
13272 	1
13273 	1
13275 	1
13276 	1
13280 	1
13283 	1
13286 	1
13292 	1
13293 	1
13296 	1
13298 	1
13303 	1
13305 	1
13306 	1
13307 	1
13308 	1
13309 	1
13311 	1
13319 	1
13321 	1
13323 	1
13324 	1
13328 	1
13331 	1
13333 	1
13335 	1
13337 	1
13343 	1
13344 	1
13346 	1
13348 	1
13351 	1
13353 	1
13354 	1
13355 	1
13356 	1
13359 	1
13360 	1
13363 	1
13366 	1
13367 	1
13375 	1
13376 	1
13377 	1
13378 	1
13379 	1
13381 	1
13382 	1
13384 	1
13391 	1
13393 	1
13397 	1
13400 	1
13401 	1
13402 	1
13403 	1
13404 	1
13405 	1
13406 	1
13412 	1
13414 	1
13415 	1
13417 	1
13419 	1
13422 	1
13423 	1
13426 	1
13427 	1
13429 	1
13436 	1
13437 	1
13440 	1
13441 	1
13443 	1
13452 	1
13453 	1
13455 	1
13456 	1
13458 	1
13460 	1
13467 	1
13469 	1
13472 	1
13473 	1
13476 	1
13477 	1
13479 	1
13483 	1
13484 	1
13485 	1
13486 	1
13488 	1
13489 	1
13493 	1
13495 	1
13496 	1
13497 	1
13498 	1
13500 	1
13501 	1
13504 	1
13507 	1
13510 	1
13512 	1
13514 	1
13516 	1
13520 	1
13521 	1
13524 	1
13525 	1
13527 	1
13528 	1
13531 	1
13532 	1
13536 	1
13538 	1
13540 	1
13544 	1
13545 	1
13547 	1
13552 	1
13553 	1
13554 	1
13555 	1
13561 	1
13562 	1
13563 	1
13564 	1
13566 	1
13570 	1
13571 	1
13572 	1
13573 	1
13578 	1
13579 	1
13580 	1
13584 	1
13587 	1
13588 	1
13593 	1
13596 	1
13600 	1
13601 	1
13602 	1
13603 	1
13605 	1
13606 	1
13607 	1
13608 	1
13611 	1
13612 	1
13614 	1
13626 	1
13627 	1
13632 	1
13635 	1
13636 	1
13638 	1
13641 	1
13642 	1
13646 	1
13648 	1
13649 	1
13651 	1
13652 	1
13658 	1
13659 	1
13660 	1
13661 	1
13662 	1
13666 	1
13667 	1
13668 	1
13669 	1
13672 	1
13673 	1
13675 	1
13677 	1
13678 	1
13680 	1
13685 	1
13690 	1
13692 	1
13694 	1
13700 	1
13703 	1
13706 	1
13707 	1
13708 	1
13709 	1
13710 	1
13713 	1
13716 	1
13719 	1
13723 	1
13726 	1
13727 	1
13730 	1
13732 	1
13733 	1
13736 	1
13738 	1
13743 	1
13744 	1
13747 	1
13748 	1
13749 	1
13750 	1
13752 	1
13756 	1
13757 	1
13762 	1
13763 	1
13764 	1
13765 	1
13768 	1
13773 	1
13775 	1
13776 	1
13777 	1
13778 	1
13779 	1
13780 	1
13782 	1
13783 	1
13784 	1
13785 	1
13789 	1
13791 	1
13792 	1
13793 	1
13795 	1
13799 	1
13803 	1
13805 	1
13807 	1
13814 	1
13816 	1
13818 	1
13819 	1
13820 	1
13822 	1
13823 	1
13824 	1
13825 	1
13826 	1
13829 	1
13834 	1
13835 	1
13836 	1
13838 	1
13839 	1
13842 	1
13846 	1
13848 	1
13849 	1
13850 	1
13851 	1
13853 	1
13855 	1
13856 	1
13857 	1
13859 	1
13861 	1
13864 	1
13868 	1
13870 	1
13875 	1
13876 	1
13877 	1
13878 	1
13883 	1
13889 	1
13890 	1
13891 	1
13892 	1
13894 	1
13895 	1
13904 	1
13908 	1
13909 	1
13910 	1
13911 	1
13916 	1
13918 	1
13920 	1
13921 	1
13925 	1
13931 	1
13934 	1
13938 	1
13943 	1
13944 	1
13945 	1
13952 	1
13954 	1
13955 	1
13958 	1
13959 	1
13961 	1
13962 	1
13965 	1
13967 	1
13969 	1
13970 	1
13972 	1
13974 	1
13975 	1
13976 	1
13977 	1
13978 	1
13980 	1
13982 	1
13983 	1
13987 	1
13988 	1
13989 	1
13995 	1
13998 	1
13999 	1
14001 	1
14002 	1
14006 	1
14013 	1
14014 	1
14015 	1
14018 	1
14023 	1
14030 	1
14032 	1
14033 	1
14037 	1
14038 	1
14039 	1
14042 	1
14045 	1
14046 	1
14047 	1
14048 	1
14051 	1
14058 	1
14063 	1
14064 	1
14065 	1
14066 	1
14067 	1
14069 	1
14071 	1
14072 	1
14073 	1
14077 	1
14078 	1
14080 	1
14082 	1
14085 	1
14086 	1
14088 	1
14089 	1
14090 	1
14091 	1
14095 	1
14098 	1
14100 	1
14103 	1
14104 	1
14108 	1
14109 	1
14111 	1
14112 	1
14114 	1
14116 	1
14118 	1
14120 	1
14122 	1
14123 	1
14126 	1
14128 	1
14133 	1
14134 	1
14135 	1
14136 	1
14142 	1
14143 	1
14144 	1
14147 	1
14152 	1
14155 	1
14156 	1
14157 	1
14159 	1
14162 	1
14163 	1
14165 	1
14166 	1
14169 	1
14170 	1
14173 	1
14174 	1
14176 	1
14178 	1
14180 	1
14183 	1
14184 	1
14185 	1
14186 	1
14190 	1
14192 	1
14193 	1
14198 	1
14200 	1
14201 	1
14202 	1
14205 	1
14206 	1
14209 	1
14212 	1
14217 	1
14220 	1
14221 	1
14223 	1
14228 	1
14230 	1
14231 	1
14232 	1
14240 	1
14241 	1
14244 	1
14245 	1
14247 	1
14248 	1
14251 	1
14252 	1
14256 	1
14258 	1
14265 	1
14266 	1
14268 	1
14269 	1
14271 	1
14272 	1
14273 	1
14274 	1
14275 	1
14276 	1
14277 	1
14281 	1
14282 	1
14284 	1
14285 	1
14286 	1
14289 	1
14290 	1
14294 	1
14296 	1
14298 	1
14300 	1
14302 	1
14305 	1
14306 	1
14307 	1
14308 	1
14309 	1
14310 	1
14313 	1
14314 	1
14315 	1
14316 	1
14318 	1
14319 	1
14320 	1
14322 	1
14325 	1
14328 	1
14329 	1
14330 	1
14332 	1
14334 	1
14335 	1
14339 	1
14340 	1
14342 	1
14344 	1
14350 	1
14351 	1
14352 	1
14354 	1
14355 	1
14358 	1
14364 	1
14368 	1
14371 	1
14376 	1
14377 	1
14379 	1
14383 	1
14384 	1
14386 	1
14393 	1
14396 	1
14397 	1
14398 	1
14399 	1
14400 	1
14401 	1
14406 	1
14407 	1
14409 	1
14410 	1
14411 	1
14412 	1
14414 	1
14418 	1
14419 	1
14422 	1
14423 	1
14425 	1
14427 	1
14428 	1
14429 	1
14430 	1
14432 	1
14433 	1
14434 	1
14435 	1
14436 	1
14438 	1
14440 	1
14441 	1
14443 	1
14445 	1
14446 	1
14448 	1
14450 	1
14453 	1
14454 	1
14458 	1
14461 	1
14462 	1
14463 	1
14464 	1
14472 	1
14476 	1
14480 	1
14485 	1
14489 	1
14492 	1
14493 	1
14494 	1
14498 	1
14500 	1
14501 	1
14502 	1
14503 	1
14504 	1
14508 	1
14510 	1
14514 	1
14515 	1
14518 	1
14520 	1
14524 	1
14526 	1
14534 	1
14535 	1
14539 	1
14541 	1
14543 	1
14544 	1
14545 	1
14547 	1
14548 	1
14549 	1
14551 	1
14552 	1
14556 	1
14558 	1
14559 	1
14564 	1
14567 	1
14569 	1
14570 	1
14572 	1
14574 	1
14575 	1
14577 	1
14578 	1
14579 	1
14580 	1
14583 	1
14585 	1
14586 	1
14587 	1
14592 	1
14594 	1
14598 	1
14599 	1
14604 	1
14606 	1
14607 	1
14608 	1
14609 	1
14612 	1
14613 	1
14615 	1
14617 	1
14619 	1
14620 	1
14621 	1
14624 	1
14625 	1
14629 	1
14630 	1
14631 	1
14636 	1
14638 	1
14640 	1
14641 	1
14642 	1
14643 	1
14644 	1
14647 	1
14648 	1
14649 	1
14651 	1
14654 	1
14655 	1
14657 	1
14658 	1
14659 	1
14660 	1
14662 	1
14663 	1
14666 	1
14668 	1
14672 	1
14673 	1
14675 	1
14677 	1
14679 	1
14682 	1
14683 	1
14686 	1
14689 	1
14690 	1
14692 	1
14699 	1
14700 	1
14702 	1
14703 	1
14704 	1
14706 	1
14707 	1
14709 	1
14711 	1
14712 	1
14713 	1
14714 	1
14715 	1
14717 	1
14718 	1
14720 	1
14721 	1
14722 	1
14728 	1
14730 	1
14731 	1
14732 	1
14735 	1
14736 	1
14737 	1
14738 	1
14740 	1
14741 	1
14742 	1
14748 	1
14749 	1
14754 	1
14756 	1
14757 	1
14758 	1
14759 	1
14762 	1
14766 	1
14768 	1
14769 	1
14774 	1
14775 	1
14776 	1
14780 	1
14782 	1
14783 	1
14785 	1
14786 	1
14787 	1
14789 	1
14790 	1
14791 	1
14793 	1
14796 	1
14804 	1
14805 	1
14807 	1
14808 	1
14811 	1
14815 	1
14819 	1
14821 	1
14822 	1
14826 	1
14827 	1
14829 	1
14831 	1
14835 	1
14836 	1
14838 	1
14843 	1
14846 	1
14848 	1
14850 	1
14856 	1
14866 	1
14867 	1
14868 	1
14869 	1
14870 	1
14871 	1
14872 	1
14873 	1
14874 	1
14880 	1
14881 	1
14883 	1
14885 	1
14889 	1
14890 	1
14891 	1
14895 	1
14897 	1
14899 	1
14900 	1
14902 	1
14906 	1
14910 	1
14911 	1
14915 	1
14917 	1
14921 	1
14924 	1
14929 	1
14932 	1
14934 	1
14935 	1
14937 	1
14938 	1
14942 	1
14944 	1
14945 	1
14946 	1
14948 	1
14950 	1
14955 	1
14957 	1
14958 	1
14959 	1
14960 	1
14963 	1
14967 	1
14968 	1
14969 	1
14971 	1
14975 	1
14979 	1
14981 	1
14984 	1
14985 	1
14987 	1
14993 	1
14994 	1
14995 	1
14997 	1
15000 	1
15008 	1
15009 	1
15010 	1
15011 	1
15012 	1
15013 	1
15017 	1
15022 	1
15026 	1
15031 	1
15032 	1
15033 	1
15034 	1
15035 	1
15036 	1
15040 	1
15041 	1
15044 	1
15046 	1
15047 	1
15052 	1
15053 	1
15054 	1
15055 	1
15056 	1
15057 	1
15061 	1
15063 	1
15064 	1
15065 	1
15069 	1
15070 	1
15071 	1
15072 	1
15078 	1
15080 	1
15086 	1
15087 	1
15088 	1
15089 	1
15091 	1
15093 	1
15094 	1
15099 	1
15103 	1
15106 	1
15107 	1
15108 	1
15109 	1
15114 	1
15116 	1
15118 	1
15120 	1
15122 	1
15125 	1
15127 	1
15128 	1
15131 	1
15132 	1
15136 	1
15137 	1
15140 	1
15141 	1
15142 	1
15144 	1
15146 	1
15148 	1
15149 	1
15151 	1
15152 	1
15153 	1
15156 	1
15157 	1
15158 	1
15166 	1
15167 	1
15168 	1
15169 	1
15172 	1
15174 	1
15176 	1
15181 	1
15184 	1
15185 	1
15187 	1
15189 	1
15190 	1
15191 	1
15193 	1
15199 	1
15200 	1
15201 	1
15206 	1
15208 	1
15210 	1
15211 	1
15213 	1
15221 	1
15222 	1
15223 	1
15227 	1
15231 	1
15232 	1
15234 	1
15236 	1
15238 	1
15239 	1
15241 	1
15242 	1
15243 	1
15244 	1
15245 	1
15246 	1
15249 	1
15253 	1
15254 	1
15256 	1
15259 	1
15260 	1
15262 	1
15263 	1
15264 	1
15265 	1
15268 	1
15269 	1
15271 	1
15275 	1
15276 	1
15278 	1
15280 	1
15281 	1
15284 	1
15286 	1
15288 	1
15291 	1
15293 	1
15294 	1
15295 	1
15296 	1
15298 	1
15300 	1
15303 	1
15306 	1
15307 	1
15310 	1
15311 	1
15313 	1
15316 	1
15318 	1
15320 	1
15325 	1
15330 	1
15332 	1
15333 	1
15335 	1
15336 	1
15343 	1
15351 	1
15353 	1
15355 	1
15356 	1
15359 	1
15366 	1
15370 	1
15374 	1
15384 	1
15387 	1
15389 	1
15390 	1
15394 	1
15396 	1
15397 	1
15399 	1
15402 	1
15403 	1
15404 	1
15408 	1
15411 	1
15413 	1
15414 	1
15415 	1
15418 	1
15419 	1
15424 	1
15430 	1
15431 	1
15434 	1
15438 	1
15439 	1
15440 	1
15443 	1
15446 	1
15448 	1
15454 	1
15457 	1
15458 	1
15460 	1
15461 	1
15463 	1
15465 	1
15466 	1
15467 	1
15468 	1
15469 	1
15472 	1
15473 	1
15474 	1
15478 	1
15483 	1
15489 	1
15496 	1
15497 	1
15499 	1
15500 	1
15503 	1
15506 	1
15507 	1
15509 	1
15510 	1
15511 	1
15513 	1
15517 	1
15519 	1
15520 	1
15525 	1
15528 	1
15533 	1
15539 	1
15541 	1
15543 	1
15545 	1
15546 	1
15548 	1
15549 	1
15552 	1
15555 	1
15556 	1
15559 	1
15560 	1
15561 	1
15568 	1
15569 	1
15570 	1
15572 	1
15573 	1
15574 	1
15575 	1
15580 	1
15581 	1
15582 	1
15585 	1
15587 	1
15588 	1
15591 	1
15593 	1
15594 	1
15595 	1
15596 	1
15597 	1
15602 	1
15604 	1
15606 	1
15607 	1
15610 	1
15613 	1
15614 	1
15615 	1
15617 	1
15618 	1
15622 	1
15628 	1
15629 	1
15630 	1
15631 	1
15635 	1
15636 	1
15640 	1
15645 	1
15649 	1
15652 	1
15653 	1
15657 	1
15659 	1
15662 	1
15665 	1
15666 	1
15667 	1
15668 	1
15669 	1
15672 	1
15675 	1
15677 	1
15678 	1
15679 	1
15685 	1
15686 	1
15687 	1
15689 	1
15696 	1
15698 	1
15700 	1
15704 	1
15705 	1
15706 	1
15710 	1
15712 	1
15714 	1
15715 	1
15716 	1
15717 	1
15720 	1
15723 	1
15725 	1
15727 	1
15731 	1
15734 	1
15735 	1
15736 	1
15738 	1
15741 	1
15743 	1
15744 	1
15745 	1
15750 	1
15752 	1
15755 	1
15760 	1
15761 	1
15767 	1
15768 	1
15771 	1
15773 	1
15777 	1
15785 	1
15789 	1
15793 	1
15795 	1
15797 	1
15801 	1
15804 	1
15814 	1
15815 	1
15816 	1
15817 	1
15819 	1
15820 	1
15824 	1
15825 	1
15826 	1
15827 	1
15828 	1
15829 	1
15830 	1
15836 	1
15837 	1
15838 	1
15839 	1
15841 	1
15842 	1
15844 	1
15848 	1
15849 	1
15850 	1
15853 	1
15854 	1
15856 	1
15857 	1
15858 	1
15864 	1
15869 	1
15870 	1
15875 	1
15879 	1
15883 	1
15884 	1
15885 	1
15887 	1
15888 	1
15893 	1
15894 	1
15897 	1
15898 	1
15899 	1
15900 	1
15902 	1
15904 	1
15905 	1
15906 	1
15907 	1
15908 	1
15909 	1
15911 	1
15912 	1
15913 	1
15914 	1
15915 	1
15917 	1
15920 	1
15922 	1
15923 	1
15924 	1
15928 	1
15929 	1
15930 	1
15931 	1
15932 	1
15934 	1
15938 	1
15941 	1
15942 	1
15947 	1
15949 	1
15950 	1
15951 	1
15954 	1
15955 	1
15957 	1
15960 	1
15965 	1
15966 	1
15968 	1
15978 	1
15983 	1
15984 	1
15987 	1
15988 	1
15990 	1
15991 	1
15993 	1
15998 	1
16000 	1
16001 	1
16002 	1
16003 	1
16004 	1
16007 	1
16008 	1
16010 	1
16017 	1
16019 	1
16020 	1
16026 	1
16027 	1
16030 	1
16031 	1
16037 	1
16040 	1
16042 	1
16043 	1
16044 	1
16051 	1
16054 	1
16057 	1
16059 	1
16060 	1
16061 	1
16063 	1
16066 	1
16069 	1
16072 	1
16073 	1
16075 	1
16078 	1
16080 	1
16081 	1
16084 	1
16085 	1
16089 	1
16097 	1
16102 	1
16103 	1
16104 	1
16105 	1
16106 	1
16107 	1
16109 	1
16114 	1
16116 	1
16118 	1
16120 	1
16124 	1
16125 	1
16126 	1
16128 	1
16129 	1
16132 	1
16133 	1
16134 	1
16143 	1
16144 	1
16145 	1
16146 	1
16149 	1
16150 	1
16151 	1
16152 	1
16154 	1
16155 	1
16156 	1
16160 	1
16163 	1
16165 	1
16166 	1
16168 	1
16171 	1
16173 	1
16174 	1
16177 	1
16180 	1
16183 	1
16186 	1
16189 	1
16190 	1
16194 	1
16197 	1
16198 	1
16200 	1
16202 	1
16205 	1
16207 	1
16210 	1
16213 	1
16215 	1
16216 	1
16221 	1
16222 	1
16223 	1
16224 	1
16225 	1
16226 	1
16229 	1
16230 	1
16233 	1
16236 	1
16237 	1
16238 	1
16241 	1
16242 	1
16244 	1
16245 	1
16246 	1
16250 	1
16252 	1
16253 	1
16254 	1
16256 	1
16257 	1
16259 	1
16262 	1
16265 	1
16270 	1
16273 	1
16274 	1
16276 	1
16277 	1
16281 	1
16283 	1
16285 	1
16286 	1
16291 	1
16301 	1
16302 	1
16305 	1
16307 	1
16308 	1
16309 	1
16310 	1
16312 	1
16314 	1
16315 	1
16316 	1
16319 	1
16320 	1
16322 	1
16323 	1
16325 	1
16330 	1
16334 	1
16335 	1
16336 	1
16338 	1
16341 	1
16345 	1
16347 	1
16348 	1
16349 	1
16351 	1
16353 	1
16356 	1
16358 	1
16360 	1
16365 	1
16367 	1
16368 	1
16369 	1
16374 	1
16379 	1
16381 	1
16382 	1
16385 	1
16386 	1
16389 	1
16392 	1
16395 	1
16397 	1
16400 	1
16401 	1
16402 	1
16403 	1
16408 	1
16409 	1
16410 	1
16412 	1
16413 	1
16414 	1
16415 	1
16416 	1
16417 	1
16418 	1
16421 	1
16423 	1
16424 	1
16426 	1
16427 	1
16428 	1
16430 	1
16432 	1
16434 	1
16435 	1
16436 	1
16437 	1
16438 	1
16439 	1
16441 	1
16442 	1
16443 	1
16446 	1
16447 	1
16448 	1
16449 	1
16451 	1
16452 	1
16453 	1
16455 	1
16456 	1
16458 	1
16459 	1
16461 	1
16464 	1
16465 	1
16469 	1
16470 	1
16472 	1
16474 	1
16476 	1
16478 	1
16479 	1
16481 	1
16485 	1
16489 	1
16493 	1
16494 	1
16497 	1
16503 	1
16505 	1
16506 	1
16507 	1
16509 	1
16510 	1
16517 	1
16518 	1
16520 	1
16527 	1
16531 	1
16532 	1
16533 	1
16535 	1
16536 	1
16539 	1
16543 	1
16545 	1
16547 	1
16548 	1
16549 	1
16552 	1
16557 	1
16563 	1
16570 	1
16571 	1
16572 	1
16573 	1
16574 	1
16575 	1
16577 	1
16578 	1
16579 	1
16580 	1
16583 	1
16590 	1
16591 	1
16592 	1
16593 	1
16595 	1
16596 	1
16602 	1
16604 	1
16610 	1
16611 	1
16616 	1
16618 	1
16621 	1
16627 	1
16628 	1
16630 	1
16632 	1
16633 	1
16634 	1
16635 	1
16636 	1
16638 	1
16640 	1
16641 	1
16642 	1
16644 	1
16646 	1
16648 	1
16649 	1
16651 	1
16652 	1
16653 	1
16657 	1
16658 	1
16662 	1
16663 	1
16664 	1
16671 	1
16672 	1
16673 	1
16675 	1
16676 	1
16677 	1
16679 	1
16683 	1
16685 	1
16687 	1
16693 	1
16695 	1
16700 	1
16702 	1
16704 	1
16707 	1
16708 	1
16711 	1
16712 	1
16714 	1
16716 	1
16718 	1
16720 	1
16722 	1
16723 	1
16725 	1
16728 	1
16729 	1
16731 	1
16732 	1
16733 	1
16736 	1
16737 	1
16738 	1
16739 	1
16743 	1
16746 	1
16748 	1
16751 	1
16757 	1
16759 	1
16761 	1
16762 	1
16763 	1
16770 	1
16771 	1
16772 	1
16773 	1
16780 	1
16785 	1
16786 	1
16788 	1
16789 	1
16799 	1
16802 	1
16804 	1
16805 	1
16807 	1
16812 	1
16813 	1
16814 	1
16815 	1
16816 	1
16818 	1
16820 	1
16823 	1
16832 	1
16834 	1
16836 	1
16837 	1
16839 	1
16840 	1
16843 	1
16844 	1
16845 	1
16846 	1
16848 	1
16850 	1
16853 	1
16856 	1
16862 	1
16864 	1
16865 	1
16866 	1
16875 	1
16877 	1
16887 	1
16888 	1
16889 	1
16890 	1
16891 	1
16893 	1
16894 	1
16898 	1
16899 	1
16900 	1
16902 	1
16907 	1
16910 	1
16914 	1
16915 	1
16918 	1
16920 	1
16923 	1
16924 	1
16927 	1
16929 	1
16932 	1
16939 	1
16946 	1
16949 	1
16950 	1
16955 	1
16962 	1
16963 	1
16966 	1
16967 	1
16968 	1
16975 	1
16977 	1
16979 	1
16980 	1
16981 	1
16983 	1
16984 	1
16985 	1
16988 	1
16997 	1
16998 	1
17000 	1
