Number of items 	Total Weight 	Total Profit 
6450 	1896035.5 	435840.709302 


Total time: 0.077109336853 s
Average time: 0.0192781090736 s
Last call: 3.09944152832e-06 s
Stamp 1 of the total: 0h 0m 0s 77ms 77109\u00B5s
Stamp 2 of the total: 00:00:00.0077
Pattern that ignores zeros:
77ms 77109\u00B5s
0077

Item    Fraction

1 	1
2 	1
6 	1
7 	1
8 	1
11 	1
14 	1
15 	1
16 	1
19 	1
20 	1
22 	1
26 	1
28 	1
29 	1
31 	1
32 	1
33 	1
35 	1
36 	1
38 	1
39 	1
44 	1
46 	1
49 	1
50 	1
53 	1
55 	1
58 	1
60 	1
61 	1
62 	1
69 	1
70 	1
72 	1
73 	1
75 	1
77 	1
80 	1
81 	1
82 	1
84 	1
86 	1
87 	1
91 	1
92 	1
93 	1
95 	1
97 	1
99 	1
101 	1
104 	1
105 	1
106 	1
110 	1
120 	1
121 	1
124 	1
126 	1
129 	1
131 	1
133 	1
135 	1
136 	1
139 	1
142 	1
143 	1
144 	1
145 	1
148 	1
150 	1
152 	1
154 	1
155 	1
156 	1
157 	1
158 	1
160 	1
166 	1
167 	1
168 	1
173 	1
174 	1
175 	1
176 	1
178 	1
180 	1
181 	1
182 	1
185 	1
186 	1
187 	1
190 	1
191 	1
194 	1
199 	1
201 	1
202 	1
204 	1
205 	1
206 	1
211 	1
213 	1
214 	1
216 	1
218 	1
224 	1
227 	1
232 	1
234 	1
238 	1
239 	1
244 	1
248 	1
251 	1
258 	1
260 	1
261 	1
268 	1
269 	1
270 	1
275 	1
276 	1
278 	1
283 	1
285 	1
288 	1
291 	1
292 	1
295 	1
298 	1
300 	1
301 	1
303 	1
304 	1
307 	1
308 	1
309 	1
311 	1
315 	1
316 	1
318 	1
319 	1
321 	1
326 	1
329 	1
331 	1
333 	1
335 	1
336 	1
338 	1
340 	1
344 	1
345 	1
348 	1
350 	1
351 	1
353 	1
354 	1
355 	1
358 	1
362 	1
363 	1
366 	1
368 	1
369 	1
370 	1
371 	1
372 	1
377 	1
378 	1
379 	1
380 	1
381 	1
385 	1
389 	1
394 	1
397 	1
398 	1
403 	1
404 	1
405 	1
413 	1
414 	1
417 	1
418 	1
419 	1
420 	1
424 	1
425 	1
426 	1
427 	1
431 	1
437 	1
438 	1
439 	1
447 	1
448 	1
450 	1
452 	1
454 	1
460 	1
462 	1
464 	1
465 	1
467 	1
471 	1
473 	1
475 	1
476 	1
479 	1
480 	1
482 	1
488 	1
490 	1
492 	1
496 	1
499 	1
500 	1
501 	1
502 	1
504 	1
505 	1
507 	1
511 	1
513 	1
515 	1
517 	1
519 	1
521 	1
522 	1
526 	1
531 	1
533 	1
538 	1
542 	1
543 	1
545 	1
547 	1
548 	1
549 	1
550 	1
551 	1
552 	1
556 	1
559 	1
562 	1
566 	1
567 	1
570 	1
571 	1
573 	1
576 	1
579 	1
580 	1
583 	1
585 	1
587 	1
589 	1
592 	1
593 	1
596 	1
598 	1
600 	1
604 	1
605 	1
606 	1
608 	1
611 	1
613 	1
615 	1
620 	1
621 	1
626 	1
627 	1
632 	1
633 	1
634 	1
635 	1
638 	1
640 	1
642 	1
645 	1
646 	1
648 	1
650 	1
655 	1
656 	1
657 	1
658 	1
663 	1
664 	1
668 	1
669 	1
670 	1
671 	1
674 	1
679 	1
684 	1
691 	1
692 	1
694 	1
695 	1
696 	1
698 	1
699 	1
705 	1
708 	1
709 	1
712 	1
716 	1
718 	1
720 	1
721 	1
725 	1
727 	1
728 	1
730 	1
731 	1
732 	1
733 	1
734 	1
738 	1
741 	1
744 	1
745 	1
747 	1
749 	1
751 	1
752 	1
756 	1
757 	1
764 	1
766 	1
767 	1
768 	1
769 	1
775 	1
776 	1
777 	1
780 	1
781 	1
784 	1
787 	1
788 	1
789 	1
791 	1
792 	1
796 	1
799 	1
800 	1
801 	1
802 	1
805 	1
806 	1
808 	1
809 	1
813 	1
815 	1
819 	1
821 	1
823 	1
824 	1
828 	1
830 	1
835 	1
836 	1
838 	1
842 	1
849 	1
851 	1
852 	1
856 	1
858 	1
860 	1
864 	1
867 	1
868 	1
870 	1
871 	1
872 	1
874 	1
876 	1
878 	1
880 	1
883 	1
884 	1
885 	1
886 	1
887 	1
894 	1
898 	1
902 	1
904 	1
905 	1
906 	1
907 	1
908 	1
912 	1
913 	1
914 	1
915 	1
916 	1
917 	1
921 	1
922 	1
924 	1
925 	1
928 	1
929 	1
933 	1
934 	1
935 	1
937 	1
944 	1
945 	1
946 	1
948 	1
954 	1
955 	1
957 	1
961 	1
962 	1
963 	1
964 	1
967 	1
968 	1
969 	1
970 	1
974 	1
975 	1
976 	1
978 	1
979 	1
982 	1
984 	1
987 	1
988 	1
990 	1
991 	1
993 	1
996 	1
997 	1
998 	1
1004 	1
1006 	1
1009 	1
1010 	1
1012 	1
1013 	1
1015 	1
1017 	1
1018 	1
1021 	1
1023 	1
1025 	1
1029 	1
1030 	1
1031 	1
1034 	1
1036 	1
1039 	1
1040 	1
1041 	1
1042 	1
1043 	1
1045 	1
1048 	1
1050 	1
1054 	1
1058 	1
1059 	1
1061 	1
1062 	1
1064 	1
1067 	1
1070 	1
1071 	1
1072 	1
1076 	1
1077 	1
1078 	1
1080 	1
1081 	1
1083 	1
1084 	1
1087 	1
1088 	1
1092 	1
1093 	1
1094 	1
1095 	1
1096 	1
1099 	1
1103 	1
1107 	1
1109 	1
1111 	1
1114 	1
1116 	1
1120 	1
1124 	1
1130 	1
1131 	1
1137 	1
1138 	1
1141 	1
1146 	1
1148 	1
1151 	1
1153 	1
1155 	1
1156 	1
1157 	1
1161 	1
1164 	1
1165 	1
1166 	1
1169 	1
1171 	1
1172 	1
1173 	1
1175 	1
1176 	1
1177 	1
1179 	1
1180 	1
1181 	1
1182 	1
1185 	1
1186 	1
1190 	1
1192 	1
1196 	1
1198 	1
1199 	1
1207 	1
1209 	1
1210 	1
1213 	1
1216 	1
1224 	1
1227 	1
1229 	1
1232 	1
1236 	1
1237 	1
1238 	1
1243 	1
1244 	1
1253 	1
1255 	1
1256 	1
1260 	1
1261 	1
1265 	1
1266 	1
1267 	1
1268 	1
1269 	1
1271 	1
1273 	1
1276 	1
1277 	1
1282 	1
1284 	1
1286 	1
1291 	1
1293 	1
1294 	1
1296 	1
1297 	1
1303 	1
1304 	1
1306 	1
1307 	1
1308 	1
1309 	1
1314 	1
1318 	1
1320 	1
1321 	1
1323 	1
1324 	1
1325 	1
1327 	1
1329 	1
1331 	1
1332 	1
1334 	1
1338 	1
1341 	1
1344 	1
1348 	1
1351 	1
1353 	1
1354 	1
1356 	1
1357 	1
1358 	1
1361 	1
1364 	1
1365 	1
1369 	1
1370 	1
1375 	1
1377 	1
1379 	1
1381 	1
1384 	1
1387 	1
1389 	1
1391 	1
1395 	1
1397 	1
1398 	1
1399 	1
1401 	1
1403 	1
1404 	1
1406 	1
1409 	1
1410 	1
1411 	1
1414 	1
1416 	1
1420 	1
1422 	1
1423 	1
1429 	1
1438 	1
1441 	1
1444 	1
1446 	1
1450 	1
1452 	1
1453 	1
1454 	1
1457 	1
1458 	1
1459 	1
1462 	1
1463 	1
1465 	1
1469 	1
1472 	1
1474 	1
1476 	1
1481 	1
1483 	1
1490 	1
1494 	1
1497 	1
1503 	1
1506 	1
1508 	1
1510 	1
1511 	1
1512 	1
1513 	1
1518 	1
1522 	1
1526 	1
1528 	1
1530 	1
1531 	1
1533 	1
1539 	1
1546 	1
1547 	1
1549 	1
1550 	1
1551 	1
1552 	1
1554 	1
1555 	1
1556 	1
1559 	1
1560 	1
1561 	1
1562 	1
1563 	1
1564 	1
1565 	1
1571 	1
1573 	1
1574 	1
1575 	1
1576 	1
1578 	1
1586 	1
1588 	1
1592 	1
1597 	1
1599 	1
1601 	1
1602 	1
1605 	1
1606 	1
1607 	1
1608 	1
1610 	1
1613 	1
1614 	1
1616 	1
1617 	1
1619 	1
1622 	1
1623 	1
1624 	1
1625 	1
1626 	1
1628 	1
1630 	1
1633 	1
1635 	1
1640 	1
1641 	1
1644 	1
1647 	1
1652 	1
1655 	1
1656 	1
1658 	1
1660 	1
1664 	1
1666 	1
1674 	1
1675 	1
1681 	1
1682 	1
1684 	1
1685 	1
1690 	1
1692 	1
1693 	1
1694 	1
1695 	1
1697 	1
1699 	1
1700 	1
1701 	1
1702 	1
1705 	1
1706 	1
1707 	1
1708 	1
1710 	1
1713 	1
1715 	1
1718 	1
1719 	1
1722 	1
1723 	1
1725 	1
1730 	1
1733 	1
1735 	1
1739 	1
1740 	1
1742 	1
1746 	1
1747 	1
1748 	1
1749 	1
1751 	1
1754 	1
1755 	1
1756 	1
1757 	1
1758 	1
1761 	1
1765 	1
1766 	1
1768 	1
1770 	1
1771 	1
1772 	1
1774 	1
1775 	1
1783 	1
1786 	1
1788 	1
1789 	1
1795 	1
1796 	1
1798 	1
1799 	1
1800 	1
1801 	1
1803 	1
1806 	1
1807 	1
1808 	1
1809 	1
1812 	1
1813 	1
1814 	1
1815 	1
1816 	1
1817 	1
1819 	1
1820 	1
1822 	1
1823 	1
1825 	1
1840 	1
1844 	1
1845 	1
1847 	1
1848 	1
1849 	1
1851 	1
1854 	1
1858 	1
1860 	1
1862 	1
1864 	1
1870 	1
1871 	1
1873 	1
1874 	1
1875 	1
1878 	1
1879 	1
1881 	1
1882 	1
1883 	1
1885 	1
1886 	1
1887 	1
1889 	1
1890 	1
1891 	1
1892 	1
1894 	1
1896 	1
1897 	1
1900 	1
1903 	1
1904 	1
1911 	1
1912 	1
1916 	1
1919 	1
1924 	1
1925 	1
1926 	1
1927 	1
1928 	1
1929 	1
1930 	1
1931 	1
1934 	1
1935 	1
1937 	1
1941 	1
1943 	1
1944 	1
1945 	1
1947 	1
1949 	1
1951 	1
1955 	1
1958 	1
1959 	1
1960 	1
1964 	1
1965 	1
1968 	1
1971 	1
1978 	1
1979 	1
1980 	1
1981 	1
1984 	1
1985 	1
1986 	1
1988 	1
1989 	1
1990 	1
1993 	1
1996 	1
1997 	1
1998 	1
1999 	1
2000 	1
2001 	1
2002 	1
2003 	1
2005 	1
2006 	1
2007 	1
2010 	1
2012 	1
2013 	1
2015 	1
2016 	1
2017 	1
2023 	1
2025 	1
2026 	1
2027 	1
2028 	1
2030 	1
2037 	1
2038 	1
2040 	1
2041 	1
2042 	1
2044 	1
2046 	1
2052 	1
2055 	1
2056 	1
2058 	1
2062 	1
2063 	1
2064 	1
2066 	1
2068 	1
2071 	1
2075 	1
2076 	1
2078 	1
2079 	1
2083 	1
2087 	1
2089 	1
2091 	1
2093 	1
2094 	1
2095 	1
2096 	1
2097 	1
2101 	1
2102 	1
2105 	1
2111 	1
2112 	1
2115 	1
2116 	1
2117 	1
2119 	1
2123 	1
2126 	1
2127 	1
2136 	1
2137 	1
2138 	1
2139 	1
2141 	1
2143 	1
2144 	1
2146 	1
2147 	1
2148 	1
2157 	1
2158 	1
2159 	1
2161 	1
2162 	1
2166 	1
2167 	1
2170 	1
2173 	1
2179 	1
2180 	1
2181 	1
2182 	1
2184 	1
2185 	1
2186 	1
2188 	1
2190 	1
2195 	1
2198 	1
2199 	1
2200 	1
2201 	1
2203 	1
2204 	1
2208 	1
2209 	1
2211 	1
2212 	1
2215 	1
2218 	1
2221 	1
2224 	1
2225 	1
2230 	1
2231 	1
2232 	1
2234 	1
2240 	1
2242 	1
2243 	1
2246 	1
2251 	1
2255 	1
2257 	1
2259 	1
2260 	1
2261 	1
2263 	1
2264 	1
2266 	1
2268 	1
2269 	1
2272 	1
2273 	1
2274 	1
2275 	1
2279 	1
2280 	1
2281 	1
2284 	1
2285 	1
2287 	1
2288 	1
2289 	1
2293 	1
2294 	1
2295 	1
2300 	1
2301 	1
2302 	1
2304 	1
2305 	1
2308 	1
2310 	1
2312 	1
2317 	1
2318 	1
2319 	1
2322 	1
2323 	1
2328 	1
2329 	1
2330 	1
2332 	1
2333 	1
2334 	1
2338 	1
2340 	1
2341 	1
2346 	1
2347 	1
2350 	1
2353 	1
2357 	1
2359 	1
2361 	1
2362 	1
2364 	1
2367 	1
2371 	1
2376 	1
2379 	1
2381 	1
2382 	1
2383 	1
2385 	1
2386 	1
2388 	1
2389 	1
2390 	1
2391 	1
2393 	1
2394 	1
2395 	1
2398 	1
2400 	1
2403 	1
2406 	1
2407 	1
2408 	1
2409 	1
2410 	1
2415 	1
2416 	1
2419 	1
2423 	1
2426 	1
2427 	1
2433 	1
2434 	1
2435 	1
2437 	1
2441 	1
2442 	1
2443 	1
2444 	1
2446 	1
2448 	1
2449 	1
2451 	1
2453 	1
2456 	1
2457 	1
2460 	1
2464 	1
2465 	1
2471 	1
2475 	1
2476 	1
2481 	1
2482 	1
2486 	1
2488 	1
2489 	1
2491 	1
2494 	1
2498 	1
2499 	1
2500 	1
2502 	1
2504 	1
2505 	1
2511 	1
2512 	1
2513 	1
2517 	1
2519 	1
2520 	1
2521 	1
2524 	1
2530 	1
2532 	1
2533 	1
2535 	1
2536 	1
2537 	1
2538 	1
2540 	1
2544 	1
2546 	1
2547 	1
2548 	1
2549 	1
2550 	1
2551 	1
2552 	1
2554 	1
2556 	1
2557 	1
2561 	1
2564 	1
2571 	1
2574 	1
2579 	1
2581 	1
2587 	1
2588 	1
2591 	1
2594 	1
2596 	1
2597 	1
2600 	1
2602 	1
2604 	1
2605 	1
2606 	1
2607 	1
2613 	1
2614 	1
2616 	1
2617 	1
2620 	1
2621 	1
2627 	1
2630 	1
2631 	1
2632 	1
2635 	1
2637 	1
2646 	1
2649 	1
2652 	1
2653 	1
2659 	1
2661 	1
2662 	1
2663 	1
2664 	1
2665 	1
2666 	1
2668 	1
2669 	1
2671 	1
2673 	1
2674 	1
2680 	1
2683 	1
2688 	1
2690 	1
2693 	1
2694 	1
2696 	1
2698 	1
2700 	1
2701 	1
2702 	1
2703 	1
2704 	1
2705 	1
2707 	1
2710 	1
2711 	1
2716 	1
2718 	1
2722 	1
2724 	1
2725 	1
2727 	1
2729 	1
2731 	1
2732 	1
2736 	1
2737 	1
2738 	1
2739 	1
2740 	1
2743 	1
2744 	1
2749 	1
2750 	1
2755 	1
2756 	1
2757 	1
2758 	1
2760 	1
2762 	1
2763 	1
2764 	1
2766 	1
2768 	1
2770 	1
2780 	1
2781 	1
2783 	1
2786 	1
2787 	1
2788 	1
2791 	1
2792 	1
2794 	1
2796 	1
2797 	1
2799 	1
2802 	1
2803 	1
2806 	1
2813 	1
2814 	1
2817 	1
2819 	1
2820 	1
2822 	1
2828 	1
2829 	1
2831 	1
2836 	1
2837 	1
2841 	1
2843 	1
2844 	1
2845 	1
2846 	1
2847 	1
2848 	1
2849 	1
2855 	1
2857 	1
2858 	1
2860 	1
2864 	1
2867 	1
2868 	1
2869 	1
2870 	1
2872 	1
2873 	1
2874 	1
2878 	1
2880 	1
2883 	1
2885 	1
2887 	1
2890 	1
2893 	1
2894 	1
2896 	1
2897 	1
2900 	1
2903 	1
2905 	1
2912 	1
2918 	1
2919 	1
2921 	1
2924 	1
2927 	1
2932 	1
2935 	1
2941 	1
2942 	1
2945 	1
2947 	1
2952 	1
2953 	1
2956 	1
2957 	1
2959 	1
2963 	1
2965 	1
2966 	1
2967 	1
2968 	1
2969 	1
2970 	1
2974 	1
2975 	1
2977 	1
2978 	1
2983 	1
2986 	1
2988 	1
2993 	1
2994 	1
2995 	1
2996 	1
3000 	1
3001 	1
3002 	1
3005 	1
3007 	1
3008 	1
3009 	1
3010 	1
3011 	1
3012 	1
3016 	1
3017 	1
3027 	1
3028 	1
3034 	1
3036 	1
3037 	1
3039 	1
3042 	1
3045 	1
3046 	1
3049 	1
3053 	1
3054 	1
3057 	1
3059 	1
3062 	1
3064 	1
3066 	1
3068 	1
3071 	1
3073 	1
3075 	1
3076 	1
3077 	1
3078 	1
3080 	1
3084 	1
3086 	1
3087 	1
3091 	1
3093 	1
3094 	1
3097 	1
3098 	1
3100 	1
3102 	1
3103 	1
3104 	1
3107 	1
3111 	1
3112 	1
3114 	1
3115 	1
3122 	1
3123 	1
3129 	1
3131 	1
3132 	1
3141 	1
3144 	1
3146 	1
3147 	1
3149 	1
3150 	1
3151 	1
3152 	1
3153 	1
3154 	1
3162 	1
3164 	1
3166 	1
3170 	1
3172 	1
3181 	1
3183 	1
3189 	1
3190 	1
3192 	1
3195 	1
3197 	1
3198 	1
3199 	1
3201 	1
3204 	1
3205 	1
3206 	1
3207 	1
3212 	1
3214 	1
3216 	1
3219 	1
3220 	1
3222 	1
3224 	1
3225 	1
3228 	1
3232 	1
3237 	1
3238 	1
3240 	1
3241 	1
3243 	1
3246 	1
3249 	1
3250 	1
3256 	1
3257 	1
3258 	1
3259 	1
3261 	1
3263 	1
3264 	1
3267 	1
3268 	1
3271 	1
3277 	1
3278 	1
3280 	1
3282 	1
3283 	1
3284 	1
3286 	1
3290 	1
3292 	1
3293 	1
3296 	1
3298 	1
3302 	1
3303 	1
3304 	1
3311 	1
3314 	1
3315 	1
3317 	1
3318 	1
3319 	1
3320 	1
3323 	1
3324 	1
3326 	1
3327 	1
3328 	1
3334 	1
3335 	1
3336 	1
3339 	1
3344 	1
3345 	1
3350 	1
3351 	1
3353 	1
3355 	1
3357 	1
3363 	1
3364 	1
3366 	1
3372 	1
3374 	1
3375 	1
3376 	1
3378 	1
3382 	1
3384 	1
3388 	1
3390 	1
3392 	1
3393 	1
3394 	1
3395 	1
3397 	1
3398 	1
3404 	1
3405 	1
3409 	1
3410 	1
3411 	1
3414 	1
3415 	1
3419 	1
3424 	1
3431 	1
3435 	1
3439 	1
3444 	1
3447 	1
3448 	1
3449 	1
3450 	1
3451 	1
3453 	1
3455 	1
3459 	1
3465 	1
3468 	1
3470 	1
3471 	1
3478 	1
3480 	1
3482 	1
3483 	1
3484 	1
3486 	1
3487 	1
3490 	1
3492 	1
3493 	1
3496 	1
3498 	1
3499 	1
3500 	1
3501 	1
3502 	1
3504 	1
3506 	1
3511 	1
3513 	1
3514 	1
3517 	1
3518 	1
3519 	1
3524 	1
3525 	1
3526 	1
3528 	1
3529 	1
3539 	1
3540 	1
3542 	1
3543 	1
3549 	1
3550 	1
3552 	1
3556 	1
3559 	1
3561 	1
3565 	1
3566 	1
3568 	1
3569 	1
3570 	1
3577 	1
3579 	1
3582 	1
3586 	1
3587 	1
3590 	1
3592 	1
3593 	1
3594 	1
3597 	1
3598 	1
3601 	1
3602 	1
3603 	1
3605 	1
3606 	1
3608 	1
3611 	1
3613 	1
3621 	1
3627 	1
3629 	1
3630 	1
3633 	1
3634 	1
3637 	1
3638 	1
3640 	1
3643 	1
3644 	1
3645 	1
3648 	1
3651 	1
3654 	1
3655 	1
3657 	1
3658 	1
3659 	1
3661 	1
3666 	1
3669 	1
3670 	1
3671 	1
3673 	1
3674 	1
3677 	1
3678 	1
3679 	1
3680 	1
3682 	1
3688 	1
3689 	1
3693 	1
3695 	1
3701 	1
3702 	1
3706 	1
3709 	1
3711 	1
3714 	1
3716 	1
3718 	1
3719 	1
3720 	1
3725 	1
3727 	1
3728 	1
3729 	1
3730 	1
3733 	1
3736 	1
3739 	1
3740 	1
3744 	1
3748 	1
3749 	1
3751 	1
3754 	1
3759 	1
3760 	1
3762 	1
3763 	1
3765 	1
3766 	1
3771 	1
3773 	1
3774 	1
3779 	1
3782 	1
3783 	1
3785 	1
3786 	1
3789 	1
3790 	1
3791 	1
3796 	1
3801 	1
3810 	1
3814 	1
3817 	1
3823 	1
3824 	1
3825 	1
3828 	1
3829 	1
3834 	1
3837 	1
3838 	1
3839 	1
3844 	1
3846 	1
3847 	1
3848 	1
3849 	1
3851 	1
3855 	1
3857 	1
3858 	1
3859 	1
3861 	1
3862 	1
3864 	1
3870 	1
3871 	1
3873 	1
3874 	1
3882 	1
3883 	1
3886 	1
3888 	1
3889 	1
3890 	1
3893 	1
3895 	1
3901 	1
3903 	1
3906 	1
3908 	1
3909 	1
3911 	1
3912 	1
3913 	1
3915 	1
3922 	1
3924 	1
3926 	1
3927 	1
3931 	1
3932 	1
3933 	1
3935 	1
3937 	1
3939 	1
3941 	1
3944 	1
3948 	1
3949 	1
3951 	1
3954 	1
3958 	1
3959 	1
3961 	1
3962 	1
3963 	1
3964 	1
3971 	1
3973 	1
3974 	1
3976 	1
3980 	1
3981 	1
3984 	1
3987 	1
3993 	1
3996 	1
3997 	1
3998 	1
4010 	1
4011 	1
4013 	1
4014 	1
4017 	1
4018 	1
4019 	1
4024 	1
4025 	1
4026 	1
4027 	1
4029 	1
4030 	1
4032 	1
4033 	1
4038 	1
4040 	1
4041 	1
4042 	1
4043 	1
4047 	1
4049 	1
4053 	1
4057 	1
4059 	1
4061 	1
4062 	1
4063 	1
4065 	1
4066 	1
4069 	1
4072 	1
4075 	1
4076 	1
4078 	1
4081 	1
4082 	1
4083 	1
4084 	1
4087 	1
4090 	1
4091 	1
4094 	1
4095 	1
4101 	1
4104 	1
4105 	1
4108 	1
4110 	1
4111 	1
4112 	1
4114 	1
4115 	1
4116 	1
4117 	1
4119 	1
4122 	1
4123 	1
4125 	1
4126 	1
4127 	1
4128 	1
4129 	1
4130 	1
4133 	1
4136 	1
4137 	1
4139 	1
4140 	1
4148 	1
4149 	1
4150 	1
4155 	1
4169 	1
4170 	1
4172 	1
4174 	1
4178 	1
4179 	1
4182 	1
4183 	1
4184 	1
4192 	1
4194 	1
4198 	1
4199 	1
4201 	1
4203 	1
4204 	1
4207 	1
4209 	1
4210 	1
4211 	1
4212 	1
4215 	1
4216 	1
4219 	1
4222 	1
4225 	1
4226 	1
4233 	1
4237 	1
4239 	1
4242 	1
4243 	1
4245 	1
4248 	1
4253 	1
4256 	1
4260 	1
4261 	1
4265 	1
4266 	1
4267 	1
4270 	1
4272 	1
4274 	1
4275 	1
4279 	1
4280 	1
4281 	1
4282 	1
4284 	1
4285 	1
4286 	1
4289 	1
4294 	1
4297 	1
4299 	1
4301 	1
4302 	1
4303 	1
4306 	1
4308 	1
4309 	1
4317 	1
4318 	1
4321 	1
4324 	1
4326 	1
4328 	1
4329 	1
4330 	1
4332 	1
4333 	1
4334 	1
4335 	1
4337 	1
4341 	1
4350 	1
4351 	1
4352 	1
4354 	1
4355 	1
4356 	1
4357 	1
4358 	1
4361 	1
4365 	1
4367 	1
4374 	1
4377 	1
4379 	1
4381 	1
4382 	1
4386 	1
4389 	1
4390 	1
4393 	1
4394 	1
4395 	1
4397 	1
4399 	1
4402 	1
4405 	1
4408 	1
4411 	1
4412 	1
4416 	1
4419 	1
4424 	1
4428 	1
4429 	1
4434 	1
4435 	1
4437 	1
4440 	1
4441 	1
4442 	1
4445 	1
4448 	1
4449 	1
4454 	1
4455 	1
4460 	1
4461 	1
4462 	1
4466 	1
4467 	1
4469 	1
4470 	1
4472 	1
4474 	1
4475 	1
4478 	1
4481 	1
4482 	1
4486 	1
4487 	1
4488 	1
4490 	1
4494 	1
4496 	1
4497 	1
4498 	1
4500 	1
4503 	1
4507 	1
4510 	1
4514 	1
4515 	1
4517 	1
4519 	1
4521 	1
4524 	1
4526 	1
4529 	1
4530 	1
4531 	1
4537 	1
4540 	1
4543 	1
4544 	1
4545 	1
4547 	1
4548 	1
4551 	1
4552 	1
4553 	1
4554 	1
4558 	1
4562 	1
4563 	1
4565 	1
4567 	1
4569 	1
4570 	1
4571 	1
4572 	1
4578 	1
4585 	1
4586 	1
4587 	1
4592 	1
4597 	1
4598 	1
4605 	1
4606 	1
4608 	1
4609 	1
4612 	1
4615 	1
4617 	1
4618 	1
4619 	1
4620 	1
4623 	1
4624 	1
4626 	1
4627 	1
4628 	1
4631 	1
4634 	1
4636 	1
4637 	1
4639 	1
4640 	1
4645 	1
4646 	1
4648 	1
4649 	1
4652 	1
4659 	1
4666 	1
4668 	1
4671 	1
4672 	1
4673 	1
4674 	1
4676 	1
4677 	1
4681 	1
4683 	1
4690 	1
4691 	1
4692 	1
4693 	1
4696 	1
4697 	1
4701 	1
4702 	1
4703 	1
4706 	1
4707 	1
4709 	1
4713 	1
4716 	1
4720 	1
4722 	1
4723 	1
4728 	1
4729 	1
4731 	1
4733 	1
4737 	1
4740 	1
4742 	1
4744 	1
4746 	1
4748 	1
4749 	1
4750 	1
4753 	1
4756 	1
4758 	1
4760 	1
4764 	1
4768 	1
4770 	1
4773 	1
4774 	1
4780 	1
4783 	1
4784 	1
4785 	1
4787 	1
4789 	1
4790 	1
4792 	1
4794 	1
4797 	1
4798 	1
4802 	1
4805 	1
4809 	1
4811 	1
4812 	1
4814 	1
4816 	1
4820 	1
4824 	1
4825 	1
4826 	1
4827 	1
4828 	1
4830 	1
4834 	1
4838 	1
4839 	1
4840 	1
4841 	1
4842 	1
4843 	1
4846 	1
4857 	1
4859 	1
4860 	1
4861 	1
4862 	1
4863 	1
4865 	1
4866 	1
4867 	1
4872 	1
4875 	1
4877 	1
4878 	1
4879 	1
4881 	1
4882 	1
4884 	1
4885 	1
4886 	1
4889 	1
4892 	1
4893 	1
4894 	1
4895 	1
4896 	1
4898 	1
4908 	1
4909 	1
4913 	1
4914 	1
4917 	1
4920 	1
4921 	1
4922 	1
4924 	1
4927 	1
4928 	1
4931 	1
4932 	1
4933 	1
4936 	1
4938 	1
4939 	1
4942 	1
4943 	1
4946 	1
4951 	1
4952 	1
4954 	1
4955 	1
4962 	1
4963 	1
4965 	1
4967 	1
4971 	1
4974 	1
4975 	1
4978 	1
4979 	1
4980 	1
4983 	1
4988 	1
4991 	1
4993 	1
4998 	1
4999 	1
5001 	1
5004 	1
5005 	1
5006 	1
5007 	1
5009 	1
5010 	1
5011 	1
5013 	1
5014 	1
5015 	1
5017 	1
5018 	1
5020 	1
5023 	1
5025 	1
5028 	1
5031 	1
5032 	1
5034 	1
5035 	1
5036 	1
5038 	1
5043 	1
5044 	1
5046 	1
5049 	1
5051 	1
5052 	1
5055 	1
5057 	1
5058 	1
5059 	1
5061 	1
5069 	1
5070 	1
5078 	1
5079 	1
5080 	1
5083 	1
5086 	1
5089 	1
5090 	1
5091 	1
5093 	1
5095 	1
5103 	1
5104 	1
5108 	1
5111 	1
5114 	1
5118 	1
5119 	1
5122 	1
5123 	1
5126 	1
5128 	1
5129 	1
5131 	1
5133 	1
5134 	1
5136 	1
5140 	1
5142 	1
5150 	1
5151 	1
5155 	1
5157 	1
5158 	1
5160 	1
5161 	1
5165 	1
5166 	1
5167 	1
5173 	1
5174 	1
5175 	1
5176 	1
5178 	1
5179 	1
5180 	1
5181 	1
5189 	1
5197 	1
5200 	1
5202 	1
5204 	1
5206 	1
5207 	1
5210 	1
5212 	1
5213 	1
5215 	1
5217 	0.147093023256
5218 	1
5222 	1
5223 	1
5226 	1
5227 	1
5228 	1
5229 	1
5236 	1
5241 	1
5242 	1
5243 	1
5244 	1
5246 	1
5249 	1
5251 	1
5253 	1
5256 	1
5258 	1
5260 	1
5262 	1
5265 	1
5266 	1
5268 	1
5270 	1
5271 	1
5273 	1
5274 	1
5275 	1
5277 	1
5278 	1
5281 	1
5283 	1
5286 	1
5293 	1
5294 	1
5296 	1
5298 	1
5299 	1
5305 	1
5306 	1
5308 	1
5311 	1
5315 	1
5317 	1
5320 	1
5321 	1
5324 	1
5326 	1
5330 	1
5331 	1
5333 	1
5334 	1
5336 	1
5339 	1
5340 	1
5341 	1
5343 	1
5344 	1
5348 	1
5352 	1
5353 	1
5354 	1
5356 	1
5358 	1
5359 	1
5360 	1
5361 	1
5363 	1
5368 	1
5369 	1
5374 	1
5376 	1
5377 	1
5379 	1
5380 	1
5382 	1
5384 	1
5385 	1
5387 	1
5389 	1
5391 	1
5392 	1
5393 	1
5396 	1
5397 	1
5398 	1
5400 	1
5402 	1
5406 	1
5407 	1
5411 	1
5413 	1
5416 	1
5421 	1
5424 	1
5426 	1
5428 	1
5432 	1
5433 	1
5436 	1
5437 	1
5439 	1
5442 	1
5444 	1
5451 	1
5453 	1
5456 	1
5459 	1
5460 	1
5462 	1
5464 	1
5467 	1
5476 	1
5481 	1
5482 	1
5487 	1
5488 	1
5493 	1
5495 	1
5503 	1
5507 	1
5509 	1
5513 	1
5516 	1
5518 	1
5519 	1
5520 	1
5521 	1
5524 	1
5525 	1
5526 	1
5530 	1
5536 	1
5537 	1
5538 	1
5541 	1
5542 	1
5543 	1
5544 	1
5546 	1
5547 	1
5554 	1
5557 	1
5560 	1
5561 	1
5562 	1
5566 	1
5568 	1
5569 	1
5570 	1
5572 	1
5575 	1
5577 	1
5578 	1
5580 	1
5584 	1
5587 	1
5595 	1
5597 	1
5607 	1
5610 	1
5612 	1
5615 	1
5620 	1
5623 	1
5624 	1
5625 	1
5629 	1
5633 	1
5634 	1
5635 	1
5637 	1
5638 	1
5640 	1
5641 	1
5643 	1
5646 	1
5648 	1
5649 	1
5653 	1
5654 	1
5656 	1
5657 	1
5665 	1
5666 	1
5669 	1
5672 	1
5678 	1
5680 	1
5685 	1
5686 	1
5687 	1
5688 	1
5690 	1
5694 	1
5695 	1
5701 	1
5702 	1
5703 	1
5706 	1
5707 	1
5710 	1
5711 	1
5712 	1
5714 	1
5715 	1
5719 	1
5720 	1
5729 	1
5730 	1
5734 	1
5735 	1
5737 	1
5740 	1
5742 	1
5749 	1
5750 	1
5753 	1
5759 	1
5760 	1
5762 	1
5764 	1
5766 	1
5769 	1
5773 	1
5776 	1
5778 	1
5779 	1
5780 	1
5786 	1
5788 	1
5789 	1
5790 	1
5791 	1
5792 	1
5793 	1
5796 	1
5801 	1
5803 	1
5808 	1
5809 	1
5811 	1
5815 	1
5823 	1
5825 	1
5827 	1
5831 	1
5833 	1
5834 	1
5838 	1
5839 	1
5840 	1
5841 	1
5842 	1
5846 	1
5847 	1
5848 	1
5855 	1
5860 	1
5870 	1
5872 	1
5873 	1
5874 	1
5877 	1
5878 	1
5882 	1
5885 	1
5888 	1
5889 	1
5892 	1
5896 	1
5901 	1
5902 	1
5907 	1
5913 	1
5914 	1
5917 	1
5922 	1
5923 	1
5924 	1
5927 	1
5929 	1
5934 	1
5936 	1
5938 	1
5939 	1
5941 	1
5942 	1
5944 	1
5947 	1
5948 	1
5949 	1
5951 	1
5952 	1
5954 	1
5956 	1
5957 	1
5958 	1
5959 	1
5961 	1
5962 	1
5964 	1
5965 	1
5967 	1
5968 	1
5969 	1
5971 	1
5974 	1
5976 	1
5977 	1
5981 	1
5982 	1
5984 	1
5988 	1
5999 	1
6000 	1
6002 	1
6004 	1
6012 	1
6013 	1
6015 	1
6016 	1
6019 	1
6027 	1
6029 	1
6032 	1
6035 	1
6036 	1
6038 	1
6039 	1
6040 	1
6042 	1
6043 	1
6044 	1
6045 	1
6046 	1
6047 	1
6048 	1
6053 	1
6054 	1
6056 	1
6057 	1
6059 	1
6060 	1
6063 	1
6064 	1
6067 	1
6070 	1
6071 	1
6074 	1
6076 	1
6077 	1
6078 	1
6086 	1
6087 	1
6089 	1
6090 	1
6092 	1
6095 	1
6097 	1
6101 	1
6104 	1
6106 	1
6109 	1
6113 	1
6116 	1
6121 	1
6123 	1
6124 	1
6126 	1
6127 	1
6129 	1
6131 	1
6134 	1
6137 	1
6139 	1
6141 	1
6142 	1
6143 	1
6145 	1
6146 	1
6147 	1
6148 	1
6151 	1
6152 	1
6153 	1
6156 	1
6161 	1
6164 	1
6167 	1
6168 	1
6172 	1
6179 	1
6182 	1
6187 	1
6188 	1
6196 	1
6197 	1
6206 	1
6207 	1
6208 	1
6209 	1
6211 	1
6214 	1
6216 	1
6217 	1
6220 	1
6221 	1
6224 	1
6225 	1
6227 	1
6228 	1
6229 	1
6230 	1
6231 	1
6232 	1
6233 	1
6234 	1
6235 	1
6239 	1
6240 	1
6246 	1
6247 	1
6250 	1
6251 	1
6253 	1
6255 	1
6256 	1
6259 	1
6262 	1
6264 	1
6267 	1
6270 	1
6274 	1
6276 	1
6277 	1
6278 	1
6280 	1
6282 	1
6285 	1
6287 	1
6288 	1
6293 	1
6294 	1
6297 	1
6298 	1
6307 	1
6310 	1
6312 	1
6314 	1
6315 	1
6317 	1
6318 	1
6319 	1
6325 	1
6326 	1
6328 	1
6329 	1
6332 	1
6333 	1
6338 	1
6339 	1
6344 	1
6348 	1
6349 	1
6353 	1
6354 	1
6361 	1
6364 	1
6373 	1
6375 	1
6376 	1
6377 	1
6379 	1
6380 	1
6382 	1
6383 	1
6386 	1
6387 	1
6389 	1
6394 	1
6395 	1
6396 	1
6399 	1
6401 	1
6402 	1
6403 	1
6405 	1
6407 	1
6408 	1
6409 	1
6410 	1
6413 	1
6415 	1
6416 	1
6417 	1
6421 	1
6423 	1
6424 	1
6431 	1
6432 	1
6433 	1
6436 	1
6439 	1
6442 	1
6443 	1
6444 	1
6445 	1
6448 	1
6450 	1
6451 	1
6454 	1
6459 	1
6460 	1
6461 	1
6462 	1
6463 	1
6465 	1
6466 	1
6469 	1
6470 	1
6471 	1
6476 	1
6477 	1
6480 	1
6482 	1
6488 	1
6491 	1
6493 	1
6499 	1
6500 	1
6502 	1
6507 	1
6509 	1
6510 	1
6512 	1
6513 	1
6517 	1
6519 	1
6524 	1
6525 	1
6527 	1
6528 	1
6530 	1
6535 	1
6536 	1
6538 	1
6544 	1
6551 	1
6552 	1
6553 	1
6554 	1
6556 	1
6560 	1
6561 	1
6563 	1
6568 	1
6569 	1
6570 	1
6572 	1
6574 	1
6575 	1
6578 	1
6583 	1
6584 	1
6592 	1
6595 	1
6596 	1
6597 	1
6599 	1
6600 	1
6609 	1
6614 	1
6615 	1
6619 	1
6621 	1
6624 	1
6626 	1
6630 	1
6631 	1
6632 	1
6635 	1
6637 	1
6639 	1
6640 	1
6644 	1
6648 	1
6649 	1
6653 	1
6656 	1
6658 	1
6660 	1
6662 	1
6664 	1
6665 	1
6668 	1
6669 	1
6673 	1
6674 	1
6675 	1
6678 	1
6679 	1
6680 	1
6682 	1
6683 	1
6685 	1
6686 	1
6689 	1
6695 	1
6698 	1
6700 	1
6701 	1
6704 	1
6706 	1
6707 	1
6709 	1
6711 	1
6712 	1
6713 	1
6717 	1
6718 	1
6721 	1
6722 	1
6723 	1
6724 	1
6725 	1
6728 	1
6729 	1
6730 	1
6735 	1
6737 	1
6738 	1
6739 	1
6741 	1
6745 	1
6746 	1
6753 	1
6756 	1
6759 	1
6765 	1
6766 	1
6768 	1
6772 	1
6775 	1
6776 	1
6777 	1
6783 	1
6788 	1
6791 	1
6793 	1
6796 	1
6799 	1
6803 	1
6804 	1
6806 	1
6809 	1
6810 	1
6816 	1
6817 	1
6818 	1
6824 	1
6825 	1
6828 	1
6832 	1
6834 	1
6835 	1
6836 	1
6838 	1
6839 	1
6841 	1
6842 	1
6844 	1
6845 	1
6846 	1
6847 	1
6848 	1
6849 	1
6853 	1
6857 	1
6858 	1
6861 	1
6863 	1
6866 	1
6867 	1
6869 	1
6870 	1
6871 	1
6874 	1
6878 	1
6880 	1
6883 	1
6884 	1
6887 	1
6888 	1
6891 	1
6892 	1
6893 	1
6894 	1
6898 	1
6899 	1
6900 	1
6904 	1
6905 	1
6906 	1
6908 	1
6913 	1
6920 	1
6926 	1
6927 	1
6928 	1
6930 	1
6931 	1
6934 	1
6936 	1
6938 	1
6943 	1
6946 	1
6947 	1
6949 	1
6954 	1
6955 	1
6956 	1
6957 	1
6960 	1
6963 	1
6965 	1
6968 	1
6969 	1
6970 	1
6971 	1
6974 	1
6976 	1
6978 	1
6981 	1
6982 	1
6985 	1
6989 	1
6991 	1
6995 	1
6996 	1
7000 	1
7001 	1
7002 	1
7006 	1
7009 	1
7021 	1
7024 	1
7026 	1
7028 	1
7038 	1
7039 	1
7040 	1
7041 	1
7042 	1
7045 	1
7046 	1
7047 	1
7048 	1
7049 	1
7051 	1
7053 	1
7054 	1
7057 	1
7063 	1
7066 	1
7069 	1
7072 	1
7074 	1
7078 	1
7080 	1
7082 	1
7083 	1
7086 	1
7090 	1
7093 	1
7099 	1
7102 	1
7103 	1
7104 	1
7105 	1
7107 	1
7109 	1
7110 	1
7111 	1
7113 	1
7114 	1
7116 	1
7119 	1
7120 	1
7122 	1
7123 	1
7125 	1
7126 	1
7127 	1
7130 	1
7132 	1
7135 	1
7141 	1
7142 	1
7145 	1
7146 	1
7147 	1
7150 	1
7151 	1
7152 	1
7155 	1
7156 	1
7159 	1
7165 	1
7169 	1
7175 	1
7178 	1
7184 	1
7185 	1
7187 	1
7189 	1
7190 	1
7193 	1
7196 	1
7198 	1
7199 	1
7200 	1
7201 	1
7202 	1
7205 	1
7206 	1
7208 	1
7213 	1
7214 	1
7215 	1
7217 	1
7219 	1
7223 	1
7225 	1
7226 	1
7230 	1
7232 	1
7233 	1
7237 	1
7238 	1
7239 	1
7246 	1
7250 	1
7251 	1
7253 	1
7255 	1
7259 	1
7261 	1
7265 	1
7267 	1
7268 	1
7270 	1
7271 	1
7272 	1
7274 	1
7279 	1
7282 	1
7284 	1
7285 	1
7290 	1
7291 	1
7292 	1
7294 	1
7296 	1
7298 	1
7299 	1
7300 	1
7301 	1
7304 	1
7306 	1
7308 	1
7310 	1
7311 	1
7314 	1
7320 	1
7321 	1
7325 	1
7326 	1
7334 	1
7336 	1
7339 	1
7340 	1
7341 	1
7343 	1
7346 	1
7349 	1
7354 	1
7356 	1
7358 	1
7360 	1
7364 	1
7367 	1
7371 	1
7372 	1
7375 	1
7377 	1
7378 	1
7379 	1
7380 	1
7382 	1
7384 	1
7386 	1
7387 	1
7388 	1
7392 	1
7393 	1
7396 	1
7398 	1
7403 	1
7404 	1
7405 	1
7407 	1
7411 	1
7414 	1
7417 	1
7419 	1
7420 	1
7421 	1
7422 	1
7426 	1
7427 	1
7428 	1
7429 	1
7432 	1
7433 	1
7434 	1
7435 	1
7438 	1
7440 	1
7442 	1
7443 	1
7446 	1
7448 	1
7450 	1
7452 	1
7455 	1
7460 	1
7461 	1
7463 	1
7464 	1
7468 	1
7470 	1
7471 	1
7472 	1
7473 	1
7478 	1
7480 	1
7481 	1
7486 	1
7487 	1
7488 	1
7489 	1
7490 	1
7503 	1
7505 	1
7508 	1
7509 	1
7511 	1
7516 	1
7519 	1
7520 	1
7522 	1
7523 	1
7524 	1
7525 	1
7528 	1
7530 	1
7534 	1
7535 	1
7536 	1
7538 	1
7539 	1
7540 	1
7541 	1
7542 	1
7543 	1
7544 	1
7547 	1
7551 	1
7560 	1
7564 	1
7566 	1
7567 	1
7568 	1
7572 	1
7573 	1
7574 	1
7575 	1
7576 	1
7577 	1
7582 	1
7586 	1
7589 	1
7591 	1
7593 	1
7596 	1
7597 	1
7599 	1
7602 	1
7603 	1
7606 	1
7607 	1
7608 	1
7609 	1
7610 	1
7612 	1
7615 	1
7616 	1
7618 	1
7620 	1
7628 	1
7629 	1
7630 	1
7631 	1
7632 	1
7633 	1
7634 	1
7641 	1
7644 	1
7645 	1
7646 	1
7647 	1
7648 	1
7649 	1
7651 	1
7659 	1
7661 	1
7662 	1
7665 	1
7666 	1
7668 	1
7671 	1
7674 	1
7675 	1
7679 	1
7681 	1
7683 	1
7684 	1
7687 	1
7690 	1
7692 	1
7694 	1
7696 	1
7699 	1
7704 	1
7709 	1
7711 	1
7716 	1
7718 	1
7719 	1
7722 	1
7727 	1
7729 	1
7731 	1
7732 	1
7733 	1
7734 	1
7736 	1
7737 	1
7738 	1
7739 	1
7742 	1
7743 	1
7744 	1
7747 	1
7748 	1
7753 	1
7756 	1
7761 	1
7763 	1
7767 	1
7768 	1
7769 	1
7770 	1
7774 	1
7776 	1
7779 	1
7782 	1
7784 	1
7785 	1
7787 	1
7788 	1
7789 	1
7792 	1
7794 	1
7796 	1
7797 	1
7800 	1
7802 	1
7803 	1
7805 	1
7808 	1
7809 	1
7813 	1
7815 	1
7816 	1
7818 	1
7821 	1
7822 	1
7823 	1
7828 	1
7833 	1
7834 	1
7836 	1
7839 	1
7840 	1
7841 	1
7843 	1
7844 	1
7845 	1
7846 	1
7857 	1
7860 	1
7861 	1
7863 	1
7864 	1
7865 	1
7866 	1
7868 	1
7869 	1
7877 	1
7878 	1
7882 	1
7883 	1
7885 	1
7887 	1
7889 	1
7892 	1
7895 	1
7897 	1
7902 	1
7908 	1
7914 	1
7915 	1
7916 	1
7920 	1
7921 	1
7924 	1
7927 	1
7928 	1
7933 	1
7936 	1
7937 	1
7938 	1
7941 	1
7944 	1
7947 	1
7949 	1
7950 	1
7952 	1
7959 	1
7964 	1
7965 	1
7967 	1
7971 	1
7977 	1
7980 	1
7981 	1
7984 	1
7985 	1
7988 	1
7989 	1
7991 	1
7994 	1
7997 	1
7998 	1
8004 	1
8006 	1
8010 	1
8011 	1
8014 	1
8015 	1
8016 	1
8017 	1
8018 	1
8019 	1
8021 	1
8023 	1
8028 	1
8031 	1
8038 	1
8044 	1
8046 	1
8050 	1
8051 	1
8060 	1
8062 	1
8064 	1
8065 	1
8066 	1
8067 	1
8068 	1
8069 	1
8071 	1
8079 	1
8081 	1
8084 	1
8087 	1
8092 	1
8094 	1
8095 	1
8096 	1
8097 	1
8101 	1
8103 	1
8106 	1
8111 	1
8113 	1
8116 	1
8117 	1
8122 	1
8123 	1
8125 	1
8126 	1
8127 	1
8128 	1
8131 	1
8133 	1
8136 	1
8137 	1
8145 	1
8146 	1
8148 	1
8150 	1
8154 	1
8158 	1
8162 	1
8164 	1
8165 	1
8167 	1
8168 	1
8170 	1
8172 	1
8174 	1
8176 	1
8177 	1
8178 	1
8179 	1
8182 	1
8184 	1
8185 	1
8190 	1
8191 	1
8197 	1
8198 	1
8200 	1
8203 	1
8206 	1
8207 	1
8208 	1
8211 	1
8216 	1
8217 	1
8218 	1
8220 	1
8222 	1
8223 	1
8224 	1
8225 	1
8226 	1
8229 	1
8230 	1
8232 	1
8234 	1
8241 	1
8242 	1
8244 	1
8248 	1
8249 	1
8250 	1
8255 	1
8258 	1
8259 	1
8268 	1
8271 	1
8272 	1
8273 	1
8276 	1
8278 	1
8279 	1
8282 	1
8285 	1
8290 	1
8291 	1
8292 	1
8293 	1
8298 	1
8301 	1
8303 	1
8304 	1
8305 	1
8308 	1
8311 	1
8321 	1
8322 	1
8323 	1
8324 	1
8325 	1
8326 	1
8329 	1
8330 	1
8332 	1
8335 	1
8336 	1
8339 	1
8343 	1
8344 	1
8346 	1
8347 	1
8348 	1
8349 	1
8350 	1
8351 	1
8355 	1
8356 	1
8357 	1
8358 	1
8359 	1
8361 	1
8362 	1
8363 	1
8364 	1
8365 	1
8367 	1
8371 	1
8372 	1
8374 	1
8376 	1
8378 	1
8381 	1
8383 	1
8384 	1
8390 	1
8393 	1
8394 	1
8396 	1
8397 	1
8401 	1
8402 	1
8405 	1
8406 	1
8408 	1
8410 	1
8411 	1
8414 	1
8416 	1
8427 	1
8430 	1
8431 	1
8435 	1
8439 	1
8440 	1
8441 	1
8442 	1
8443 	1
8445 	1
8447 	1
8452 	1
8454 	1
8460 	1
8469 	1
8472 	1
8478 	1
8481 	1
8487 	1
8488 	1
8489 	1
8491 	1
8492 	1
8494 	1
8495 	1
8497 	1
8500 	1
8504 	1
8505 	1
8506 	1
8507 	1
8508 	1
8509 	1
8511 	1
8512 	1
8513 	1
8519 	1
8522 	1
8524 	1
8527 	1
8528 	1
8529 	1
8530 	1
8532 	1
8535 	1
8538 	1
8542 	1
8545 	1
8546 	1
8550 	1
8552 	1
8553 	1
8554 	1
8555 	1
8561 	1
8563 	1
8565 	1
8566 	1
8567 	1
8568 	1
8570 	1
8577 	1
8578 	1
8580 	1
8581 	1
8582 	1
8584 	1
8586 	1
8588 	1
8589 	1
8590 	1
8592 	1
8597 	1
8599 	1
8602 	1
8606 	1
8608 	1
8609 	1
8612 	1
8614 	1
8615 	1
8619 	1
8620 	1
8622 	1
8623 	1
8624 	1
8625 	1
8626 	1
8628 	1
8629 	1
8630 	1
8631 	1
8632 	1
8635 	1
8638 	1
8640 	1
8641 	1
8643 	1
8645 	1
8646 	1
8647 	1
8648 	1
8650 	1
8651 	1
8655 	1
8657 	1
8658 	1
8660 	1
8661 	1
8669 	1
8672 	1
8673 	1
8678 	1
8681 	1
8683 	1
8684 	1
8685 	1
8686 	1
8687 	1
8690 	1
8691 	1
8693 	1
8695 	1
8697 	1
8698 	1
8699 	1
8701 	1
8703 	1
8704 	1
8706 	1
8707 	1
8709 	1
8710 	1
8711 	1
8714 	1
8715 	1
8716 	1
8718 	1
8720 	1
8722 	1
8728 	1
8730 	1
8731 	1
8732 	1
8733 	1
8734 	1
8735 	1
8745 	1
8748 	1
8756 	1
8758 	1
8760 	1
8763 	1
8764 	1
8766 	1
8767 	1
8770 	1
8772 	1
8773 	1
8775 	1
8776 	1
8780 	1
8782 	1
8783 	1
8786 	1
8789 	1
8791 	1
8793 	1
8797 	1
8799 	1
8803 	1
8807 	1
8808 	1
8809 	1
8811 	1
8813 	1
8818 	1
8821 	1
8822 	1
8823 	1
8824 	1
8825 	1
8831 	1
8833 	1
8836 	1
8839 	1
8843 	1
8844 	1
8846 	1
8847 	1
8851 	1
8852 	1
8855 	1
8857 	1
8858 	1
8861 	1
8864 	1
8866 	1
8871 	1
8873 	1
8877 	1
8880 	1
8885 	1
8891 	1
8892 	1
8893 	1
8897 	1
8900 	1
8911 	1
8912 	1
8913 	1
8914 	1
8917 	1
8918 	1
8920 	1
8923 	1
8926 	1
8927 	1
8929 	1
8934 	1
8936 	1
8937 	1
8938 	1
8939 	1
8940 	1
8943 	1
8944 	1
8946 	1
8947 	1
8952 	1
8957 	1
8962 	1
8964 	1
8965 	1
8966 	1
8967 	1
8970 	1
8971 	1
8976 	1
8977 	1
8978 	1
8979 	1
8982 	1
8984 	1
8985 	1
8986 	1
8990 	1
8997 	1
8998 	1
8999 	1
9003 	1
9004 	1
9005 	1
9007 	1
9009 	1
9012 	1
9013 	1
9014 	1
9019 	1
9020 	1
9023 	1
9026 	1
9029 	1
9030 	1
9031 	1
9035 	1
9037 	1
9041 	1
9042 	1
9043 	1
9047 	1
9050 	1
9052 	1
9053 	1
9054 	1
9059 	1
9061 	1
9062 	1
9063 	1
9065 	1
9070 	1
9071 	1
9072 	1
9073 	1
9077 	1
9078 	1
9082 	1
9083 	1
9085 	1
9086 	1
9087 	1
9088 	1
9090 	1
9092 	1
9093 	1
9094 	1
9095 	1
9096 	1
9099 	1
9100 	1
9108 	1
9111 	1
9112 	1
9114 	1
9115 	1
9117 	1
9120 	1
9122 	1
9125 	1
9126 	1
9131 	1
9135 	1
9136 	1
9138 	1
9139 	1
9142 	1
9143 	1
9152 	1
9156 	1
9163 	1
9164 	1
9165 	1
9166 	1
9167 	1
9168 	1
9169 	1
9170 	1
9171 	1
9173 	1
9174 	1
9175 	1
9177 	1
9178 	1
9179 	1
9180 	1
9181 	1
9182 	1
9186 	1
9192 	1
9194 	1
9195 	1
9197 	1
9200 	1
9206 	1
9213 	1
9216 	1
9217 	1
9223 	1
9226 	1
9227 	1
9232 	1
9235 	1
9237 	1
9238 	1
9243 	1
9244 	1
9245 	1
9246 	1
9249 	1
9258 	1
9263 	1
9264 	1
9267 	1
9268 	1
9270 	1
9274 	1
9275 	1
9281 	1
9282 	1
9286 	1
9288 	1
9290 	1
9292 	1
9293 	1
9296 	1
9300 	1
9305 	1
9306 	1
9307 	1
9309 	1
9311 	1
9314 	1
9319 	1
9321 	1
9322 	1
9323 	1
9326 	1
9328 	1
9333 	1
9335 	1
9337 	1
9338 	1
9339 	1
9344 	1
9345 	1
9350 	1
9356 	1
9357 	1
9359 	1
9363 	1
9364 	1
9366 	1
9370 	1
9372 	1
9374 	1
9375 	1
9377 	1
9381 	1
9383 	1
9384 	1
9385 	1
9386 	1
9387 	1
9389 	1
9393 	1
9397 	1
9404 	1
9405 	1
9406 	1
9407 	1
9409 	1
9410 	1
9411 	1
9412 	1
9415 	1
9420 	1
9421 	1
9423 	1
9424 	1
9425 	1
9426 	1
9433 	1
9434 	1
9435 	1
9439 	1
9441 	1
9442 	1
9443 	1
9455 	1
9456 	1
9457 	1
9458 	1
9459 	1
9461 	1
9464 	1
9465 	1
9466 	1
9468 	1
9469 	1
9470 	1
9473 	1
9477 	1
9480 	1
9483 	1
9484 	1
9490 	1
9493 	1
9494 	1
9500 	1
9502 	1
9503 	1
9505 	1
9506 	1
9508 	1
9511 	1
9513 	1
9515 	1
9518 	1
9522 	1
9523 	1
9526 	1
9527 	1
9531 	1
9534 	1
9535 	1
9536 	1
9544 	1
9547 	1
9549 	1
9550 	1
9552 	1
9555 	1
9556 	1
9560 	1
9565 	1
9566 	1
9567 	1
9570 	1
9573 	1
9574 	1
9575 	1
9576 	1
9577 	1
9578 	1
9580 	1
9581 	1
9582 	1
9583 	1
9584 	1
9586 	1
9587 	1
9588 	1
9590 	1
9591 	1
9594 	1
9595 	1
9596 	1
9597 	1
9603 	1
9604 	1
9608 	1
9610 	1
9611 	1
9613 	1
9614 	1
9616 	1
9619 	1
9624 	1
9626 	1
9627 	1
9628 	1
9629 	1
9630 	1
9635 	1
9636 	1
9637 	1
9638 	1
9640 	1
9642 	1
9645 	1
9647 	1
9650 	1
9651 	1
9653 	1
9655 	1
9658 	1
9660 	1
9661 	1
9663 	1
9669 	1
9670 	1
9674 	1
9675 	1
9676 	1
9678 	1
9681 	1
9683 	1
9686 	1
9687 	1
9689 	1
9691 	1
9693 	1
9695 	1
9696 	1
9697 	1
9698 	1
9700 	1
9702 	1
9707 	1
9708 	1
9712 	1
9715 	1
9717 	1
9718 	1
9720 	1
9724 	1
9725 	1
9727 	1
9728 	1
9730 	1
9736 	1
9738 	1
9739 	1
9740 	1
9742 	1
9744 	1
9745 	1
9751 	1
9752 	1
9753 	1
9754 	1
9755 	1
9756 	1
9759 	1
9760 	1
9762 	1
9763 	1
9767 	1
9768 	1
9770 	1
9771 	1
9772 	1
9775 	1
9777 	1
9782 	1
9783 	1
9784 	1
9787 	1
9791 	1
9795 	1
9796 	1
9799 	1
9803 	1
9805 	1
9808 	1
9809 	1
9811 	1
9814 	1
9815 	1
9818 	1
9819 	1
9821 	1
9825 	1
9826 	1
9827 	1
9833 	1
9835 	1
9838 	1
9839 	1
9843 	1
9848 	1
9850 	1
9853 	1
9855 	1
9856 	1
9859 	1
9862 	1
9863 	1
9864 	1
9868 	1
9869 	1
9877 	1
9879 	1
9881 	1
9883 	1
9885 	1
9886 	1
9887 	1
9889 	1
9893 	1
9898 	1
9902 	1
9905 	1
9906 	1
9915 	1
9916 	1
9918 	1
9922 	1
9923 	1
9928 	1
9930 	1
9931 	1
9937 	1
9939 	1
9942 	1
9943 	1
9948 	1
9957 	1
9960 	1
9962 	1
9963 	1
9965 	1
9966 	1
9968 	1
9970 	1
9972 	1
9977 	1
9978 	1
9980 	1
9983 	1
9985 	1
9988 	1
9992 	1
9993 	1
9995 	1
9996 	1
9999 	1
10002 	1
10004 	1
10006 	1
10007 	1
10010 	1
10013 	1
10014 	1
10018 	1
10021 	1
10022 	1
10024 	1
10026 	1
10027 	1
10029 	1
10030 	1
10033 	1
10034 	1
10037 	1
10039 	1
10041 	1
10043 	1
10044 	1
10050 	1
10052 	1
10055 	1
10056 	1
10057 	1
10058 	1
10059 	1
10060 	1
10063 	1
10064 	1
10065 	1
10068 	1
10073 	1
10074 	1
10076 	1
10081 	1
10082 	1
10083 	1
10085 	1
10086 	1
10087 	1
10093 	1
10095 	1
10097 	1
10100 	1
10101 	1
10104 	1
10107 	1
10108 	1
10110 	1
10112 	1
10114 	1
10120 	1
10125 	1
10126 	1
10128 	1
10130 	1
10131 	1
10132 	1
10133 	1
10135 	1
10136 	1
10139 	1
10140 	1
10141 	1
10142 	1
10143 	1
10144 	1
10146 	1
10149 	1
10151 	1
10152 	1
10159 	1
10161 	1
10163 	1
10165 	1
10167 	1
10172 	1
10174 	1
10175 	1
10176 	1
10178 	1
10181 	1
10182 	1
10185 	1
10186 	1
10189 	1
10192 	1
10193 	1
10196 	1
10197 	1
10198 	1
10203 	1
10204 	1
10205 	1
10206 	1
10209 	1
10210 	1
10214 	1
10215 	1
10216 	1
10217 	1
10219 	1
10221 	1
10222 	1
10227 	1
10229 	1
10230 	1
10232 	1
10233 	1
10236 	1
10238 	1
10239 	1
10241 	1
10242 	1
10246 	1
10248 	1
10250 	1
10251 	1
10252 	1
10254 	1
10260 	1
10261 	1
10262 	1
10264 	1
10265 	1
10267 	1
10270 	1
10273 	1
10274 	1
10276 	1
10277 	1
10278 	1
10282 	1
10285 	1
10286 	1
10289 	1
10290 	1
10293 	1
10294 	1
10295 	1
10298 	1
10299 	1
10303 	1
10304 	1
10306 	1
10307 	1
10309 	1
10310 	1
10314 	1
10315 	1
10317 	1
10318 	1
10322 	1
10324 	1
10326 	1
10327 	1
10331 	1
10332 	1
10334 	1
10336 	1
10339 	1
10340 	1
10341 	1
10343 	1
10346 	1
10347 	1
10351 	1
10354 	1
10355 	1
10356 	1
10360 	1
10361 	1
10363 	1
10366 	1
10367 	1
10368 	1
10369 	1
10371 	1
10373 	1
10374 	1
10377 	1
10381 	1
10384 	1
10386 	1
10388 	1
10391 	1
10393 	1
10396 	1
10401 	1
10402 	1
10403 	1
10404 	1
10409 	1
10411 	1
10413 	1
10414 	1
10415 	1
10416 	1
10418 	1
10420 	1
10423 	1
10430 	1
10431 	1
10437 	1
10438 	1
10440 	1
10442 	1
10447 	1
10448 	1
10451 	1
10462 	1
10463 	1
10470 	1
10471 	1
10476 	1
10481 	1
10482 	1
10485 	1
10487 	1
10488 	1
10489 	1
10490 	1
10492 	1
10500 	1
10506 	1
10513 	1
10522 	1
10523 	1
10524 	1
10525 	1
10527 	1
10530 	1
10531 	1
10533 	1
10534 	1
10537 	1
10538 	1
10539 	1
10542 	1
10550 	1
10551 	1
10552 	1
10556 	1
10558 	1
10563 	1
10565 	1
10567 	1
10568 	1
10572 	1
10580 	1
10582 	1
10593 	1
10594 	1
10600 	1
10611 	1
10612 	1
10613 	1
10614 	1
10618 	1
10621 	1
10623 	1
10629 	1
10631 	1
10638 	1
10639 	1
10642 	1
10643 	1
10644 	1
10648 	1
10649 	1
10652 	1
10653 	1
10655 	1
10656 	1
10658 	1
10660 	1
10661 	1
10662 	1
10664 	1
10668 	1
10672 	1
10676 	1
10678 	1
10679 	1
10680 	1
10681 	1
10682 	1
10686 	1
10692 	1
10693 	1
10697 	1
10698 	1
10701 	1
10703 	1
10707 	1
10708 	1
10710 	1
10711 	1
10716 	1
10720 	1
10721 	1
10722 	1
10727 	1
10730 	1
10732 	1
10741 	1
10742 	1
10743 	1
10744 	1
10745 	1
10746 	1
10751 	1
10757 	1
10758 	1
10762 	1
10763 	1
10764 	1
10765 	1
10772 	1
10773 	1
10775 	1
10776 	1
10778 	1
10781 	1
10784 	1
10793 	1
10794 	1
10795 	1
10797 	1
10798 	1
10799 	1
10802 	1
10806 	1
10808 	1
10810 	1
10811 	1
10812 	1
10814 	1
10815 	1
10818 	1
10819 	1
10820 	1
10822 	1
10824 	1
10827 	1
10829 	1
10830 	1
10832 	1
10833 	1
10834 	1
10837 	1
10839 	1
10843 	1
10844 	1
10849 	1
10856 	1
10857 	1
10861 	1
10868 	1
10870 	1
10873 	1
10876 	1
10878 	1
10879 	1
10881 	1
10882 	1
10884 	1
10885 	1
10888 	1
10889 	1
10893 	1
10894 	1
10895 	1
10896 	1
10897 	1
10903 	1
10909 	1
10910 	1
10911 	1
10915 	1
10918 	1
10919 	1
10920 	1
10922 	1
10924 	1
10926 	1
10928 	1
10940 	1
10941 	1
10943 	1
10945 	1
10949 	1
10950 	1
10952 	1
10956 	1
10957 	1
10958 	1
10961 	1
10962 	1
10966 	1
10967 	1
10970 	1
10972 	1
10975 	1
10977 	1
10984 	1
10985 	1
10988 	1
10990 	1
10993 	1
10994 	1
10995 	1
10997 	1
11011 	1
11015 	1
11018 	1
11021 	1
11023 	1
11024 	1
11026 	1
11030 	1
11031 	1
11033 	1
11036 	1
11037 	1
11039 	1
11040 	1
11041 	1
11046 	1
11047 	1
11050 	1
11052 	1
11054 	1
11058 	1
11059 	1
11060 	1
11063 	1
11064 	1
11067 	1
11070 	1
11071 	1
11074 	1
11075 	1
11078 	1
11081 	1
11083 	1
11084 	1
11085 	1
11090 	1
11092 	1
11095 	1
11099 	1
11100 	1
11103 	1
11107 	1
11108 	1
11114 	1
11116 	1
11119 	1
11121 	1
11122 	1
11123 	1
11128 	1
11129 	1
11130 	1
11132 	1
11134 	1
11135 	1
11137 	1
11138 	1
11146 	1
11148 	1
11149 	1
11151 	1
11152 	1
11154 	1
11156 	1
11158 	1
11161 	1
11164 	1
11167 	1
11173 	1
11175 	1
11177 	1
11179 	1
11183 	1
11186 	1
11188 	1
11192 	1
11194 	1
11196 	1
11200 	1
11201 	1
11205 	1
11208 	1
11209 	1
11212 	1
11213 	1
11216 	1
11217 	1
11218 	1
11223 	1
11224 	1
11225 	1
11227 	1
11228 	1
11233 	1
11235 	1
11236 	1
11237 	1
11239 	1
11242 	1
11244 	1
11245 	1
11247 	1
11249 	1
11252 	1
11255 	1
11256 	1
11259 	1
11261 	1
11262 	1
11266 	1
11267 	1
11270 	1
11275 	1
11277 	1
11278 	1
11281 	1
11289 	1
11290 	1
11296 	1
11297 	1
11298 	1
11299 	1
11300 	1
11303 	1
11304 	1
11305 	1
11306 	1
11308 	1
11309 	1
11311 	1
11314 	1
11321 	1
11322 	1
11323 	1
11325 	1
11326 	1
11327 	1
11330 	1
11332 	1
11337 	1
11339 	1
11342 	1
11345 	1
11346 	1
11348 	1
11349 	1
11352 	1
11358 	1
11361 	1
11365 	1
11366 	1
11367 	1
11370 	1
11372 	1
11373 	1
11378 	1
11379 	1
11381 	1
11382 	1
11384 	1
11385 	1
11386 	1
11397 	1
11398 	1
11400 	1
11405 	1
11407 	1
11408 	1
11410 	1
11411 	1
11412 	1
11413 	1
11414 	1
11415 	1
11416 	1
11417 	1
11421 	1
11423 	1
11424 	1
11429 	1
11431 	1
11432 	1
11439 	1
11443 	1
11445 	1
11451 	1
11452 	1
11453 	1
11455 	1
11457 	1
11459 	1
11464 	1
11466 	1
11472 	1
11473 	1
11475 	1
11479 	1
11480 	1
11482 	1
11483 	1
11484 	1
11485 	1
11486 	1
11489 	1
11493 	1
11501 	1
11502 	1
11503 	1
11504 	1
11506 	1
11509 	1
11513 	1
11514 	1
11518 	1
11519 	1
11520 	1
11521 	1
11522 	1
11524 	1
11525 	1
11527 	1
11530 	1
11532 	1
11534 	1
11535 	1
11537 	1
11539 	1
11541 	1
11542 	1
11544 	1
11549 	1
11554 	1
11559 	1
11561 	1
11563 	1
11566 	1
11567 	1
11569 	1
11573 	1
11576 	1
11580 	1
11583 	1
11585 	1
11586 	1
11587 	1
11591 	1
11595 	1
11600 	1
11601 	1
11605 	1
11606 	1
11609 	1
11610 	1
11613 	1
11614 	1
11615 	1
11616 	1
11617 	1
11618 	1
11620 	1
11622 	1
11624 	1
11626 	1
11627 	1
11628 	1
11630 	1
11632 	1
11633 	1
11634 	1
11637 	1
11638 	1
11639 	1
11641 	1
11642 	1
11643 	1
11644 	1
11645 	1
11648 	1
11650 	1
11656 	1
11659 	1
11660 	1
11661 	1
11662 	1
11663 	1
11665 	1
11666 	1
11667 	1
11669 	1
11670 	1
11675 	1
11676 	1
11677 	1
11679 	1
11680 	1
11683 	1
11684 	1
11690 	1
11697 	1
11698 	1
11701 	1
11702 	1
11703 	1
11705 	1
11708 	1
11715 	1
11716 	1
11717 	1
11718 	1
11720 	1
11727 	1
11729 	1
11732 	1
11734 	1
11735 	1
11736 	1
11739 	1
11742 	1
11743 	1
11745 	1
11746 	1
11753 	1
11757 	1
11758 	1
11761 	1
11762 	1
11764 	1
11767 	1
11768 	1
11769 	1
11778 	1
11779 	1
11780 	1
11781 	1
11783 	1
11784 	1
11785 	1
11787 	1
11789 	1
11794 	1
11795 	1
11796 	1
11797 	1
11799 	1
11803 	1
11804 	1
11805 	1
11806 	1
11807 	1
11808 	1
11810 	1
11811 	1
11813 	1
11815 	1
11818 	1
11819 	1
11820 	1
11821 	1
11822 	1
11824 	1
11827 	1
11829 	1
11831 	1
11832 	1
11834 	1
11835 	1
11837 	1
11848 	1
11850 	1
11852 	1
11854 	1
11856 	1
11858 	1
11860 	1
11862 	1
11867 	1
11869 	1
11870 	1
11871 	1
11872 	1
11875 	1
11876 	1
11878 	1
11882 	1
11883 	1
11884 	1
11885 	1
11886 	1
11889 	1
11890 	1
11891 	1
11894 	1
11895 	1
11898 	1
11900 	1
11902 	1
11905 	1
11906 	1
11907 	1
11910 	1
11913 	1
11915 	1
11918 	1
11919 	1
11923 	1
11925 	1
11926 	1
11929 	1
11932 	1
11936 	1
11937 	1
11941 	1
11942 	1
11945 	1
11949 	1
11953 	1
11955 	1
11957 	1
11958 	1
11962 	1
11963 	1
11964 	1
11966 	1
11970 	1
11973 	1
11974 	1
11977 	1
11978 	1
11979 	1
11980 	1
11981 	1
11985 	1
11988 	1
11989 	1
11990 	1
11991 	1
11992 	1
11996 	1
11998 	1
12001 	1
12007 	1
12012 	1
12015 	1
12018 	1
12023 	1
12027 	1
12028 	1
12030 	1
12032 	1
12033 	1
12037 	1
12040 	1
12041 	1
12044 	1
12046 	1
12055 	1
12057 	1
12058 	1
12059 	1
12060 	1
12061 	1
12062 	1
12063 	1
12064 	1
12065 	1
12066 	1
12068 	1
12070 	1
12071 	1
12072 	1
12073 	1
12076 	1
12078 	1
12082 	1
12086 	1
12087 	1
12089 	1
12091 	1
12093 	1
12094 	1
12097 	1
12099 	1
12100 	1
12102 	1
12104 	1
12106 	1
12108 	1
12111 	1
12115 	1
12117 	1
12118 	1
12119 	1
12121 	1
12125 	1
12127 	1
12128 	1
12129 	1
12131 	1
12132 	1
12134 	1
12136 	1
12140 	1
12141 	1
12142 	1
12144 	1
12148 	1
12149 	1
12150 	1
12151 	1
12152 	1
12155 	1
12156 	1
12157 	1
12158 	1
12160 	1
12162 	1
12165 	1
12166 	1
12167 	1
12168 	1
12169 	1
12171 	1
12172 	1
12177 	1
12181 	1
12182 	1
12183 	1
12184 	1
12186 	1
12187 	1
12190 	1
12193 	1
12194 	1
12197 	1
12198 	1
12200 	1
12202 	1
12203 	1
12204 	1
12205 	1
12207 	1
12210 	1
12211 	1
12214 	1
12216 	1
12217 	1
12218 	1
12219 	1
12220 	1
12224 	1
12226 	1
12234 	1
12236 	1
12238 	1
12240 	1
12243 	1
12244 	1
12247 	1
12250 	1
12251 	1
12253 	1
12254 	1
12257 	1
12262 	1
12271 	1
12272 	1
12274 	1
12275 	1
12277 	1
12278 	1
12280 	1
12281 	1
12284 	1
12286 	1
12289 	1
12292 	1
12297 	1
12298 	1
12302 	1
12311 	1
12317 	1
12318 	1
12319 	1
12320 	1
12321 	1
12323 	1
12327 	1
12329 	1
12332 	1
12333 	1
12335 	1
12336 	1
12338 	1
12340 	1
12341 	1
12342 	1
12343 	1
12345 	1
12347 	1
12348 	1
12350 	1
12352 	1
12353 	1
12354 	1
12355 	1
12358 	1
12367 	1
12368 	1
12371 	1
12378 	1
12379 	1
12387 	1
12391 	1
12393 	1
12396 	1
12399 	1
12407 	1
12409 	1
12411 	1
12415 	1
12417 	1
12418 	1
12419 	1
12421 	1
12424 	1
12426 	1
12427 	1
12434 	1
12435 	1
12436 	1
12437 	1
12439 	1
12443 	1
12444 	1
12449 	1
12454 	1
12455 	1
12457 	1
12458 	1
12461 	1
12462 	1
12463 	1
12464 	1
12472 	1
12473 	1
12476 	1
12477 	1
12478 	1
12479 	1
12481 	1
12483 	1
12487 	1
12488 	1
12489 	1
12490 	1
12491 	1
12494 	1
12499 	1
12501 	1
12503 	1
12506 	1
12507 	1
12508 	1
12509 	1
12512 	1
12513 	1
12514 	1
12516 	1
12519 	1
12523 	1
12524 	1
12525 	1
12526 	1
12528 	1
12530 	1
12532 	1
12534 	1
12536 	1
12539 	1
12543 	1
12545 	1
12546 	1
12547 	1
12548 	1
12550 	1
12552 	1
12554 	1
12556 	1
12557 	1
12559 	1
12566 	1
12570 	1
12571 	1
12572 	1
12574 	1
12575 	1
12577 	1
12578 	1
12579 	1
12582 	1
12587 	1
12588 	1
12591 	1
12592 	1
12593 	1
12594 	1
12595 	1
12597 	1
12600 	1
12605 	1
12606 	1
12608 	1
12611 	1
12612 	1
12615 	1
12618 	1
12621 	1
12622 	1
12624 	1
12627 	1
12628 	1
12629 	1
12630 	1
12633 	1
12634 	1
12638 	1
12639 	1
12641 	1
12642 	1
12652 	1
12654 	1
12657 	1
12658 	1
12659 	1
12661 	1
12663 	1
12665 	1
12666 	1
12669 	1
12675 	1
12676 	1
12677 	1
12678 	1
12679 	1
12681 	1
12682 	1
12687 	1
12688 	1
12693 	1
12694 	1
12695 	1
12696 	1
12697 	1
12699 	1
12703 	1
12705 	1
12709 	1
12710 	1
12711 	1
12713 	1
12714 	1
12715 	1
12719 	1
12721 	1
12723 	1
12727 	1
12729 	1
12730 	1
12732 	1
12733 	1
12736 	1
12739 	1
12743 	1
12745 	1
12748 	1
12752 	1
12754 	1
12757 	1
12760 	1
12765 	1
12766 	1
12768 	1
12769 	1
12771 	1
12774 	1
12777 	1
12780 	1
12785 	1
12787 	1
12788 	1
12793 	1
12796 	1
12797 	1
12800 	1
12802 	1
12803 	1
12804 	1
12805 	1
12810 	1
12811 	1
12817 	1
12821 	1
12823 	1
12826 	1
12828 	1
12832 	1
12833 	1
12836 	1
12837 	1
12838 	1
12841 	1
12846 	1
12851 	1
12852 	1
12853 	1
12854 	1
12856 	1
12857 	1
12862 	1
12873 	1
12874 	1
12876 	1
12878 	1
12879 	1
12881 	1
12883 	1
12886 	1
12889 	1
12890 	1
12894 	1
12899 	1
12900 	1
12901 	1
12904 	1
12905 	1
12907 	1
12908 	1
12910 	1
12912 	1
12917 	1
12919 	1
12922 	1
12925 	1
12928 	1
12932 	1
12936 	1
12938 	1
12941 	1
12942 	1
12943 	1
12945 	1
12947 	1
12951 	1
12952 	1
12953 	1
12955 	1
12957 	1
12959 	1
12960 	1
12962 	1
12963 	1
12967 	1
12969 	1
12970 	1
12973 	1
12976 	1
12977 	1
12979 	1
12980 	1
12989 	1
12994 	1
12996 	1
12999 	1
13004 	1
13006 	1
13008 	1
13010 	1
13016 	1
13018 	1
13019 	1
13022 	1
13023 	1
13029 	1
13033 	1
13036 	1
13044 	1
13047 	1
13050 	1
13052 	1
13054 	1
13056 	1
13057 	1
13065 	1
13067 	1
13069 	1
13071 	1
13073 	1
13074 	1
13075 	1
13076 	1
13077 	1
13078 	1
13079 	1
13080 	1
13090 	1
13095 	1
13096 	1
13098 	1
13099 	1
13103 	1
13104 	1
13107 	1
13110 	1
13113 	1
13114 	1
13115 	1
13119 	1
13120 	1
13122 	1
13127 	1
13129 	1
13130 	1
13136 	1
13140 	1
13141 	1
13143 	1
13146 	1
13147 	1
13152 	1
13154 	1
13156 	1
13157 	1
13159 	1
13161 	1
13163 	1
13164 	1
13166 	1
13169 	1
13174 	1
13175 	1
13176 	1
13177 	1
13179 	1
13181 	1
13182 	1
13183 	1
13184 	1
13186 	1
13187 	1
13193 	1
13198 	1
13199 	1
13201 	1
13202 	1
13204 	1
13208 	1
13209 	1
13211 	1
13213 	1
13214 	1
13217 	1
13220 	1
13225 	1
13226 	1
13227 	1
13228 	1
13242 	1
13243 	1
13245 	1
13247 	1
13250 	1
13251 	1
13252 	1
13255 	1
13256 	1
13264 	1
13267 	1
13269 	1
13270 	1
13275 	1
13276 	1
13279 	1
13280 	1
13283 	1
13285 	1
13287 	1
13288 	1
13289 	1
13291 	1
13292 	1
13295 	1
13296 	1
13298 	1
13300 	1
13301 	1
13302 	1
13303 	1
13304 	1
13306 	1
13308 	1
13310 	1
13311 	1
13315 	1
13316 	1
13317 	1
13319 	1
13320 	1
13323 	1
13325 	1
13326 	1
13327 	1
13329 	1
13336 	1
13341 	1
13344 	1
13345 	1
13346 	1
13347 	1
13350 	1
13351 	1
13353 	1
13354 	1
13355 	1
13357 	1
13358 	1
13363 	1
13368 	1
13370 	1
13371 	1
13374 	1
13375 	1
13376 	1
13377 	1
13382 	1
13383 	1
13384 	1
13388 	1
13389 	1
13391 	1
13398 	1
13402 	1
13405 	1
13407 	1
13408 	1
13409 	1
13410 	1
13411 	1
13413 	1
13414 	1
13427 	1
13428 	1
13429 	1
13431 	1
13432 	1
13434 	1
13435 	1
13436 	1
13438 	1
13440 	1
13445 	1
13449 	1
13451 	1
13456 	1
13458 	1
13459 	1
13464 	1
13465 	1
13473 	1
13474 	1
13475 	1
13476 	1
13478 	1
13479 	1
13484 	1
13485 	1
13487 	1
13492 	1
13495 	1
13505 	1
13507 	1
13508 	1
13514 	1
13516 	1
13520 	1
13522 	1
13523 	1
13532 	1
13536 	1
13537 	1
13538 	1
13544 	1
13547 	1
13551 	1
13552 	1
13555 	1
13556 	1
13558 	1
13559 	1
13560 	1
13562 	1
13564 	1
13570 	1
13573 	1
13574 	1
13577 	1
13580 	1
13581 	1
13588 	1
13591 	1
13593 	1
13596 	1
13600 	1
13601 	1
13602 	1
13607 	1
13609 	1
13613 	1
13614 	1
13615 	1
13617 	1
13618 	1
13619 	1
13621 	1
13623 	1
13624 	1
13627 	1
13628 	1
13630 	1
13632 	1
13634 	1
13637 	1
13638 	1
13641 	1
13642 	1
13644 	1
13646 	1
13647 	1
13648 	1
13653 	1
13655 	1
13657 	1
13660 	1
13662 	1
13664 	1
13667 	1
13669 	1
13670 	1
13671 	1
13672 	1
13676 	1
13679 	1
13681 	1
13682 	1
13685 	1
13688 	1
13691 	1
13693 	1
13694 	1
13695 	1
13696 	1
13697 	1
13698 	1
13701 	1
13704 	1
13705 	1
13706 	1
13707 	1
13708 	1
13709 	1
13712 	1
13714 	1
13715 	1
13716 	1
13717 	1
13718 	1
13724 	1
13725 	1
13726 	1
13727 	1
13728 	1
13729 	1
13732 	1
13735 	1
13738 	1
13740 	1
13741 	1
13742 	1
13746 	1
13748 	1
13750 	1
13751 	1
13754 	1
13758 	1
13759 	1
13760 	1
13764 	1
13765 	1
13767 	1
13768 	1
13769 	1
13770 	1
13775 	1
13779 	1
13783 	1
13784 	1
13785 	1
13789 	1
13790 	1
13792 	1
13793 	1
13794 	1
13795 	1
13797 	1
13800 	1
13806 	1
13809 	1
13817 	1
13819 	1
13828 	1
13830 	1
13831 	1
13834 	1
13839 	1
13842 	1
13843 	1
13845 	1
13847 	1
13849 	1
13854 	1
13855 	1
13856 	1
13857 	1
13858 	1
13859 	1
13863 	1
13865 	1
13866 	1
13873 	1
13875 	1
13876 	1
13877 	1
13880 	1
13882 	1
13886 	1
13889 	1
13890 	1
13894 	1
13896 	1
13898 	1
13908 	1
13909 	1
13912 	1
13915 	1
13917 	1
13918 	1
13919 	1
13921 	1
13924 	1
13926 	1
13927 	1
13929 	1
13930 	1
13931 	1
13935 	1
13936 	1
13937 	1
13938 	1
13942 	1
13943 	1
13945 	1
13948 	1
13951 	1
13953 	1
13954 	1
13955 	1
13957 	1
13958 	1
13960 	1
13962 	1
13963 	1
13966 	1
13971 	1
13972 	1
13975 	1
13977 	1
13980 	1
13981 	1
13982 	1
13983 	1
13988 	1
13990 	1
13993 	1
13998 	1
13999 	1
14002 	1
14003 	1
14004 	1
14005 	1
14008 	1
14012 	1
14015 	1
14016 	1
14017 	1
14019 	1
14020 	1
14023 	1
14024 	1
14026 	1
14027 	1
14037 	1
14039 	1
14040 	1
14043 	1
14044 	1
14045 	1
14050 	1
14051 	1
14052 	1
14054 	1
14059 	1
14062 	1
14063 	1
14064 	1
14065 	1
14068 	1
14070 	1
14071 	1
14075 	1
14076 	1
14078 	1
14080 	1
14081 	1
14083 	1
14084 	1
14086 	1
14089 	1
14091 	1
14092 	1
14096 	1
14108 	1
14109 	1
14110 	1
14111 	1
14112 	1
14115 	1
14117 	1
14120 	1
14122 	1
14125 	1
14127 	1
14129 	1
14132 	1
14133 	1
14134 	1
14135 	1
14137 	1
14142 	1
14145 	1
14146 	1
14147 	1
14149 	1
14153 	1
14156 	1
14159 	1
14161 	1
14162 	1
14165 	1
14167 	1
14169 	1
14173 	1
14180 	1
14182 	1
14183 	1
14186 	1
14188 	1
14191 	1
14193 	1
14195 	1
14196 	1
14199 	1
14201 	1
14206 	1
14208 	1
14211 	1
14213 	1
14215 	1
14217 	1
14219 	1
14220 	1
14221 	1
14223 	1
14225 	1
14227 	1
14228 	1
14229 	1
14230 	1
14231 	1
14233 	1
14238 	1
14240 	1
14244 	1
14245 	1
14248 	1
14252 	1
14258 	1
14259 	1
14260 	1
14262 	1
14263 	1
14264 	1
14270 	1
14271 	1
14273 	1
14274 	1
14277 	1
14279 	1
14281 	1
14282 	1
14285 	1
14289 	1
14290 	1
14293 	1
14295 	1
14298 	1
14299 	1
14300 	1
14305 	1
14312 	1
14313 	1
14315 	1
14316 	1
14323 	1
14329 	1
14332 	1
14334 	1
14335 	1
14337 	1
14338 	1
14339 	1
14341 	1
14345 	1
14346 	1
14347 	1
14349 	1
14353 	1
14354 	1
14355 	1
14356 	1
14358 	1
14359 	1
14361 	1
14363 	1
14367 	1
14368 	1
14371 	1
14376 	1
14377 	1
14380 	1
14381 	1
14384 	1
14385 	1
14386 	1
14388 	1
14390 	1
14393 	1
14398 	1
14399 	1
14400 	1
14401 	1
14403 	1
14404 	1
14405 	1
14406 	1
14407 	1
14409 	1
14412 	1
14414 	1
14415 	1
14416 	1
14417 	1
14418 	1
14420 	1
14422 	1
14423 	1
14424 	1
14425 	1
14426 	1
14429 	1
14430 	1
14432 	1
14433 	1
14435 	1
14437 	1
14439 	1
14447 	1
14451 	1
14458 	1
14468 	1
14469 	1
14470 	1
14475 	1
14476 	1
14479 	1
14481 	1
14483 	1
14484 	1
14486 	1
14491 	1
14492 	1
14497 	1
14498 	1
14499 	1
14500 	1
14501 	1
14502 	1
14503 	1
14505 	1
14507 	1
14508 	1
14509 	1
14511 	1
14514 	1
14516 	1
14523 	1
14524 	1
14525 	1
14527 	1
14529 	1
14531 	1
14533 	1
14534 	1
14535 	1
14537 	1
14539 	1
14541 	1
14545 	1
14547 	1
14548 	1
14549 	1
14551 	1
14552 	1
14553 	1
14556 	1
14557 	1
14558 	1
14561 	1
14564 	1
14566 	1
14567 	1
14569 	1
14571 	1
14572 	1
14577 	1
14578 	1
14579 	1
14582 	1
14584 	1
14586 	1
14588 	1
14589 	1
14591 	1
14595 	1
14596 	1
14599 	1
14602 	1
14604 	1
14605 	1
14606 	1
14607 	1
14609 	1
14613 	1
14615 	1
14616 	1
14617 	1
14619 	1
14621 	1
14623 	1
14624 	1
14627 	1
14628 	1
14629 	1
14631 	1
14633 	1
14634 	1
14635 	1
14637 	1
14638 	1
14641 	1
14643 	1
14644 	1
14648 	1
14653 	1
14654 	1
14655 	1
14656 	1
14658 	1
14664 	1
14666 	1
14669 	1
14670 	1
14672 	1
14673 	1
14674 	1
14677 	1
14678 	1
14679 	1
14684 	1
14687 	1
14688 	1
14689 	1
14692 	1
14695 	1
14700 	1
14701 	1
14704 	1
14707 	1
14711 	1
14712 	1
14713 	1
14716 	1
14718 	1
14726 	1
14729 	1
14731 	1
14734 	1
14735 	1
14736 	1
14738 	1
14743 	1
14744 	1
14745 	1
14747 	1
14750 	1
14751 	1
14752 	1
14753 	1
14754 	1
14755 	1
14758 	1
14759 	1
14763 	1
14764 	1
14765 	1
14769 	1
14772 	1
14778 	1
14781 	1
14788 	1
14790 	1
14792 	1
14793 	1
14796 	1
14798 	1
14799 	1
14802 	1
14806 	1
14807 	1
14809 	1
14812 	1
14815 	1
14816 	1
14818 	1
14822 	1
14826 	1
14831 	1
14833 	1
14834 	1
14836 	1
14837 	1
14841 	1
14844 	1
14847 	1
14852 	1
14853 	1
14854 	1
14857 	1
14859 	1
14861 	1
14865 	1
14867 	1
14868 	1
14869 	1
14874 	1
14875 	1
14876 	1
14878 	1
14885 	1
14889 	1
14890 	1
14896 	1
14897 	1
14898 	1
14901 	1
14902 	1
14903 	1
14905 	1
14907 	1
14908 	1
14910 	1
14911 	1
14913 	1
14914 	1
14924 	1
14927 	1
14930 	1
14932 	1
14937 	1
14938 	1
14941 	1
14942 	1
14946 	1
14948 	1
14953 	1
14955 	1
14956 	1
14961 	1
14963 	1
14964 	1
14965 	1
14970 	1
14971 	1
14975 	1
14977 	1
14978 	1
14981 	1
14982 	1
14983 	1
14985 	1
14986 	1
14987 	1
14988 	1
14989 	1
14990 	1
14991 	1
14994 	1
14995 	1
