Number of items 	Total Weight 	Total Profit 
4740 	1372538.25 	316969.227433 


Total time: 0.0494141578674 s
Average time: 0.0123547911644 s
Last call: 5.00679016113e-06 s
Stamp 1 of the total: 0h 0m 0s 49ms 49414\u00B5s
Stamp 2 of the total: 00:00:00.0049
Pattern that ignores zeros:
49ms 49414\u00B5s
0049

Item    Fraction

3 	1
5 	1
10 	1
11 	1
12 	1
13 	1
14 	1
18 	1
21 	1
22 	1
23 	1
26 	1
32 	1
33 	1
35 	1
37 	1
38 	1
39 	1
46 	1
49 	1
50 	1
54 	1
55 	1
58 	1
59 	1
61 	1
64 	1
65 	1
70 	1
76 	1
78 	1
82 	1
85 	1
86 	1
87 	1
88 	1
91 	1
92 	1
93 	1
96 	1
97 	1
101 	1
105 	1
107 	1
108 	1
110 	1
114 	1
116 	1
122 	1
124 	1
127 	1
128 	1
130 	1
133 	1
137 	1
138 	1
141 	1
143 	1
144 	1
149 	1
151 	1
153 	1
157 	1
159 	1
169 	1
171 	1
172 	1
173 	1
176 	1
178 	1
180 	1
181 	1
182 	1
187 	1
188 	1
190 	1
191 	1
192 	1
197 	1
200 	1
208 	1
209 	1
212 	1
214 	1
215 	1
219 	1
225 	1
228 	1
234 	1
235 	1
236 	1
241 	1
242 	1
246 	1
252 	1
253 	1
254 	1
256 	1
258 	1
259 	1
261 	1
262 	1
263 	1
268 	1
269 	1
270 	1
274 	1
275 	1
276 	1
277 	1
278 	1
280 	1
281 	1
283 	1
285 	1
286 	1
287 	1
288 	1
290 	1
291 	1
292 	1
293 	1
295 	1
298 	1
300 	1
303 	1
304 	1
305 	1
306 	1
308 	1
310 	1
311 	1
312 	1
317 	1
318 	1
319 	1
320 	1
321 	1
322 	1
324 	1
326 	1
331 	1
335 	1
336 	1
338 	1
339 	1
342 	1
344 	1
346 	1
347 	1
350 	1
351 	1
352 	1
353 	1
354 	1
355 	1
356 	1
362 	1
366 	1
368 	1
373 	1
376 	1
377 	1
378 	1
382 	1
383 	1
384 	1
386 	1
396 	1
397 	1
398 	1
399 	1
406 	1
407 	1
408 	1
410 	1
412 	1
414 	1
415 	1
416 	1
419 	1
424 	1
427 	1
430 	1
431 	1
437 	1
439 	1
441 	1
443 	1
445 	1
451 	1
454 	1
456 	1
458 	1
459 	1
464 	1
465 	1
467 	1
470 	1
473 	1
474 	1
475 	1
476 	1
480 	1
481 	1
482 	1
485 	1
487 	1
488 	1
489 	1
495 	1
503 	1
504 	1
506 	1
507 	1
508 	1
509 	1
518 	1
519 	1
524 	1
526 	1
529 	1
533 	1
534 	1
536 	1
541 	1
542 	1
543 	1
546 	1
547 	1
549 	1
550 	1
553 	1
554 	1
560 	1
561 	1
562 	1
563 	1
566 	1
567 	1
568 	1
571 	1
572 	1
575 	1
576 	1
579 	1
580 	1
582 	1
588 	1
589 	1
594 	1
595 	1
596 	1
597 	1
599 	1
603 	1
606 	1
611 	1
612 	1
614 	1
616 	1
617 	1
618 	1
622 	1
626 	1
627 	1
637 	1
641 	1
642 	1
645 	1
654 	1
655 	1
658 	1
662 	1
663 	1
664 	1
665 	1
666 	1
672 	1
673 	1
674 	1
675 	1
676 	1
677 	1
678 	1
679 	1
681 	1
684 	1
686 	1
687 	1
688 	1
689 	1
690 	1
691 	1
693 	1
695 	1
696 	1
697 	1
702 	1
706 	1
707 	1
708 	1
709 	1
710 	1
713 	1
714 	1
715 	1
717 	1
723 	1
725 	1
728 	1
729 	1
730 	1
735 	1
737 	1
741 	1
742 	1
744 	1
745 	1
746 	1
747 	1
748 	1
749 	1
751 	1
753 	1
754 	1
755 	1
757 	1
758 	1
759 	1
760 	1
761 	1
762 	1
764 	1
769 	1
772 	1
774 	1
779 	1
785 	1
787 	1
788 	1
791 	1
792 	1
799 	1
808 	1
810 	1
811 	1
813 	1
820 	1
824 	1
825 	1
827 	1
828 	1
829 	1
832 	1
833 	1
834 	1
840 	1
845 	1
847 	1
849 	1
851 	1
852 	1
853 	1
856 	1
857 	1
858 	1
860 	1
861 	1
863 	1
864 	1
868 	1
871 	1
872 	1
874 	1
878 	1
884 	1
885 	1
886 	1
887 	1
889 	1
893 	1
895 	1
897 	1
900 	1
914 	1
916 	1
917 	1
918 	1
919 	1
920 	1
921 	1
924 	1
928 	1
931 	1
932 	1
933 	1
937 	1
946 	1
947 	1
951 	1
952 	1
954 	1
955 	1
957 	1
961 	1
962 	1
966 	1
970 	1
971 	1
972 	1
974 	1
984 	1
987 	1
989 	1
991 	1
992 	1
998 	1
999 	1
1000 	1
1001 	1
1002 	1
1004 	1
1012 	1
1013 	1
1014 	1
1016 	1
1018 	1
1020 	1
1021 	1
1022 	1
1028 	1
1032 	1
1035 	1
1038 	1
1039 	1
1042 	1
1046 	1
1049 	1
1050 	1
1051 	1
1052 	1
1055 	1
1063 	1
1064 	1
1071 	1
1075 	1
1076 	1
1077 	1
1080 	1
1082 	1
1088 	1
1089 	1
1091 	1
1096 	1
1101 	1
1104 	1
1105 	1
1107 	1
1118 	1
1119 	1
1121 	1
1124 	1
1125 	1
1128 	1
1129 	1
1133 	1
1135 	1
1136 	1
1137 	1
1138 	1
1141 	1
1149 	1
1150 	1
1152 	1
1154 	1
1155 	1
1158 	1
1159 	1
1164 	1
1168 	1
1171 	1
1174 	1
1175 	1
1176 	1
1178 	1
1184 	1
1186 	1
1187 	1
1188 	1
1192 	1
1194 	1
1198 	1
1201 	1
1202 	1
1204 	1
1205 	1
1206 	1
1207 	1
1211 	1
1212 	1
1213 	1
1214 	1
1215 	1
1217 	1
1219 	1
1220 	1
1230 	1
1231 	1
1232 	1
1233 	1
1234 	1
1236 	1
1240 	1
1241 	1
1250 	1
1255 	1
1256 	1
1257 	1
1260 	1
1266 	1
1269 	1
1273 	1
1278 	1
1280 	1
1282 	1
1284 	1
1285 	1
1286 	1
1287 	1
1289 	1
1290 	1
1295 	1
1298 	1
1299 	1
1301 	1
1302 	1
1303 	1
1308 	1
1309 	1
1311 	1
1312 	1
1316 	1
1318 	1
1319 	1
1327 	1
1332 	1
1333 	1
1334 	1
1337 	1
1338 	1
1340 	1
1341 	1
1342 	1
1343 	1
1346 	1
1348 	1
1349 	1
1352 	1
1355 	1
1356 	1
1358 	1
1362 	1
1372 	1
1374 	1
1375 	1
1377 	1
1381 	1
1386 	1
1387 	1
1389 	1
1394 	1
1395 	1
1397 	1
1399 	1
1401 	1
1403 	1
1406 	1
1407 	1
1408 	1
1410 	1
1414 	1
1416 	1
1418 	1
1419 	1
1420 	1
1421 	1
1424 	1
1425 	1
1426 	1
1427 	1
1428 	1
1429 	1
1431 	1
1435 	1
1438 	1
1440 	1
1445 	1
1446 	1
1448 	1
1449 	1
1450 	1
1452 	1
1457 	1
1458 	1
1466 	1
1468 	1
1469 	1
1472 	1
1480 	1
1482 	1
1485 	1
1486 	1
1488 	1
1489 	1
1491 	1
1492 	1
1494 	1
1496 	1
1497 	1
1503 	1
1506 	1
1508 	1
1513 	1
1516 	1
1518 	1
1521 	1
1524 	1
1529 	1
1533 	1
1534 	1
1536 	1
1537 	1
1538 	1
1540 	1
1542 	1
1543 	1
1544 	1
1545 	1
1547 	1
1549 	1
1555 	1
1556 	1
1557 	1
1558 	1
1559 	1
1561 	1
1563 	1
1564 	1
1566 	1
1567 	1
1571 	1
1573 	1
1574 	1
1575 	1
1578 	1
1580 	1
1581 	1
1583 	1
1585 	1
1586 	1
1589 	1
1590 	1
1594 	1
1595 	1
1597 	1
1600 	1
1601 	1
1604 	1
1607 	1
1609 	1
1611 	1
1615 	1
1616 	1
1617 	1
1619 	1
1624 	1
1626 	1
1630 	1
1631 	1
1632 	1
1633 	1
1634 	1
1635 	1
1642 	1
1646 	1
1647 	1
1649 	1
1650 	1
1653 	1
1654 	1
1657 	1
1658 	1
1659 	1
1660 	1
1664 	1
1665 	1
1668 	1
1671 	1
1672 	1
1673 	1
1680 	1
1681 	1
1685 	1
1687 	1
1690 	1
1694 	1
1697 	1
1700 	1
1701 	1
1703 	1
1704 	1
1705 	1
1709 	1
1711 	1
1716 	1
1719 	1
1720 	1
1722 	1
1724 	1
1725 	1
1726 	1
1728 	1
1729 	1
1730 	1
1732 	1
1733 	1
1736 	1
1737 	1
1738 	1
1739 	1
1742 	1
1745 	1
1746 	1
1749 	1
1751 	1
1752 	1
1753 	1
1755 	1
1757 	1
1761 	1
1762 	1
1763 	1
1767 	1
1768 	1
1773 	1
1776 	1
1777 	1
1779 	1
1785 	1
1790 	1
1791 	1
1795 	1
1796 	1
1798 	1
1799 	1
1800 	1
1802 	1
1805 	1
1807 	1
1808 	1
1809 	1
1810 	1
1811 	1
1813 	1
1814 	1
1816 	1
1817 	1
1819 	1
1820 	1
1821 	1
1822 	1
1824 	1
1829 	1
1831 	1
1832 	1
1835 	1
1837 	1
1838 	1
1839 	1
1844 	1
1846 	1
1847 	1
1851 	1
1852 	1
1853 	1
1855 	1
1858 	1
1859 	1
1860 	1
1861 	1
1866 	1
1867 	1
1868 	1
1871 	1
1872 	1
1873 	1
1875 	1
1877 	1
1879 	1
1881 	1
1882 	1
1885 	1
1887 	1
1889 	1
1892 	1
1896 	1
1897 	1
1898 	1
1899 	1
1900 	1
1904 	1
1905 	1
1906 	1
1908 	1
1911 	1
1913 	1
1915 	1
1920 	1
1921 	1
1922 	1
1923 	1
1925 	1
1926 	1
1928 	1
1936 	1
1937 	1
1938 	1
1943 	1
1944 	1
1948 	1
1950 	1
1952 	1
1954 	1
1956 	1
1958 	1
1963 	1
1964 	1
1965 	1
1969 	1
1970 	1
1971 	1
1973 	1
1974 	1
1975 	1
1978 	1
1981 	1
1982 	1
1983 	1
1985 	1
1986 	1
1988 	1
1991 	1
1992 	1
1993 	1
1998 	1
1999 	1
2002 	1
2003 	1
2009 	1
2012 	1
2013 	1
2014 	1
2015 	1
2020 	1
2022 	1
2024 	1
2028 	1
2030 	1
2032 	1
2035 	1
2038 	1
2040 	1
2042 	1
2043 	1
2044 	1
2048 	1
2050 	1
2051 	1
2052 	1
2055 	1
2058 	1
2060 	1
2062 	1
2064 	1
2067 	1
2068 	1
2070 	1
2071 	1
2072 	1
2073 	1
2074 	1
2075 	1
2079 	1
2083 	1
2084 	1
2087 	1
2089 	1
2090 	1
2092 	1
2094 	1
2098 	1
2099 	1
2100 	1
2103 	1
2104 	1
2105 	1
2108 	1
2111 	1
2114 	1
2115 	1
2121 	1
2123 	1
2124 	1
2126 	1
2127 	1
2132 	1
2133 	1
2134 	1
2140 	1
2141 	1
2142 	1
2145 	1
2147 	1
2150 	1
2152 	1
2155 	1
2156 	1
2157 	1
2158 	1
2159 	1
2160 	1
2164 	1
2165 	1
2168 	1
2170 	1
2174 	1
2178 	1
2180 	1
2181 	1
2182 	1
2183 	1
2184 	1
2186 	1
2188 	1
2192 	1
2193 	1
2194 	1
2197 	1
2198 	1
2205 	1
2206 	1
2207 	1
2210 	1
2211 	1
2214 	1
2217 	1
2218 	1
2223 	1
2226 	1
2227 	1
2231 	1
2232 	1
2234 	1
2237 	1
2238 	1
2241 	1
2244 	1
2248 	1
2253 	1
2254 	1
2255 	1
2257 	1
2258 	1
2260 	1
2261 	1
2263 	1
2266 	1
2267 	1
2268 	1
2274 	1
2277 	1
2279 	1
2284 	1
2285 	1
2286 	1
2288 	1
2290 	1
2292 	1
2296 	1
2297 	1
2298 	1
2300 	1
2301 	1
2302 	1
2304 	1
2305 	1
2306 	1
2307 	1
2310 	1
2312 	1
2313 	1
2314 	1
2315 	1
2316 	1
2317 	1
2318 	1
2321 	1
2322 	1
2323 	1
2324 	1
2328 	1
2331 	1
2332 	1
2337 	1
2341 	1
2343 	1
2344 	1
2345 	1
2346 	1
2351 	1
2352 	1
2353 	1
2356 	1
2357 	1
2358 	1
2361 	1
2363 	1
2364 	1
2365 	1
2367 	1
2369 	1
2370 	1
2371 	1
2372 	1
2378 	1
2379 	1
2380 	1
2381 	1
2383 	1
2390 	1
2392 	1
2393 	1
2399 	1
2400 	1
2401 	1
2404 	1
2405 	1
2406 	1
2407 	1
2410 	1
2411 	1
2412 	1
2413 	1
2414 	1
2415 	1
2422 	1
2423 	1
2425 	1
2428 	1
2429 	1
2432 	1
2436 	1
2437 	1
2442 	1
2444 	1
2446 	1
2448 	1
2453 	1
2459 	1
2460 	1
2462 	1
2468 	1
2469 	1
2470 	1
2472 	1
2474 	1
2478 	1
2479 	1
2480 	1
2482 	1
2484 	1
2486 	1
2487 	1
2488 	1
2490 	1
2491 	1
2492 	1
2493 	1
2495 	1
2498 	1
2499 	1
2500 	1
2502 	1
2505 	1
2506 	1
2507 	1
2510 	1
2512 	1
2513 	1
2514 	1
2515 	1
2517 	1
2518 	1
2519 	1
2525 	1
2527 	1
2530 	1
2534 	1
2541 	1
2542 	1
2545 	1
2546 	1
2547 	1
2551 	1
2556 	1
2557 	1
2559 	1
2561 	1
2562 	1
2563 	1
2565 	1
2567 	1
2572 	1
2573 	1
2574 	1
2575 	1
2577 	1
2580 	1
2581 	1
2582 	1
2583 	1
2591 	1
2593 	1
2596 	1
2603 	1
2607 	1
2609 	1
2617 	1
2619 	1
2621 	1
2624 	1
2625 	1
2626 	1
2627 	1
2630 	1
2631 	1
2632 	1
2634 	1
2639 	1
2640 	1
2642 	1
2643 	1
2645 	1
2646 	1
2648 	1
2650 	1
2653 	1
2654 	1
2657 	1
2661 	1
2664 	1
2666 	1
2671 	1
2672 	1
2674 	1
2679 	1
2681 	1
2683 	1
2685 	1
2688 	1
2690 	1
2691 	1
2692 	1
2699 	1
2702 	1
2703 	1
2708 	1
2709 	1
2710 	1
2711 	1
2712 	1
2713 	1
2716 	1
2727 	1
2729 	1
2730 	1
2731 	1
2737 	1
2743 	1
2745 	1
2746 	1
2747 	1
2748 	1
2750 	1
2752 	1
2755 	1
2756 	1
2758 	1
2759 	1
2760 	1
2761 	1
2764 	1
2767 	1
2769 	1
2772 	1
2773 	1
2778 	1
2780 	1
2782 	1
2783 	1
2784 	1
2790 	1
2796 	1
2798 	1
2799 	1
2802 	1
2803 	1
2805 	1
2806 	1
2810 	1
2812 	1
2813 	1
2816 	1
2821 	1
2822 	1
2824 	1
2828 	1
2830 	1
2832 	1
2833 	1
2836 	1
2838 	1
2839 	1
2840 	1
2846 	1
2847 	1
2848 	1
2849 	1
2852 	1
2854 	1
2855 	1
2856 	1
2857 	1
2861 	1
2862 	1
2863 	1
2865 	1
2868 	1
2869 	1
2870 	1
2871 	1
2872 	1
2874 	1
2877 	1
2878 	1
2879 	1
2881 	1
2882 	1
2884 	1
2886 	1
2889 	1
2901 	1
2902 	1
2905 	1
2908 	1
2910 	1
2914 	1
2916 	1
2918 	1
2919 	1
2921 	1
2923 	1
2925 	1
2926 	1
2927 	1
2933 	1
2938 	1
2942 	1
2943 	1
2950 	1
2952 	1
2954 	1
2955 	1
2956 	1
2958 	1
2965 	1
2967 	1
2969 	1
2972 	1
2974 	1
2975 	1
2978 	1
2979 	1
2981 	1
2982 	1
2985 	1
2986 	1
2993 	1
2994 	1
2995 	1
2999 	1
3000 	1
3003 	1
3004 	1
3005 	1
3007 	1
3010 	1
3011 	1
3014 	1
3015 	1
3018 	1
3022 	1
3024 	1
3026 	1
3027 	1
3028 	1
3029 	1
3030 	1
3032 	1
3033 	1
3037 	1
3041 	1
3042 	1
3043 	1
3047 	1
3052 	1
3053 	1
3055 	1
3056 	1
3057 	1
3058 	1
3059 	1
3060 	1
3061 	1
3063 	1
3067 	1
3068 	1
3069 	1
3070 	1
3075 	1
3078 	1
3081 	1
3082 	1
3086 	1
3088 	1
3089 	1
3093 	1
3095 	1
3096 	1
3098 	1
3099 	1
3100 	1
3107 	1
3108 	1
3113 	1
3114 	1
3115 	1
3116 	1
3121 	1
3123 	1
3126 	1
3134 	1
3135 	1
3137 	1
3138 	1
3140 	1
3142 	1
3143 	1
3144 	1
3145 	1
3149 	1
3150 	1
3151 	1
3152 	1
3153 	1
3154 	1
3158 	1
3164 	1
3169 	1
3172 	1
3174 	1
3175 	1
3178 	1
3179 	1
3182 	1
3187 	1
3190 	1
3191 	1
3196 	1
3199 	1
3202 	1
3203 	1
3205 	1
3212 	1
3215 	1
3216 	1
3226 	1
3228 	1
3230 	1
3234 	1
3241 	1
3245 	1
3246 	1
3248 	1
3257 	1
3258 	1
3259 	1
3263 	1
3265 	1
3266 	1
3268 	1
3269 	1
3271 	1
3272 	1
3274 	1
3282 	1
3283 	1
3284 	1
3285 	1
3288 	1
3290 	1
3291 	1
3293 	1
3295 	1
3296 	1
3299 	1
3303 	1
3305 	1
3308 	1
3315 	1
3318 	1
3320 	1
3324 	1
3327 	1
3328 	1
3329 	1
3330 	1
3338 	1
3343 	1
3345 	1
3349 	1
3351 	1
3353 	1
3354 	1
3357 	1
3359 	1
3366 	1
3368 	1
3369 	1
3372 	1
3373 	1
3374 	1
3377 	1
3379 	1
3381 	1
3382 	1
3383 	1
3385 	1
3387 	1
3388 	1
3393 	1
3394 	1
3396 	1
3399 	1
3405 	1
3406 	1
3407 	1
3408 	1
3411 	1
3416 	1
3419 	1
3420 	1
3423 	1
3427 	1
3433 	1
3434 	1
3436 	1
3442 	1
3445 	1
3450 	1
3452 	1
3453 	1
3455 	1
3457 	1
3459 	1
3460 	1
3461 	1
3462 	1
3466 	1
3470 	1
3471 	1
3473 	1
3475 	1
3481 	1
3482 	1
3487 	1
3489 	1
3491 	1
3493 	1
3497 	1
3505 	1
3511 	1
3513 	1
3521 	1
3523 	1
3525 	1
3529 	1
3531 	1
3534 	1
3536 	1
3541 	1
3543 	1
3544 	1
3553 	1
3554 	1
3555 	1
3558 	1
3560 	1
3561 	1
3562 	1
3570 	1
3572 	1
3573 	1
3574 	1
3576 	1
3578 	1
3579 	1
3580 	1
3581 	1
3585 	1
3586 	1
3589 	1
3592 	1
3595 	1
3599 	1
3605 	1
3606 	1
3607 	1
3610 	1
3611 	1
3615 	1
3616 	1
3620 	1
3621 	1
3622 	1
3625 	1
3626 	1
3627 	1
3629 	1
3633 	1
3634 	1
3639 	1
3640 	1
3643 	1
3644 	1
3645 	1
3646 	1
3647 	1
3649 	1
3650 	1
3651 	1
3653 	1
3658 	1
3659 	1
3663 	1
3664 	1
3667 	1
3669 	1
3671 	1
3675 	1
3676 	1
3677 	1
3678 	1
3680 	1
3683 	1
3685 	1
3687 	1
3688 	1
3689 	1
3690 	1
3693 	1
3698 	1
3702 	1
3703 	1
3708 	1
3709 	1
3712 	1
3714 	1
3715 	1
3720 	1
3722 	1
3724 	1
3725 	1
3728 	1
3731 	1
3732 	1
3733 	1
3742 	1
3743 	1
3745 	1
3746 	1
3747 	1
3755 	1
3757 	1
3758 	1
3761 	1
3762 	1
3763 	1
3765 	1
3766 	1
3769 	1
3771 	1
3772 	1
3773 	1
3775 	1
3780 	1
3781 	1
3782 	1
3788 	1
3791 	1
3795 	1
3796 	1
3798 	1
3799 	1
3801 	1
3803 	1
3804 	1
3805 	1
3810 	1
3812 	1
3814 	1
3815 	1
3816 	1
3818 	1
3819 	1
3822 	1
3825 	1
3828 	1
3833 	1
3834 	1
3835 	1
3837 	1
3838 	1
3840 	1
3842 	1
3845 	1
3849 	1
3851 	1
3854 	1
3856 	1
3857 	1
3859 	1
3866 	1
3867 	1
3869 	1
3872 	1
3874 	1
3878 	1
3881 	1
3883 	1
3886 	1
3891 	1
3894 	1
3897 	1
3900 	1
3902 	1
3903 	1
3907 	1
3909 	1
3910 	1
3912 	1
3913 	1
3915 	1
3917 	1
3918 	1
3925 	1
3927 	1
3929 	1
3931 	1
3938 	1
3940 	1
3943 	1
3944 	1
3950 	1
3953 	1
3954 	1
3957 	1
3960 	1
3962 	1
3964 	1
3967 	1
3968 	1
3969 	1
3970 	1
3971 	1
3973 	1
3979 	1
3981 	1
3983 	1
3986 	1
3990 	1
3991 	1
3992 	1
3994 	1
3998 	1
4001 	1
4002 	1
4003 	1
4005 	1
4006 	1
4010 	1
4011 	1
4012 	1
4014 	1
4017 	1
4019 	1
4020 	1
4021 	1
4023 	1
4025 	1
4026 	1
4027 	1
4030 	1
4033 	1
4035 	1
4037 	1
4040 	1
4042 	1
4044 	1
4048 	1
4049 	1
4050 	1
4051 	1
4054 	1
4056 	1
4062 	1
4064 	1
4065 	1
4072 	1
4074 	1
4076 	1
4077 	1
4078 	1
4080 	1
4081 	1
4082 	1
4085 	1
4086 	1
4087 	1
4088 	1
4092 	1
4093 	1
4094 	1
4098 	1
4100 	1
4101 	1
4102 	1
4104 	1
4107 	1
4108 	1
4110 	1
4111 	1
4112 	1
4114 	1
4115 	1
4116 	1
4121 	1
4122 	1
4123 	1
4124 	1
4126 	1
4130 	1
4133 	1
4136 	1
4137 	1
4138 	1
4139 	1
4141 	1
4144 	1
4146 	1
4148 	1
4151 	1
4152 	1
4164 	1
4166 	1
4167 	1
4169 	1
4170 	1
4171 	1
4172 	1
4174 	1
4175 	1
4176 	1
4178 	1
4179 	1
4181 	1
4184 	1
4185 	1
4186 	1
4188 	1
4189 	1
4190 	1
4191 	1
4194 	1
4197 	1
4202 	1
4206 	1
4207 	1
4210 	1
4214 	1
4216 	1
4219 	1
4223 	1
4224 	1
4225 	1
4226 	1
4227 	1
4230 	1
4231 	1
4232 	1
4234 	1
4235 	1
4241 	1
4243 	1
4244 	1
4247 	1
4258 	1
4259 	1
4260 	1
4261 	1
4263 	1
4266 	1
4268 	1
4274 	1
4278 	1
4281 	1
4282 	1
4283 	1
4284 	1
4285 	1
4286 	1
4288 	1
4289 	1
4290 	1
4297 	1
4300 	1
4304 	1
4313 	1
4315 	1
4317 	1
4318 	1
4322 	1
4326 	1
4327 	1
4328 	1
4329 	1
4331 	1
4334 	1
4340 	1
4344 	1
4347 	1
4349 	1
4350 	1
4352 	1
4353 	1
4354 	1
4357 	1
4358 	1
4360 	1
4361 	1
4365 	1
4367 	1
4368 	1
4369 	1
4370 	1
4371 	1
4372 	1
4376 	1
4379 	1
4380 	1
4385 	1
4386 	1
4387 	1
4388 	1
4389 	1
4390 	1
4392 	1
4395 	1
4396 	1
4397 	1
4399 	1
4407 	1
4410 	1
4412 	0.0398448519041
4414 	1
4415 	1
4419 	1
4420 	1
4421 	1
4423 	1
4424 	1
4425 	1
4426 	1
4427 	1
4428 	1
4429 	1
4434 	1
4436 	1
4437 	1
4440 	1
4443 	1
4445 	1
4446 	1
4447 	1
4448 	1
4450 	1
4451 	1
4456 	1
4458 	1
4463 	1
4467 	1
4469 	1
4470 	1
4472 	1
4473 	1
4474 	1
4476 	1
4479 	1
4480 	1
4481 	1
4483 	1
4485 	1
4489 	1
4494 	1
4495 	1
4496 	1
4507 	1
4510 	1
4511 	1
4512 	1
4516 	1
4518 	1
4519 	1
4520 	1
4526 	1
4528 	1
4530 	1
4531 	1
4535 	1
4544 	1
4547 	1
4549 	1
4554 	1
4557 	1
4558 	1
4559 	1
4562 	1
4564 	1
4565 	1
4568 	1
4569 	1
4570 	1
4572 	1
4573 	1
4574 	1
4576 	1
4577 	1
4579 	1
4580 	1
4582 	1
4583 	1
4584 	1
4585 	1
4588 	1
4591 	1
4594 	1
4601 	1
4606 	1
4611 	1
4613 	1
4616 	1
4619 	1
4620 	1
4622 	1
4623 	1
4625 	1
4626 	1
4630 	1
4631 	1
4634 	1
4635 	1
4639 	1
4648 	1
4649 	1
4650 	1
4653 	1
4663 	1
4665 	1
4669 	1
4670 	1
4671 	1
4672 	1
4673 	1
4675 	1
4676 	1
4678 	1
4680 	1
4688 	1
4689 	1
4690 	1
4691 	1
4696 	1
4697 	1
4698 	1
4699 	1
4701 	1
4709 	1
4713 	1
4714 	1
4716 	1
4717 	1
4727 	1
4730 	1
4731 	1
4733 	1
4739 	1
4741 	1
4746 	1
4749 	1
4751 	1
4755 	1
4756 	1
4761 	1
4763 	1
4764 	1
4765 	1
4766 	1
4770 	1
4771 	1
4772 	1
4777 	1
4780 	1
4782 	1
4783 	1
4784 	1
4788 	1
4790 	1
4791 	1
4792 	1
4794 	1
4795 	1
4798 	1
4799 	1
4804 	1
4805 	1
4806 	1
4807 	1
4812 	1
4814 	1
4816 	1
4817 	1
4818 	1
4819 	1
4824 	1
4825 	1
4826 	1
4833 	1
4838 	1
4840 	1
4841 	1
4842 	1
4844 	1
4845 	1
4847 	1
4848 	1
4851 	1
4855 	1
4856 	1
4859 	1
4860 	1
4861 	1
4862 	1
4864 	1
4865 	1
4866 	1
4868 	1
4871 	1
4875 	1
4876 	1
4878 	1
4882 	1
4883 	1
4884 	1
4887 	1
4888 	1
4889 	1
4894 	1
4898 	1
4902 	1
4904 	1
4909 	1
4912 	1
4918 	1
4920 	1
4921 	1
4922 	1
4924 	1
4926 	1
4927 	1
4930 	1
4932 	1
4933 	1
4934 	1
4935 	1
4936 	1
4942 	1
4945 	1
4946 	1
4948 	1
4950 	1
4951 	1
4952 	1
4953 	1
4956 	1
4958 	1
4964 	1
4966 	1
4968 	1
4975 	1
4977 	1
4981 	1
4982 	1
4984 	1
4987 	1
4988 	1
4989 	1
4990 	1
4992 	1
4994 	1
4995 	1
4997 	1
5007 	1
5008 	1
5009 	1
5014 	1
5017 	1
5021 	1
5023 	1
5024 	1
5029 	1
5030 	1
5031 	1
5032 	1
5035 	1
5036 	1
5037 	1
5038 	1
5044 	1
5045 	1
5049 	1
5050 	1
5051 	1
5052 	1
5053 	1
5054 	1
5055 	1
5056 	1
5057 	1
5060 	1
5062 	1
5066 	1
5068 	1
5070 	1
5074 	1
5075 	1
5077 	1
5078 	1
5082 	1
5084 	1
5088 	1
5094 	1
5095 	1
5097 	1
5099 	1
5100 	1
5104 	1
5106 	1
5107 	1
5111 	1
5113 	1
5116 	1
5117 	1
5121 	1
5125 	1
5127 	1
5128 	1
5129 	1
5132 	1
5136 	1
5139 	1
5141 	1
5142 	1
5144 	1
5152 	1
5155 	1
5159 	1
5160 	1
5161 	1
5166 	1
5167 	1
5168 	1
5169 	1
5172 	1
5174 	1
5176 	1
5184 	1
5186 	1
5187 	1
5188 	1
5190 	1
5192 	1
5194 	1
5199 	1
5200 	1
5201 	1
5202 	1
5203 	1
5210 	1
5212 	1
5213 	1
5215 	1
5216 	1
5220 	1
5221 	1
5222 	1
5223 	1
5224 	1
5225 	1
5228 	1
5230 	1
5232 	1
5242 	1
5247 	1
5249 	1
5250 	1
5252 	1
5254 	1
5257 	1
5260 	1
5261 	1
5262 	1
5263 	1
5265 	1
5272 	1
5277 	1
5283 	1
5287 	1
5288 	1
5294 	1
5299 	1
5303 	1
5304 	1
5305 	1
5306 	1
5307 	1
5311 	1
5312 	1
5315 	1
5316 	1
5327 	1
5331 	1
5332 	1
5334 	1
5335 	1
5338 	1
5340 	1
5341 	1
5343 	1
5346 	1
5349 	1
5350 	1
5351 	1
5358 	1
5359 	1
5360 	1
5362 	1
5364 	1
5365 	1
5368 	1
5369 	1
5371 	1
5372 	1
5374 	1
5379 	1
5380 	1
5381 	1
5383 	1
5384 	1
5385 	1
5387 	1
5389 	1
5390 	1
5391 	1
5393 	1
5394 	1
5397 	1
5402 	1
5403 	1
5405 	1
5406 	1
5409 	1
5410 	1
5411 	1
5413 	1
5414 	1
5419 	1
5422 	1
5428 	1
5429 	1
5432 	1
5433 	1
5435 	1
5437 	1
5439 	1
5446 	1
5447 	1
5448 	1
5449 	1
5450 	1
5452 	1
5454 	1
5457 	1
5461 	1
5462 	1
5473 	1
5475 	1
5477 	1
5478 	1
5479 	1
5481 	1
5482 	1
5485 	1
5486 	1
5490 	1
5491 	1
5492 	1
5495 	1
5498 	1
5504 	1
5505 	1
5506 	1
5508 	1
5511 	1
5513 	1
5518 	1
5522 	1
5523 	1
5526 	1
5531 	1
5532 	1
5537 	1
5538 	1
5543 	1
5545 	1
5547 	1
5548 	1
5552 	1
5554 	1
5555 	1
5558 	1
5559 	1
5560 	1
5561 	1
5564 	1
5567 	1
5571 	1
5574 	1
5576 	1
5579 	1
5581 	1
5582 	1
5583 	1
5584 	1
5587 	1
5588 	1
5591 	1
5592 	1
5597 	1
5598 	1
5602 	1
5606 	1
5607 	1
5608 	1
5609 	1
5611 	1
5612 	1
5615 	1
5618 	1
5619 	1
5624 	1
5625 	1
5626 	1
5628 	1
5634 	1
5635 	1
5636 	1
5637 	1
5639 	1
5642 	1
5646 	1
5653 	1
5656 	1
5658 	1
5659 	1
5660 	1
5661 	1
5664 	1
5666 	1
5667 	1
5669 	1
5670 	1
5671 	1
5675 	1
5677 	1
5680 	1
5682 	1
5683 	1
5684 	1
5685 	1
5689 	1
5691 	1
5693 	1
5697 	1
5701 	1
5702 	1
5704 	1
5708 	1
5709 	1
5710 	1
5711 	1
5713 	1
5715 	1
5716 	1
5717 	1
5720 	1
5721 	1
5722 	1
5724 	1
5725 	1
5726 	1
5729 	1
5730 	1
5735 	1
5737 	1
5738 	1
5739 	1
5742 	1
5743 	1
5744 	1
5749 	1
5750 	1
5751 	1
5755 	1
5756 	1
5757 	1
5762 	1
5763 	1
5766 	1
5769 	1
5773 	1
5774 	1
5778 	1
5780 	1
5782 	1
5783 	1
5785 	1
5786 	1
5791 	1
5798 	1
5799 	1
5801 	1
5802 	1
5803 	1
5808 	1
5809 	1
5810 	1
5811 	1
5813 	1
5815 	1
5816 	1
5818 	1
5820 	1
5821 	1
5823 	1
5829 	1
5830 	1
5833 	1
5835 	1
5837 	1
5838 	1
5839 	1
5840 	1
5843 	1
5844 	1
5847 	1
5848 	1
5849 	1
5850 	1
5851 	1
5853 	1
5856 	1
5857 	1
5858 	1
5867 	1
5870 	1
5871 	1
5872 	1
5874 	1
5879 	1
5881 	1
5885 	1
5886 	1
5888 	1
5890 	1
5891 	1
5893 	1
5896 	1
5899 	1
5901 	1
5906 	1
5910 	1
5911 	1
5912 	1
5913 	1
5914 	1
5915 	1
5916 	1
5917 	1
5919 	1
5930 	1
5937 	1
5940 	1
5943 	1
5944 	1
5946 	1
5951 	1
5952 	1
5957 	1
5959 	1
5961 	1
5962 	1
5963 	1
5964 	1
5965 	1
5966 	1
5968 	1
5969 	1
5972 	1
5973 	1
5974 	1
5975 	1
5976 	1
5978 	1
5979 	1
5980 	1
5981 	1
5983 	1
5984 	1
5987 	1
5988 	1
5989 	1
5991 	1
5994 	1
5998 	1
5999 	1
6001 	1
6004 	1
6006 	1
6013 	1
6020 	1
6023 	1
6024 	1
6025 	1
6030 	1
6034 	1
6037 	1
6038 	1
6042 	1
6043 	1
6044 	1
6045 	1
6046 	1
6048 	1
6051 	1
6053 	1
6055 	1
6056 	1
6057 	1
6063 	1
6066 	1
6067 	1
6069 	1
6071 	1
6074 	1
6075 	1
6082 	1
6084 	1
6086 	1
6087 	1
6088 	1
6089 	1
6090 	1
6091 	1
6092 	1
6100 	1
6101 	1
6102 	1
6106 	1
6108 	1
6109 	1
6111 	1
6112 	1
6114 	1
6115 	1
6116 	1
6118 	1
6123 	1
6127 	1
6129 	1
6130 	1
6131 	1
6133 	1
6139 	1
6145 	1
6147 	1
6150 	1
6153 	1
6154 	1
6155 	1
6160 	1
6168 	1
6169 	1
6170 	1
6172 	1
6184 	1
6186 	1
6187 	1
6191 	1
6194 	1
6196 	1
6202 	1
6204 	1
6205 	1
6207 	1
6208 	1
6209 	1
6211 	1
6213 	1
6214 	1
6216 	1
6217 	1
6218 	1
6219 	1
6227 	1
6228 	1
6229 	1
6234 	1
6235 	1
6236 	1
6237 	1
6238 	1
6239 	1
6244 	1
6245 	1
6249 	1
6250 	1
6254 	1
6255 	1
6260 	1
6263 	1
6265 	1
6266 	1
6267 	1
6269 	1
6271 	1
6272 	1
6274 	1
6277 	1
6280 	1
6285 	1
6287 	1
6289 	1
6290 	1
6291 	1
6292 	1
6297 	1
6298 	1
6299 	1
6300 	1
6302 	1
6303 	1
6305 	1
6306 	1
6307 	1
6311 	1
6317 	1
6322 	1
6323 	1
6324 	1
6325 	1
6326 	1
6327 	1
6328 	1
6329 	1
6331 	1
6335 	1
6338 	1
6339 	1
6340 	1
6342 	1
6346 	1
6349 	1
6350 	1
6352 	1
6354 	1
6357 	1
6358 	1
6360 	1
6361 	1
6362 	1
6365 	1
6366 	1
6367 	1
6368 	1
6369 	1
6374 	1
6376 	1
6377 	1
6381 	1
6382 	1
6385 	1
6390 	1
6393 	1
6394 	1
6395 	1
6396 	1
6398 	1
6399 	1
6401 	1
6403 	1
6407 	1
6408 	1
6409 	1
6410 	1
6413 	1
6415 	1
6424 	1
6426 	1
6427 	1
6429 	1
6433 	1
6435 	1
6437 	1
6439 	1
6442 	1
6443 	1
6445 	1
6451 	1
6454 	1
6455 	1
6456 	1
6457 	1
6458 	1
6461 	1
6463 	1
6464 	1
6467 	1
6468 	1
6469 	1
6471 	1
6473 	1
6474 	1
6475 	1
6476 	1
6477 	1
6478 	1
6479 	1
6482 	1
6488 	1
6495 	1
6498 	1
6500 	1
6502 	1
6505 	1
6507 	1
6508 	1
6511 	1
6513 	1
6515 	1
6516 	1
6517 	1
6518 	1
6520 	1
6526 	1
6529 	1
6531 	1
6532 	1
6533 	1
6535 	1
6536 	1
6537 	1
6538 	1
6540 	1
6541 	1
6542 	1
6545 	1
6546 	1
6547 	1
6550 	1
6554 	1
6556 	1
6560 	1
6562 	1
6563 	1
6564 	1
6571 	1
6572 	1
6573 	1
6574 	1
6577 	1
6578 	1
6581 	1
6583 	1
6591 	1
6592 	1
6593 	1
6594 	1
6595 	1
6596 	1
6597 	1
6599 	1
6600 	1
6601 	1
6603 	1
6604 	1
6605 	1
6606 	1
6607 	1
6610 	1
6611 	1
6614 	1
6615 	1
6616 	1
6619 	1
6622 	1
6623 	1
6624 	1
6626 	1
6630 	1
6631 	1
6634 	1
6635 	1
6636 	1
6637 	1
6638 	1
6641 	1
6645 	1
6646 	1
6648 	1
6653 	1
6657 	1
6661 	1
6663 	1
6664 	1
6667 	1
6668 	1
6670 	1
6672 	1
6673 	1
6674 	1
6678 	1
6681 	1
6682 	1
6683 	1
6685 	1
6686 	1
6687 	1
6691 	1
6692 	1
6693 	1
6695 	1
6698 	1
6700 	1
6704 	1
6705 	1
6706 	1
6707 	1
6708 	1
6709 	1
6710 	1
6711 	1
6712 	1
6715 	1
6716 	1
6719 	1
6720 	1
6721 	1
6723 	1
6727 	1
6728 	1
6729 	1
6730 	1
6733 	1
6738 	1
6744 	1
6746 	1
6750 	1
6751 	1
6755 	1
6761 	1
6765 	1
6766 	1
6768 	1
6769 	1
6775 	1
6778 	1
6779 	1
6780 	1
6784 	1
6786 	1
6790 	1
6791 	1
6792 	1
6795 	1
6797 	1
6798 	1
6799 	1
6800 	1
6803 	1
6806 	1
6808 	1
6809 	1
6816 	1
6817 	1
6820 	1
6824 	1
6827 	1
6828 	1
6832 	1
6833 	1
6836 	1
6838 	1
6840 	1
6841 	1
6842 	1
6844 	1
6849 	1
6850 	1
6853 	1
6856 	1
6857 	1
6859 	1
6860 	1
6861 	1
6862 	1
6863 	1
6868 	1
6869 	1
6871 	1
6874 	1
6876 	1
6878 	1
6879 	1
6881 	1
6885 	1
6897 	1
6900 	1
6903 	1
6904 	1
6905 	1
6908 	1
6909 	1
6912 	1
6914 	1
6915 	1
6917 	1
6918 	1
6920 	1
6922 	1
6927 	1
6929 	1
6935 	1
6936 	1
6937 	1
6940 	1
6944 	1
6945 	1
6948 	1
6949 	1
6951 	1
6953 	1
6954 	1
6959 	1
6961 	1
6965 	1
6968 	1
6975 	1
6976 	1
6977 	1
6978 	1
6981 	1
6982 	1
6983 	1
6988 	1
6989 	1
6991 	1
6992 	1
6995 	1
6998 	1
7003 	1
7004 	1
7005 	1
7006 	1
7007 	1
7011 	1
7013 	1
7014 	1
7016 	1
7020 	1
7022 	1
7025 	1
7027 	1
7032 	1
7033 	1
7037 	1
7044 	1
7048 	1
7049 	1
7050 	1
7051 	1
7053 	1
7054 	1
7057 	1
7061 	1
7062 	1
7063 	1
7072 	1
7073 	1
7074 	1
7075 	1
7076 	1
7077 	1
7079 	1
7081 	1
7090 	1
7091 	1
7093 	1
7095 	1
7098 	1
7099 	1
7100 	1
7103 	1
7104 	1
7105 	1
7106 	1
7108 	1
7110 	1
7111 	1
7112 	1
7116 	1
7122 	1
7123 	1
7124 	1
7126 	1
7127 	1
7128 	1
7130 	1
7133 	1
7134 	1
7136 	1
7137 	1
7138 	1
7140 	1
7142 	1
7143 	1
7144 	1
7146 	1
7147 	1
7148 	1
7153 	1
7156 	1
7161 	1
7162 	1
7163 	1
7165 	1
7167 	1
7174 	1
7175 	1
7176 	1
7182 	1
7183 	1
7187 	1
7190 	1
7193 	1
7195 	1
7199 	1
7200 	1
7202 	1
7204 	1
7205 	1
7206 	1
7207 	1
7209 	1
7213 	1
7216 	1
7218 	1
7225 	1
7228 	1
7230 	1
7236 	1
7237 	1
7239 	1
7242 	1
7243 	1
7246 	1
7247 	1
7249 	1
7250 	1
7252 	1
7253 	1
7255 	1
7256 	1
7258 	1
7262 	1
7263 	1
7264 	1
7265 	1
7266 	1
7268 	1
7270 	1
7271 	1
7272 	1
7276 	1
7281 	1
7282 	1
7292 	1
7293 	1
7294 	1
7297 	1
7301 	1
7302 	1
7304 	1
7308 	1
7309 	1
7315 	1
7321 	1
7322 	1
7323 	1
7335 	1
7337 	1
7339 	1
7340 	1
7342 	1
7345 	1
7347 	1
7348 	1
7350 	1
7353 	1
7357 	1
7358 	1
7361 	1
7362 	1
7368 	1
7372 	1
7373 	1
7382 	1
7384 	1
7385 	1
7388 	1
7389 	1
7390 	1
7392 	1
7396 	1
7398 	1
7400 	1
7402 	1
7407 	1
7408 	1
7411 	1
7412 	1
7413 	1
7415 	1
7418 	1
7420 	1
7421 	1
7423 	1
7428 	1
7429 	1
7431 	1
7432 	1
7433 	1
7434 	1
7435 	1
7436 	1
7438 	1
7439 	1
7441 	1
7444 	1
7446 	1
7447 	1
7448 	1
7449 	1
7453 	1
7455 	1
7456 	1
7460 	1
7461 	1
7462 	1
7464 	1
7471 	1
7473 	1
7474 	1
7479 	1
7481 	1
7485 	1
7486 	1
7489 	1
7490 	1
7491 	1
7493 	1
7496 	1
7498 	1
7500 	1
7502 	1
7504 	1
7505 	1
7506 	1
7510 	1
7514 	1
7515 	1
7516 	1
7517 	1
7524 	1
7525 	1
7531 	1
7533 	1
7535 	1
7537 	1
7538 	1
7539 	1
7544 	1
7545 	1
7547 	1
7550 	1
7554 	1
7555 	1
7556 	1
7560 	1
7561 	1
7562 	1
7566 	1
7568 	1
7569 	1
7570 	1
7578 	1
7582 	1
7584 	1
7585 	1
7586 	1
7587 	1
7588 	1
7589 	1
7590 	1
7591 	1
7594 	1
7597 	1
7599 	1
7603 	1
7605 	1
7606 	1
7608 	1
7609 	1
7615 	1
7617 	1
7618 	1
7620 	1
7621 	1
7622 	1
7632 	1
7635 	1
7637 	1
7639 	1
7642 	1
7644 	1
7647 	1
7648 	1
7649 	1
7650 	1
7651 	1
7653 	1
7655 	1
7658 	1
7660 	1
7663 	1
7665 	1
7667 	1
7671 	1
7672 	1
7678 	1
7680 	1
7682 	1
7685 	1
7688 	1
7690 	1
7692 	1
7693 	1
7695 	1
7698 	1
7699 	1
7703 	1
7704 	1
7705 	1
7706 	1
7707 	1
7708 	1
7709 	1
7710 	1
7712 	1
7713 	1
7715 	1
7718 	1
7721 	1
7726 	1
7728 	1
7729 	1
7732 	1
7734 	1
7735 	1
7738 	1
7740 	1
7744 	1
7745 	1
7750 	1
7752 	1
7754 	1
7755 	1
7756 	1
7757 	1
7759 	1
7761 	1
7763 	1
7764 	1
7766 	1
7769 	1
7771 	1
7774 	1
7776 	1
7777 	1
7778 	1
7784 	1
7786 	1
7787 	1
7788 	1
7789 	1
7792 	1
7795 	1
7796 	1
7799 	1
7800 	1
7802 	1
7805 	1
7808 	1
7810 	1
7811 	1
7812 	1
7813 	1
7814 	1
7815 	1
7819 	1
7824 	1
7825 	1
7826 	1
7827 	1
7828 	1
7829 	1
7831 	1
7834 	1
7835 	1
7841 	1
7842 	1
7843 	1
7846 	1
7847 	1
7850 	1
7852 	1
7854 	1
7856 	1
7857 	1
7858 	1
7862 	1
7863 	1
7869 	1
7870 	1
7872 	1
7874 	1
7878 	1
7881 	1
7882 	1
7887 	1
7888 	1
7889 	1
7891 	1
7892 	1
7898 	1
7899 	1
7901 	1
7904 	1
7908 	1
7909 	1
7915 	1
7916 	1
7918 	1
7923 	1
7925 	1
7930 	1
7934 	1
7940 	1
7942 	1
7944 	1
7947 	1
7951 	1
7952 	1
7954 	1
7957 	1
7964 	1
7965 	1
7968 	1
7970 	1
7971 	1
7973 	1
7975 	1
7977 	1
7978 	1
7982 	1
7983 	1
7986 	1
7990 	1
7992 	1
7993 	1
7997 	1
8003 	1
8004 	1
8010 	1
8017 	1
8019 	1
8020 	1
8028 	1
8030 	1
8034 	1
8035 	1
8036 	1
8037 	1
8039 	1
8041 	1
8042 	1
8044 	1
8046 	1
8049 	1
8051 	1
8052 	1
8055 	1
8057 	1
8058 	1
8060 	1
8061 	1
8066 	1
8068 	1
8069 	1
8070 	1
8071 	1
8072 	1
8075 	1
8076 	1
8078 	1
8080 	1
8083 	1
8089 	1
8090 	1
8096 	1
8097 	1
8098 	1
8099 	1
8100 	1
8102 	1
8103 	1
8105 	1
8106 	1
8108 	1
8110 	1
8113 	1
8115 	1
8116 	1
8119 	1
8120 	1
8121 	1
8122 	1
8125 	1
8126 	1
8129 	1
8130 	1
8133 	1
8135 	1
8136 	1
8137 	1
8138 	1
8143 	1
8145 	1
8146 	1
8148 	1
8149 	1
8151 	1
8152 	1
8155 	1
8156 	1
8157 	1
8159 	1
8160 	1
8161 	1
8167 	1
8169 	1
8171 	1
8173 	1
8174 	1
8185 	1
8192 	1
8197 	1
8198 	1
8200 	1
8201 	1
8202 	1
8207 	1
8210 	1
8213 	1
8214 	1
8215 	1
8217 	1
8220 	1
8222 	1
8225 	1
8229 	1
8230 	1
8233 	1
8239 	1
8245 	1
8249 	1
8251 	1
8252 	1
8257 	1
8263 	1
8265 	1
8266 	1
8268 	1
8269 	1
8275 	1
8276 	1
8278 	1
8280 	1
8283 	1
8284 	1
8288 	1
8291 	1
8293 	1
8294 	1
8295 	1
8296 	1
8300 	1
8301 	1
8303 	1
8307 	1
8309 	1
8310 	1
8311 	1
8317 	1
8318 	1
8320 	1
8324 	1
8326 	1
8327 	1
8328 	1
8330 	1
8335 	1
8336 	1
8337 	1
8340 	1
8341 	1
8344 	1
8349 	1
8351 	1
8355 	1
8356 	1
8357 	1
8361 	1
8362 	1
8365 	1
8366 	1
8371 	1
8375 	1
8377 	1
8379 	1
8382 	1
8383 	1
8385 	1
8386 	1
8387 	1
8389 	1
8392 	1
8393 	1
8398 	1
8405 	1
8406 	1
8409 	1
8412 	1
8415 	1
8420 	1
8423 	1
8424 	1
8425 	1
8429 	1
8430 	1
8431 	1
8433 	1
8435 	1
8440 	1
8446 	1
8448 	1
8452 	1
8453 	1
8454 	1
8456 	1
8458 	1
8460 	1
8463 	1
8464 	1
8465 	1
8468 	1
8470 	1
8471 	1
8473 	1
8474 	1
8476 	1
8477 	1
8481 	1
8483 	1
8484 	1
8485 	1
8488 	1
8489 	1
8491 	1
8494 	1
8501 	1
8504 	1
8505 	1
8509 	1
8512 	1
8519 	1
8520 	1
8522 	1
8525 	1
8528 	1
8529 	1
8535 	1
8537 	1
8539 	1
8540 	1
8541 	1
8542 	1
8543 	1
8544 	1
8546 	1
8547 	1
8550 	1
8551 	1
8553 	1
8555 	1
8557 	1
8559 	1
8563 	1
8565 	1
8566 	1
8567 	1
8569 	1
8572 	1
8574 	1
8575 	1
8580 	1
8581 	1
8586 	1
8587 	1
8588 	1
8590 	1
8591 	1
8592 	1
8593 	1
8595 	1
8599 	1
8603 	1
8607 	1
8609 	1
8610 	1
8611 	1
8616 	1
8617 	1
8618 	1
8619 	1
8620 	1
8622 	1
8624 	1
8628 	1
8630 	1
8631 	1
8632 	1
8635 	1
8641 	1
8643 	1
8645 	1
8646 	1
8652 	1
8653 	1
8654 	1
8655 	1
8658 	1
8662 	1
8663 	1
8666 	1
8667 	1
8670 	1
8671 	1
8673 	1
8678 	1
8683 	1
8685 	1
8686 	1
8687 	1
8690 	1
8691 	1
8692 	1
8696 	1
8697 	1
8698 	1
8699 	1
8700 	1
8709 	1
8713 	1
8716 	1
8717 	1
8718 	1
8720 	1
8721 	1
8726 	1
8729 	1
8731 	1
8732 	1
8735 	1
8736 	1
8740 	1
8744 	1
8745 	1
8747 	1
8752 	1
8755 	1
8757 	1
8761 	1
8762 	1
8763 	1
8765 	1
8767 	1
8768 	1
8770 	1
8775 	1
8778 	1
8785 	1
8786 	1
8789 	1
8795 	1
8799 	1
8802 	1
8804 	1
8805 	1
8807 	1
8809 	1
8810 	1
8812 	1
8813 	1
8814 	1
8815 	1
8817 	1
8822 	1
8824 	1
8825 	1
8827 	1
8828 	1
8831 	1
8833 	1
8834 	1
8835 	1
8836 	1
8837 	1
8838 	1
8839 	1
8840 	1
8847 	1
8851 	1
8852 	1
8855 	1
8857 	1
8858 	1
8859 	1
8864 	1
8872 	1
8873 	1
8874 	1
8879 	1
8885 	1
8888 	1
8890 	1
8892 	1
8896 	1
8901 	1
8904 	1
8906 	1
8908 	1
8909 	1
8910 	1
8912 	1
8913 	1
8919 	1
8920 	1
8921 	1
8922 	1
8925 	1
8926 	1
8927 	1
8932 	1
8935 	1
8938 	1
8941 	1
8946 	1
8947 	1
8951 	1
8954 	1
8955 	1
8956 	1
8958 	1
8960 	1
8963 	1
8964 	1
8965 	1
8967 	1
8973 	1
8977 	1
8979 	1
8980 	1
8984 	1
8986 	1
8987 	1
8991 	1
8992 	1
8993 	1
8997 	1
9000 	1
9002 	1
9003 	1
9006 	1
9009 	1
9013 	1
9014 	1
9024 	1
9026 	1
9027 	1
9028 	1
9029 	1
9032 	1
9034 	1
9035 	1
9037 	1
9038 	1
9039 	1
9040 	1
9041 	1
9043 	1
9045 	1
9046 	1
9049 	1
9051 	1
9052 	1
9053 	1
9054 	1
9055 	1
9056 	1
9057 	1
9059 	1
9060 	1
9061 	1
9062 	1
9064 	1
9065 	1
9067 	1
9070 	1
9073 	1
9075 	1
9077 	1
9080 	1
9081 	1
9083 	1
9084 	1
9085 	1
9089 	1
9092 	1
9098 	1
9104 	1
9106 	1
9109 	1
9111 	1
9120 	1
9121 	1
9122 	1
9123 	1
9124 	1
9125 	1
9126 	1
9128 	1
9130 	1
9132 	1
9136 	1
9137 	1
9138 	1
9139 	1
9140 	1
9141 	1
9142 	1
9143 	1
9145 	1
9147 	1
9157 	1
9161 	1
9163 	1
9164 	1
9166 	1
9167 	1
9168 	1
9172 	1
9173 	1
9175 	1
9177 	1
9180 	1
9186 	1
9196 	1
9198 	1
9199 	1
9201 	1
9204 	1
9205 	1
9207 	1
9210 	1
9218 	1
9219 	1
9221 	1
9222 	1
9223 	1
9225 	1
9226 	1
9227 	1
9228 	1
9230 	1
9235 	1
9236 	1
9237 	1
9242 	1
9244 	1
9246 	1
9247 	1
9248 	1
9249 	1
9253 	1
9255 	1
9256 	1
9257 	1
9259 	1
9261 	1
9269 	1
9271 	1
9273 	1
9274 	1
9277 	1
9280 	1
9281 	1
9285 	1
9290 	1
9291 	1
9293 	1
9295 	1
9297 	1
9298 	1
9300 	1
9301 	1
9304 	1
9305 	1
9307 	1
9308 	1
9311 	1
9315 	1
9316 	1
9318 	1
9325 	1
9329 	1
9331 	1
9334 	1
9335 	1
9336 	1
9339 	1
9340 	1
9342 	1
9343 	1
9344 	1
9345 	1
9348 	1
9349 	1
9351 	1
9352 	1
9358 	1
9359 	1
9360 	1
9365 	1
9369 	1
9372 	1
9375 	1
9377 	1
9378 	1
9380 	1
9381 	1
9383 	1
9386 	1
9387 	1
9390 	1
9391 	1
9392 	1
9396 	1
9397 	1
9398 	1
9399 	1
9407 	1
9408 	1
9410 	1
9412 	1
9413 	1
9414 	1
9417 	1
9419 	1
9423 	1
9427 	1
9430 	1
9431 	1
9434 	1
9437 	1
9438 	1
9446 	1
9447 	1
9451 	1
9453 	1
9458 	1
9464 	1
9465 	1
9466 	1
9468 	1
9472 	1
9473 	1
9481 	1
9484 	1
9486 	1
9489 	1
9494 	1
9497 	1
9502 	1
9503 	1
9505 	1
9506 	1
9507 	1
9508 	1
9512 	1
9513 	1
9517 	1
9519 	1
9523 	1
9525 	1
9527 	1
9529 	1
9532 	1
9533 	1
9535 	1
9537 	1
9538 	1
9540 	1
9544 	1
9545 	1
9548 	1
9550 	1
9553 	1
9556 	1
9558 	1
9567 	1
9571 	1
9576 	1
9577 	1
9578 	1
9579 	1
9587 	1
9590 	1
9592 	1
9594 	1
9597 	1
9598 	1
9599 	1
9600 	1
9602 	1
9603 	1
9606 	1
9609 	1
9612 	1
9617 	1
9618 	1
9622 	1
9623 	1
9626 	1
9628 	1
9629 	1
9632 	1
9635 	1
9637 	1
9642 	1
9643 	1
9646 	1
9658 	1
9659 	1
9660 	1
9661 	1
9663 	1
9664 	1
9667 	1
9668 	1
9672 	1
9673 	1
9675 	1
9679 	1
9680 	1
9682 	1
9683 	1
9685 	1
9687 	1
9688 	1
9697 	1
9698 	1
9699 	1
9701 	1
9702 	1
9704 	1
9705 	1
9706 	1
9707 	1
9708 	1
9712 	1
9713 	1
9717 	1
9721 	1
9722 	1
9725 	1
9727 	1
9728 	1
9730 	1
9732 	1
9734 	1
9735 	1
9736 	1
9739 	1
9740 	1
9741 	1
9742 	1
9744 	1
9745 	1
9754 	1
9755 	1
9758 	1
9760 	1
9763 	1
9764 	1
9766 	1
9768 	1
9770 	1
9773 	1
9774 	1
9775 	1
9777 	1
9778 	1
9779 	1
9783 	1
9785 	1
9787 	1
9790 	1
9791 	1
9792 	1
9793 	1
9795 	1
9796 	1
9797 	1
9798 	1
9804 	1
9806 	1
9809 	1
9810 	1
9812 	1
9814 	1
9820 	1
9822 	1
9824 	1
9825 	1
9828 	1
9834 	1
9837 	1
9840 	1
9842 	1
9849 	1
9851 	1
9854 	1
9855 	1
9862 	1
9864 	1
9865 	1
9867 	1
9870 	1
9873 	1
9874 	1
9876 	1
9877 	1
9878 	1
9884 	1
9887 	1
9889 	1
9890 	1
9891 	1
9892 	1
9895 	1
9896 	1
9898 	1
9901 	1
9902 	1
9903 	1
9905 	1
9907 	1
9909 	1
9913 	1
9915 	1
9916 	1
9918 	1
9919 	1
9921 	1
9923 	1
9924 	1
9925 	1
9927 	1
9930 	1
9931 	1
9932 	1
9934 	1
9935 	1
9936 	1
9937 	1
9939 	1
9943 	1
9944 	1
9947 	1
9950 	1
9952 	1
9955 	1
9957 	1
9959 	1
9960 	1
9963 	1
9964 	1
9965 	1
9968 	1
9970 	1
9972 	1
9977 	1
9978 	1
9979 	1
9982 	1
9985 	1
9986 	1
9988 	1
9990 	1
9994 	1
9995 	1
9996 	1
10000 	1
10001 	1
10002 	1
10003 	1
10004 	1
10005 	1
10013 	1
10014 	1
10017 	1
10018 	1
10019 	1
10022 	1
10023 	1
10024 	1
10025 	1
10028 	1
10033 	1
10037 	1
10039 	1
10040 	1
10043 	1
10044 	1
10046 	1
10048 	1
10052 	1
10053 	1
10056 	1
10057 	1
10058 	1
10062 	1
10065 	1
10069 	1
10073 	1
10075 	1
10077 	1
10078 	1
10079 	1
10084 	1
10085 	1
10087 	1
10088 	1
10090 	1
10092 	1
10093 	1
10096 	1
10099 	1
10100 	1
10102 	1
10104 	1
10108 	1
10109 	1
10111 	1
10113 	1
10115 	1
10120 	1
10122 	1
10123 	1
10125 	1
10129 	1
10132 	1
10134 	1
10135 	1
10136 	1
10138 	1
10140 	1
10141 	1
10142 	1
10143 	1
10145 	1
10146 	1
10151 	1
10162 	1
10165 	1
10168 	1
10169 	1
10171 	1
10174 	1
10175 	1
10178 	1
10179 	1
10180 	1
10183 	1
10184 	1
10185 	1
10188 	1
10190 	1
10194 	1
10197 	1
10198 	1
10199 	1
10202 	1
10203 	1
10204 	1
10205 	1
10207 	1
10208 	1
10210 	1
10211 	1
10212 	1
10213 	1
10215 	1
10221 	1
10225 	1
10226 	1
10227 	1
10228 	1
10234 	1
10236 	1
10238 	1
10239 	1
10240 	1
10242 	1
10244 	1
10247 	1
10252 	1
10253 	1
10254 	1
10256 	1
10258 	1
10263 	1
10265 	1
10268 	1
10269 	1
10272 	1
10276 	1
10278 	1
10283 	1
10284 	1
10285 	1
10286 	1
10291 	1
10293 	1
10296 	1
10297 	1
10300 	1
10305 	1
10306 	1
10307 	1
10309 	1
10310 	1
10313 	1
10316 	1
10319 	1
10323 	1
10325 	1
10326 	1
10327 	1
10329 	1
10330 	1
10333 	1
10335 	1
10336 	1
10338 	1
10342 	1
10343 	1
10346 	1
10347 	1
10351 	1
10352 	1
10357 	1
10360 	1
10361 	1
10362 	1
10371 	1
10373 	1
10374 	1
10377 	1
10380 	1
10381 	1
10382 	1
10383 	1
10385 	1
10387 	1
10388 	1
10389 	1
10390 	1
10392 	1
10396 	1
10399 	1
10401 	1
10405 	1
10409 	1
10411 	1
10413 	1
10417 	1
10420 	1
10421 	1
10425 	1
10430 	1
10432 	1
10434 	1
10436 	1
10437 	1
10438 	1
10442 	1
10443 	1
10444 	1
10446 	1
10447 	1
10449 	1
10453 	1
10458 	1
10461 	1
10464 	1
10465 	1
10471 	1
10472 	1
10476 	1
10479 	1
10480 	1
10482 	1
10484 	1
10485 	1
10488 	1
10489 	1
10493 	1
10499 	1
10501 	1
10506 	1
10509 	1
10512 	1
10513 	1
10514 	1
10515 	1
10516 	1
10517 	1
10518 	1
10520 	1
10521 	1
10523 	1
10524 	1
10531 	1
10535 	1
10536 	1
10538 	1
10539 	1
10543 	1
10545 	1
10547 	1
10549 	1
10550 	1
10551 	1
10552 	1
10555 	1
10564 	1
10565 	1
10575 	1
10577 	1
10578 	1
10579 	1
10580 	1
10581 	1
10582 	1
10584 	1
10586 	1
10588 	1
10589 	1
10590 	1
10591 	1
10592 	1
10593 	1
10594 	1
10596 	1
10597 	1
10598 	1
10599 	1
10602 	1
10603 	1
10607 	1
10612 	1
10614 	1
10616 	1
10617 	1
10619 	1
10623 	1
10628 	1
10630 	1
10631 	1
10633 	1
10635 	1
10636 	1
10637 	1
10644 	1
10645 	1
10646 	1
10649 	1
10650 	1
10651 	1
10653 	1
10660 	1
10661 	1
10662 	1
10667 	1
10669 	1
10672 	1
10673 	1
10674 	1
10676 	1
10677 	1
10678 	1
10679 	1
10681 	1
10683 	1
10684 	1
10686 	1
10688 	1
10691 	1
10692 	1
10693 	1
10696 	1
10697 	1
10698 	1
10700 	1
10701 	1
10709 	1
10710 	1
10711 	1
10713 	1
10714 	1
10715 	1
10717 	1
10718 	1
10719 	1
10720 	1
10722 	1
10723 	1
10726 	1
10728 	1
10729 	1
10731 	1
10733 	1
10735 	1
10736 	1
10738 	1
10739 	1
10741 	1
10742 	1
10743 	1
10748 	1
10749 	1
10753 	1
10755 	1
10756 	1
10757 	1
10762 	1
10764 	1
10766 	1
10771 	1
10772 	1
10777 	1
10778 	1
10779 	1
10780 	1
10786 	1
10787 	1
10788 	1
10789 	1
10792 	1
10794 	1
10799 	1
10803 	1
10810 	1
10811 	1
10814 	1
10815 	1
10820 	1
10821 	1
10822 	1
10825 	1
10827 	1
10828 	1
10829 	1
10836 	1
10837 	1
10840 	1
10845 	1
10847 	1
10850 	1
10855 	1
10857 	1
10858 	1
10860 	1
10861 	1
10866 	1
10868 	1
10869 	1
10876 	1
10877 	1
10878 	1
10881 	1
10882 	1
10885 	1
10887 	1
10889 	1
10890 	1
10891 	1
10894 	1
10895 	1
10897 	1
10898 	1
10899 	1
10901 	1
10903 	1
10904 	1
10906 	1
10908 	1
10909 	1
10911 	1
10913 	1
10916 	1
10918 	1
10919 	1
10925 	1
10933 	1
10935 	1
10936 	1
10944 	1
10949 	1
10950 	1
10951 	1
10952 	1
10953 	1
10959 	1
10973 	1
10974 	1
10976 	1
10977 	1
10978 	1
10987 	1
10989 	1
10991 	1
10992 	1
10993 	1
10996 	1
10997 	1
10999 	1
11000 	1
