Number of items 	Total Weight 	Total Profit 
5136 	1510988.25 	345006.089986 


Total time: 0.0624549388885 s
Average time: 0.0156144499779 s
Last call: 2.86102294922e-06 s
Stamp 1 of the total: 0h 0m 0s 62ms 62454\u00B5s
Stamp 2 of the total: 00:00:00.0062
Pattern that ignores zeros:
62ms 62454\u00B5s
0062

Item    Fraction

1 	1
3 	1
5 	1
7 	1
8 	1
11 	1
12 	1
14 	1
20 	1
23 	1
25 	1
27 	1
31 	1
32 	1
33 	1
34 	1
40 	1
41 	1
43 	1
44 	1
48 	1
51 	1
55 	1
57 	1
58 	1
61 	1
68 	1
71 	1
75 	1
79 	1
80 	1
81 	1
84 	1
85 	1
87 	1
88 	1
90 	1
101 	1
103 	1
104 	1
106 	1
107 	1
108 	1
109 	1
110 	1
114 	1
115 	1
116 	1
119 	1
121 	1
123 	1
124 	1
127 	1
129 	1
130 	1
134 	1
139 	1
143 	1
145 	1
146 	1
147 	1
149 	1
151 	1
152 	1
157 	1
160 	1
164 	1
165 	1
166 	1
169 	1
170 	1
171 	1
172 	1
173 	1
177 	1
180 	1
182 	1
183 	1
186 	1
188 	1
190 	1
191 	1
198 	1
200 	1
202 	1
204 	1
206 	1
209 	1
210 	1
219 	1
220 	1
221 	1
224 	1
225 	1
226 	1
228 	1
232 	1
233 	1
234 	1
235 	1
237 	1
241 	1
242 	1
243 	1
244 	1
247 	1
253 	1
256 	1
258 	1
259 	1
262 	1
263 	1
266 	1
267 	1
269 	1
272 	1
273 	1
278 	1
279 	1
280 	1
286 	1
287 	1
290 	1
291 	1
292 	1
295 	1
296 	1
300 	1
301 	1
305 	1
306 	1
308 	1
309 	1
311 	1
312 	1
318 	1
327 	1
331 	1
332 	1
333 	1
335 	1
342 	1
343 	1
346 	1
348 	1
350 	1
357 	1
358 	1
360 	1
364 	1
365 	1
369 	1
370 	1
372 	1
374 	1
377 	1
380 	1
382 	1
383 	1
384 	1
385 	1
387 	1
389 	1
395 	1
397 	1
401 	1
402 	1
407 	1
414 	1
424 	1
425 	1
426 	1
429 	1
430 	1
433 	1
435 	1
436 	1
438 	1
439 	1
440 	1
441 	1
442 	1
444 	1
445 	1
446 	1
449 	1
450 	1
453 	1
456 	1
457 	1
458 	1
462 	1
463 	1
464 	1
465 	1
467 	1
470 	1
473 	1
480 	1
486 	1
487 	1
488 	1
491 	1
492 	1
494 	1
496 	1
497 	1
508 	1
509 	1
510 	1
511 	1
513 	1
515 	1
518 	1
519 	1
520 	1
522 	1
526 	1
529 	1
530 	1
531 	1
532 	1
533 	1
534 	1
540 	1
541 	1
544 	1
546 	1
552 	1
553 	1
554 	1
556 	1
557 	1
560 	1
562 	1
563 	1
564 	1
565 	1
566 	1
567 	1
568 	1
569 	1
570 	1
571 	1
574 	1
575 	1
576 	1
577 	1
578 	1
580 	1
582 	1
584 	1
589 	1
590 	1
593 	1
596 	1
600 	1
601 	1
604 	1
605 	1
606 	1
608 	1
609 	1
610 	1
612 	1
615 	1
616 	1
617 	1
620 	1
622 	1
623 	1
626 	1
628 	1
632 	1
634 	1
636 	1
637 	1
638 	1
644 	1
646 	1
649 	1
651 	1
653 	1
655 	1
661 	1
664 	1
665 	1
666 	1
668 	1
669 	1
671 	1
673 	1
676 	1
677 	1
678 	1
679 	1
685 	1
686 	1
687 	1
688 	1
691 	1
695 	1
696 	1
702 	1
707 	1
708 	1
715 	1
717 	1
719 	1
721 	1
723 	1
724 	1
726 	1
727 	1
730 	1
731 	1
732 	1
734 	1
736 	1
739 	1
743 	1
745 	1
747 	1
749 	1
751 	1
754 	1
756 	1
760 	1
761 	1
763 	1
764 	1
767 	1
770 	1
774 	1
776 	1
783 	1
784 	1
791 	1
799 	1
805 	1
807 	1
814 	1
816 	1
817 	1
825 	1
827 	1
829 	1
832 	1
834 	1
835 	1
836 	1
838 	1
839 	1
841 	1
845 	1
846 	1
847 	1
848 	1
852 	1
854 	1
857 	1
859 	1
861 	1
862 	1
863 	1
864 	1
865 	1
867 	1
868 	1
870 	1
872 	1
873 	1
874 	1
877 	1
878 	1
884 	1
887 	1
888 	1
894 	1
895 	1
896 	1
898 	1
900 	1
903 	1
904 	1
905 	1
908 	1
913 	1
920 	1
924 	1
927 	1
928 	1
930 	1
933 	1
935 	1
937 	1
944 	1
953 	1
954 	1
958 	1
961 	1
962 	1
963 	1
964 	1
965 	1
966 	1
970 	1
974 	1
975 	1
977 	1
978 	1
980 	1
982 	1
983 	1
985 	1
987 	1
989 	1
990 	1
993 	1
995 	1
996 	1
997 	1
999 	1
1005 	1
1008 	1
1012 	1
1014 	1
1018 	1
1023 	1
1026 	1
1028 	1
1031 	1
1036 	1
1037 	1
1038 	1
1040 	1
1042 	1
1043 	1
1047 	1
1050 	1
1052 	1
1054 	1
1057 	1
1059 	1
1061 	1
1062 	1
1064 	1
1065 	1
1068 	1
1071 	1
1073 	1
1077 	1
1080 	1
1085 	1
1087 	1
1094 	1
1097 	1
1099 	1
1101 	1
1102 	1
1103 	1
1104 	1
1110 	1
1111 	1
1112 	1
1113 	1
1114 	1
1116 	1
1117 	1
1119 	1
1120 	1
1121 	1
1124 	1
1125 	1
1127 	1
1130 	1
1131 	1
1133 	1
1134 	1
1135 	1
1139 	1
1142 	1
1143 	1
1144 	1
1145 	1
1146 	1
1150 	1
1152 	1
1153 	1
1157 	1
1158 	1
1159 	1
1160 	1
1162 	1
1163 	1
1164 	1
1175 	1
1179 	1
1184 	1
1186 	1
1188 	1
1191 	1
1192 	1
1193 	1
1194 	1
1196 	1
1197 	1
1199 	1
1200 	1
1204 	1
1213 	1
1216 	1
1218 	1
1223 	1
1225 	1
1233 	1
1234 	1
1236 	1
1238 	1
1239 	1
1240 	1
1242 	1
1244 	1
1245 	1
1246 	1
1250 	1
1251 	1
1253 	1
1256 	1
1258 	1
1260 	1
1262 	1
1269 	1
1270 	1
1273 	1
1275 	1
1276 	1
1277 	1
1278 	1
1279 	1
1281 	1
1282 	1
1285 	1
1287 	1
1290 	1
1293 	1
1296 	1
1302 	1
1305 	1
1306 	1
1307 	1
1308 	1
1312 	1
1313 	1
1321 	1
1322 	1
1327 	1
1328 	1
1335 	1
1336 	1
1337 	1
1339 	1
1340 	1
1341 	1
1342 	1
1343 	1
1344 	1
1345 	1
1346 	1
1352 	1
1353 	1
1355 	1
1356 	1
1357 	1
1359 	1
1362 	1
1363 	1
1365 	1
1370 	1
1372 	1
1374 	1
1375 	1
1380 	1
1383 	1
1384 	1
1386 	1
1387 	1
1388 	1
1391 	1
1392 	1
1393 	1
1395 	1
1396 	1
1399 	1
1401 	1
1402 	1
1405 	1
1408 	1
1413 	1
1416 	1
1424 	1
1426 	1
1429 	1
1431 	1
1432 	1
1435 	1
1436 	1
1437 	1
1440 	1
1445 	1
1446 	1
1447 	1
1448 	1
1451 	1
1454 	1
1458 	1
1459 	1
1462 	1
1471 	1
1472 	1
1474 	1
1476 	1
1477 	1
1478 	1
1481 	1
1482 	1
1487 	1
1488 	1
1493 	1
1497 	1
1502 	1
1503 	1
1505 	1
1506 	1
1508 	1
1510 	1
1511 	1
1512 	1
1514 	1
1516 	1
1518 	1
1520 	1
1524 	1
1528 	1
1531 	1
1532 	1
1533 	1
1534 	1
1535 	1
1537 	1
1539 	1
1542 	1
1543 	1
1545 	1
1549 	1
1550 	1
1551 	1
1554 	1
1556 	1
1557 	1
1563 	1
1565 	1
1569 	1
1572 	1
1573 	1
1574 	1
1576 	1
1578 	1
1579 	1
1583 	1
1585 	1
1587 	1
1588 	1
1589 	1
1590 	1
1593 	1
1595 	1
1596 	1
1599 	1
1602 	1
1603 	1
1605 	1
1606 	1
1608 	1
1610 	1
1612 	1
1615 	1
1616 	1
1617 	1
1624 	1
1626 	1
1630 	1
1634 	1
1636 	1
1638 	1
1639 	1
1640 	1
1643 	1
1646 	1
1649 	1
1650 	1
1653 	1
1655 	1
1656 	1
1657 	1
1658 	1
1659 	1
1660 	1
1661 	1
1664 	1
1669 	1
1670 	1
1671 	1
1672 	1
1680 	1
1681 	1
1682 	1
1684 	1
1690 	1
1692 	1
1693 	1
1694 	1
1695 	1
1696 	1
1702 	1
1704 	1
1705 	1
1706 	1
1709 	1
1714 	1
1718 	1
1721 	1
1722 	1
1723 	1
1725 	1
1726 	1
1730 	1
1734 	1
1738 	1
1739 	1
1742 	1
1745 	1
1748 	1
1749 	1
1750 	1
1754 	1
1756 	1
1757 	1
1761 	1
1762 	1
1763 	1
1764 	1
1767 	1
1768 	1
1770 	1
1771 	1
1772 	1
1776 	1
1778 	1
1779 	1
1781 	1
1783 	1
1784 	1
1786 	1
1788 	1
1790 	1
1795 	1
1796 	1
1797 	1
1802 	1
1803 	1
1805 	1
1806 	1
1808 	1
1810 	1
1813 	1
1814 	1
1815 	1
1819 	1
1821 	1
1822 	1
1826 	1
1827 	1
1828 	1
1831 	1
1833 	1
1834 	1
1838 	1
1842 	1
1843 	1
1844 	1
1845 	1
1847 	1
1848 	1
1849 	1
1852 	1
1853 	1
1857 	1
1864 	1
1869 	1
1870 	1
1872 	1
1877 	1
1880 	1
1881 	1
1886 	1
1888 	1
1890 	1
1893 	1
1895 	1
1898 	1
1900 	1
1904 	1
1905 	1
1906 	1
1907 	1
1908 	1
1910 	1
1911 	1
1913 	1
1914 	1
1916 	1
1917 	1
1920 	1
1922 	1
1925 	1
1927 	1
1930 	1
1931 	1
1933 	1
1936 	1
1939 	1
1941 	1
1944 	1
1945 	1
1947 	1
1948 	1
1949 	1
1950 	1
1951 	1
1952 	1
1958 	1
1965 	1
1980 	1
1983 	1
1985 	1
1990 	1
1993 	1
1995 	1
1996 	1
1998 	1
2001 	1
2002 	1
2003 	1
2004 	1
2005 	1
2006 	1
2010 	1
2012 	1
2015 	1
2016 	1
2020 	1
2021 	1
2022 	1
2023 	1
2026 	1
2027 	1
2035 	1
2037 	1
2038 	1
2039 	1
2040 	1
2041 	1
2042 	1
2043 	1
2045 	1
2046 	1
2049 	1
2053 	1
2062 	1
2067 	1
2068 	1
2069 	1
2071 	1
2072 	1
2073 	1
2074 	1
2077 	1
2078 	1
2080 	1
2081 	1
2082 	1
2084 	1
2085 	1
2087 	1
2090 	1
2092 	1
2096 	1
2101 	1
2107 	1
2108 	1
2110 	1
2115 	1
2116 	1
2117 	1
2119 	1
2123 	1
2126 	1
2128 	1
2129 	1
2132 	1
2133 	1
2135 	1
2138 	1
2139 	1
2140 	1
2141 	1
2144 	1
2146 	1
2148 	1
2151 	1
2152 	1
2153 	1
2155 	1
2156 	1
2165 	1
2170 	1
2172 	1
2175 	1
2176 	1
2177 	1
2179 	1
2181 	1
2183 	1
2184 	1
2187 	1
2190 	1
2192 	1
2193 	1
2195 	1
2198 	1
2200 	1
2203 	1
2206 	1
2208 	1
2213 	1
2219 	1
2222 	1
2225 	1
2227 	1
2231 	1
2232 	1
2233 	1
2239 	1
2241 	1
2245 	1
2248 	1
2253 	1
2257 	1
2259 	1
2260 	1
2261 	1
2262 	1
2266 	1
2267 	1
2268 	1
2270 	1
2272 	1
2274 	1
2275 	1
2276 	1
2278 	1
2279 	1
2280 	1
2281 	1
2283 	1
2285 	1
2286 	1
2288 	1
2289 	0.873139377537
2290 	1
2292 	1
2293 	1
2294 	1
2296 	1
2297 	1
2298 	1
2299 	1
2300 	1
2303 	1
2305 	1
2309 	1
2310 	1
2313 	1
2314 	1
2315 	1
2316 	1
2317 	1
2318 	1
2320 	1
2321 	1
2323 	1
2327 	1
2328 	1
2332 	1
2334 	1
2335 	1
2338 	1
2340 	1
2342 	1
2344 	1
2349 	1
2350 	1
2353 	1
2354 	1
2355 	1
2356 	1
2358 	1
2361 	1
2362 	1
2363 	1
2370 	1
2372 	1
2375 	1
2379 	1
2382 	1
2383 	1
2384 	1
2386 	1
2388 	1
2390 	1
2392 	1
2394 	1
2396 	1
2398 	1
2403 	1
2406 	1
2407 	1
2409 	1
2410 	1
2414 	1
2415 	1
2416 	1
2418 	1
2419 	1
2421 	1
2424 	1
2426 	1
2429 	1
2433 	1
2434 	1
2436 	1
2437 	1
2438 	1
2439 	1
2441 	1
2444 	1
2448 	1
2453 	1
2454 	1
2456 	1
2459 	1
2463 	1
2467 	1
2468 	1
2478 	1
2479 	1
2480 	1
2483 	1
2486 	1
2494 	1
2495 	1
2498 	1
2499 	1
2500 	1
2504 	1
2506 	1
2508 	1
2509 	1
2513 	1
2519 	1
2524 	1
2528 	1
2529 	1
2530 	1
2531 	1
2533 	1
2534 	1
2536 	1
2538 	1
2540 	1
2541 	1
2546 	1
2551 	1
2554 	1
2559 	1
2562 	1
2567 	1
2568 	1
2569 	1
2572 	1
2573 	1
2574 	1
2576 	1
2579 	1
2580 	1
2586 	1
2588 	1
2589 	1
2592 	1
2594 	1
2595 	1
2597 	1
2598 	1
2602 	1
2606 	1
2608 	1
2610 	1
2611 	1
2613 	1
2614 	1
2618 	1
2620 	1
2621 	1
2623 	1
2625 	1
2626 	1
2627 	1
2628 	1
2629 	1
2631 	1
2634 	1
2636 	1
2641 	1
2645 	1
2646 	1
2649 	1
2652 	1
2653 	1
2655 	1
2663 	1
2667 	1
2668 	1
2670 	1
2671 	1
2672 	1
2673 	1
2680 	1
2681 	1
2684 	1
2686 	1
2687 	1
2689 	1
2696 	1
2698 	1
2699 	1
2700 	1
2709 	1
2714 	1
2717 	1
2718 	1
2719 	1
2720 	1
2721 	1
2722 	1
2724 	1
2726 	1
2729 	1
2730 	1
2731 	1
2732 	1
2735 	1
2738 	1
2741 	1
2742 	1
2743 	1
2745 	1
2751 	1
2756 	1
2758 	1
2764 	1
2766 	1
2767 	1
2768 	1
2771 	1
2772 	1
2775 	1
2778 	1
2781 	1
2787 	1
2797 	1
2799 	1
2803 	1
2806 	1
2809 	1
2812 	1
2814 	1
2815 	1
2824 	1
2825 	1
2826 	1
2827 	1
2831 	1
2832 	1
2839 	1
2840 	1
2841 	1
2844 	1
2848 	1
2851 	1
2855 	1
2856 	1
2857 	1
2858 	1
2863 	1
2865 	1
2866 	1
2871 	1
2872 	1
2873 	1
2875 	1
2876 	1
2878 	1
2879 	1
2880 	1
2883 	1
2885 	1
2888 	1
2890 	1
2891 	1
2893 	1
2895 	1
2896 	1
2898 	1
2901 	1
2903 	1
2904 	1
2905 	1
2911 	1
2913 	1
2915 	1
2921 	1
2922 	1
2924 	1
2925 	1
2927 	1
2933 	1
2940 	1
2942 	1
2944 	1
2945 	1
2948 	1
2949 	1
2952 	1
2957 	1
2958 	1
2959 	1
2967 	1
2970 	1
2974 	1
2977 	1
2980 	1
2981 	1
2982 	1
2983 	1
2990 	1
2993 	1
2999 	1
3001 	1
3002 	1
3003 	1
3004 	1
3007 	1
3009 	1
3010 	1
3011 	1
3015 	1
3016 	1
3018 	1
3019 	1
3020 	1
3022 	1
3024 	1
3025 	1
3028 	1
3029 	1
3030 	1
3031 	1
3035 	1
3036 	1
3037 	1
3040 	1
3041 	1
3042 	1
3045 	1
3047 	1
3048 	1
3050 	1
3053 	1
3054 	1
3056 	1
3058 	1
3060 	1
3062 	1
3063 	1
3067 	1
3068 	1
3069 	1
3070 	1
3074 	1
3076 	1
3077 	1
3078 	1
3079 	1
3080 	1
3082 	1
3087 	1
3088 	1
3089 	1
3090 	1
3091 	1
3092 	1
3097 	1
3098 	1
3102 	1
3105 	1
3106 	1
3107 	1
3109 	1
3110 	1
3112 	1
3114 	1
3116 	1
3118 	1
3119 	1
3122 	1
3125 	1
3126 	1
3134 	1
3137 	1
3138 	1
3143 	1
3145 	1
3147 	1
3149 	1
3150 	1
3152 	1
3154 	1
3157 	1
3158 	1
3159 	1
3161 	1
3162 	1
3163 	1
3166 	1
3167 	1
3170 	1
3171 	1
3173 	1
3174 	1
3175 	1
3176 	1
3177 	1
3178 	1
3180 	1
3184 	1
3188 	1
3191 	1
3193 	1
3194 	1
3198 	1
3199 	1
3200 	1
3201 	1
3202 	1
3204 	1
3207 	1
3210 	1
3212 	1
3214 	1
3215 	1
3221 	1
3223 	1
3224 	1
3231 	1
3232 	1
3233 	1
3234 	1
3235 	1
3236 	1
3239 	1
3242 	1
3243 	1
3245 	1
3247 	1
3249 	1
3250 	1
3254 	1
3257 	1
3259 	1
3263 	1
3264 	1
3266 	1
3267 	1
3272 	1
3275 	1
3276 	1
3277 	1
3278 	1
3279 	1
3281 	1
3283 	1
3289 	1
3292 	1
3293 	1
3300 	1
3304 	1
3308 	1
3309 	1
3312 	1
3314 	1
3315 	1
3319 	1
3321 	1
3326 	1
3328 	1
3330 	1
3333 	1
3334 	1
3338 	1
3340 	1
3343 	1
3344 	1
3347 	1
3349 	1
3350 	1
3351 	1
3358 	1
3360 	1
3363 	1
3369 	1
3370 	1
3371 	1
3373 	1
3377 	1
3384 	1
3385 	1
3386 	1
3388 	1
3390 	1
3391 	1
3394 	1
3395 	1
3396 	1
3402 	1
3403 	1
3405 	1
3406 	1
3407 	1
3411 	1
3413 	1
3418 	1
3420 	1
3424 	1
3428 	1
3430 	1
3431 	1
3434 	1
3438 	1
3443 	1
3445 	1
3448 	1
3451 	1
3459 	1
3461 	1
3462 	1
3463 	1
3464 	1
3474 	1
3476 	1
3480 	1
3483 	1
3488 	1
3489 	1
3493 	1
3499 	1
3500 	1
3502 	1
3503 	1
3504 	1
3505 	1
3507 	1
3508 	1
3510 	1
3512 	1
3513 	1
3514 	1
3519 	1
3521 	1
3523 	1
3524 	1
3526 	1
3528 	1
3529 	1
3530 	1
3534 	1
3539 	1
3540 	1
3542 	1
3544 	1
3549 	1
3550 	1
3554 	1
3563 	1
3564 	1
3565 	1
3566 	1
3568 	1
3571 	1
3572 	1
3574 	1
3575 	1
3578 	1
3586 	1
3587 	1
3590 	1
3592 	1
3599 	1
3600 	1
3607 	1
3609 	1
3611 	1
3613 	1
3614 	1
3618 	1
3621 	1
3622 	1
3624 	1
3627 	1
3628 	1
3629 	1
3632 	1
3636 	1
3643 	1
3645 	1
3646 	1
3649 	1
3651 	1
3657 	1
3658 	1
3660 	1
3661 	1
3664 	1
3665 	1
3666 	1
3670 	1
3671 	1
3672 	1
3677 	1
3678 	1
3679 	1
3683 	1
3684 	1
3687 	1
3691 	1
3692 	1
3693 	1
3696 	1
3697 	1
3698 	1
3701 	1
3703 	1
3704 	1
3705 	1
3708 	1
3709 	1
3710 	1
3715 	1
3716 	1
3719 	1
3720 	1
3722 	1
3725 	1
3726 	1
3727 	1
3733 	1
3736 	1
3737 	1
3739 	1
3740 	1
3743 	1
3747 	1
3750 	1
3752 	1
3756 	1
3757 	1
3759 	1
3763 	1
3769 	1
3770 	1
3771 	1
3774 	1
3776 	1
3778 	1
3779 	1
3780 	1
3782 	1
3785 	1
3786 	1
3787 	1
3791 	1
3795 	1
3798 	1
3800 	1
3805 	1
3809 	1
3811 	1
3817 	1
3821 	1
3822 	1
3826 	1
3827 	1
3832 	1
3833 	1
3834 	1
3839 	1
3841 	1
3844 	1
3853 	1
3855 	1
3856 	1
3858 	1
3863 	1
3864 	1
3866 	1
3867 	1
3868 	1
3869 	1
3870 	1
3871 	1
3875 	1
3877 	1
3879 	1
3881 	1
3883 	1
3887 	1
3888 	1
3889 	1
3896 	1
3898 	1
3899 	1
3900 	1
3902 	1
3903 	1
3904 	1
3906 	1
3908 	1
3910 	1
3914 	1
3918 	1
3919 	1
3920 	1
3922 	1
3925 	1
3929 	1
3931 	1
3935 	1
3936 	1
3940 	1
3942 	1
3944 	1
3946 	1
3951 	1
3956 	1
3960 	1
3962 	1
3963 	1
3964 	1
3967 	1
3970 	1
3971 	1
3975 	1
3978 	1
3979 	1
3980 	1
3981 	1
3982 	1
3983 	1
3984 	1
3985 	1
3986 	1
3988 	1
3989 	1
3990 	1
3998 	1
4002 	1
4003 	1
4004 	1
4005 	1
4007 	1
4008 	1
4011 	1
4013 	1
4016 	1
4022 	1
4023 	1
4030 	1
4032 	1
4035 	1
4037 	1
4038 	1
4039 	1
4040 	1
4041 	1
4043 	1
4045 	1
4047 	1
4049 	1
4050 	1
4051 	1
4055 	1
4056 	1
4057 	1
4059 	1
4060 	1
4063 	1
4068 	1
4069 	1
4071 	1
4072 	1
4074 	1
4075 	1
4081 	1
4085 	1
4088 	1
4089 	1
4090 	1
4091 	1
4093 	1
4095 	1
4097 	1
4106 	1
4107 	1
4108 	1
4110 	1
4115 	1
4123 	1
4126 	1
4127 	1
4130 	1
4132 	1
4133 	1
4134 	1
4135 	1
4136 	1
4139 	1
4140 	1
4141 	1
4143 	1
4145 	1
4148 	1
4149 	1
4153 	1
4156 	1
4157 	1
4159 	1
4160 	1
4167 	1
4168 	1
4173 	1
4174 	1
4177 	1
4178 	1
4179 	1
4183 	1
4184 	1
4186 	1
4197 	1
4202 	1
4204 	1
4207 	1
4208 	1
4212 	1
4215 	1
4216 	1
4218 	1
4219 	1
4221 	1
4223 	1
4224 	1
4225 	1
4226 	1
4231 	1
4232 	1
4234 	1
4235 	1
4238 	1
4239 	1
4243 	1
4245 	1
4246 	1
4247 	1
4248 	1
4250 	1
4253 	1
4254 	1
4258 	1
4261 	1
4263 	1
4264 	1
4265 	1
4268 	1
4270 	1
4271 	1
4273 	1
4278 	1
4280 	1
4281 	1
4287 	1
4289 	1
4291 	1
4292 	1
4293 	1
4294 	1
4295 	1
4296 	1
4299 	1
4302 	1
4304 	1
4305 	1
4306 	1
4309 	1
4310 	1
4311 	1
4316 	1
4317 	1
4319 	1
4321 	1
4322 	1
4324 	1
4325 	1
4327 	1
4328 	1
4329 	1
4332 	1
4333 	1
4334 	1
4336 	1
4337 	1
4340 	1
4342 	1
4345 	1
4346 	1
4348 	1
4355 	1
4356 	1
4357 	1
4359 	1
4361 	1
4364 	1
4365 	1
4366 	1
4371 	1
4373 	1
4374 	1
4375 	1
4376 	1
4377 	1
4380 	1
4381 	1
4383 	1
4387 	1
4390 	1
4391 	1
4392 	1
4394 	1
4398 	1
4400 	1
4405 	1
4407 	1
4408 	1
4411 	1
4412 	1
4414 	1
4421 	1
4422 	1
4424 	1
4425 	1
4426 	1
4427 	1
4430 	1
4431 	1
4432 	1
4434 	1
4436 	1
4439 	1
4442 	1
4443 	1
4444 	1
4448 	1
4449 	1
4451 	1
4453 	1
4456 	1
4458 	1
4459 	1
4462 	1
4466 	1
4467 	1
4471 	1
4472 	1
4475 	1
4476 	1
4478 	1
4481 	1
4483 	1
4485 	1
4486 	1
4487 	1
4489 	1
4490 	1
4491 	1
4492 	1
4495 	1
4496 	1
4497 	1
4498 	1
4502 	1
4505 	1
4508 	1
4509 	1
4511 	1
4513 	1
4514 	1
4519 	1
4520 	1
4522 	1
4523 	1
4524 	1
4525 	1
4526 	1
4532 	1
4538 	1
4540 	1
4542 	1
4543 	1
4548 	1
4550 	1
4551 	1
4553 	1
4555 	1
4556 	1
4557 	1
4561 	1
4562 	1
4564 	1
4565 	1
4566 	1
4574 	1
4576 	1
4581 	1
4582 	1
4583 	1
4586 	1
4591 	1
4592 	1
4595 	1
4601 	1
4602 	1
4603 	1
4607 	1
4608 	1
4612 	1
4613 	1
4615 	1
4616 	1
4618 	1
4623 	1
4625 	1
4627 	1
4628 	1
4630 	1
4634 	1
4635 	1
4636 	1
4638 	1
4644 	1
4646 	1
4650 	1
4655 	1
4656 	1
4657 	1
4661 	1
4663 	1
4665 	1
4672 	1
4676 	1
4683 	1
4684 	1
4686 	1
4689 	1
4691 	1
4692 	1
4695 	1
4697 	1
4700 	1
4704 	1
4706 	1
4708 	1
4710 	1
4711 	1
4715 	1
4718 	1
4719 	1
4722 	1
4724 	1
4725 	1
4727 	1
4730 	1
4731 	1
4733 	1
4736 	1
4742 	1
4746 	1
4748 	1
4749 	1
4755 	1
4757 	1
4759 	1
4760 	1
4762 	1
4767 	1
4769 	1
4771 	1
4772 	1
4779 	1
4780 	1
4783 	1
4785 	1
4789 	1
4791 	1
4794 	1
4796 	1
4797 	1
4798 	1
4799 	1
4801 	1
4802 	1
4805 	1
4806 	1
4807 	1
4808 	1
4809 	1
4811 	1
4812 	1
4813 	1
4815 	1
4817 	1
4820 	1
4822 	1
4824 	1
4825 	1
4829 	1
4832 	1
4833 	1
4836 	1
4837 	1
4839 	1
4849 	1
4852 	1
4855 	1
4857 	1
4859 	1
4860 	1
4862 	1
4864 	1
4876 	1
4877 	1
4878 	1
4880 	1
4881 	1
4884 	1
4894 	1
4895 	1
4896 	1
4900 	1
4901 	1
4903 	1
4912 	1
4915 	1
4918 	1
4921 	1
4922 	1
4923 	1
4924 	1
4925 	1
4926 	1
4927 	1
4931 	1
4934 	1
4937 	1
4939 	1
4940 	1
4941 	1
4943 	1
4944 	1
4946 	1
4948 	1
4949 	1
4950 	1
4951 	1
4952 	1
4954 	1
4955 	1
4958 	1
4959 	1
4960 	1
4963 	1
4964 	1
4966 	1
4971 	1
4975 	1
4976 	1
4979 	1
4981 	1
4983 	1
4984 	1
4989 	1
4991 	1
4994 	1
4995 	1
4999 	1
5001 	1
5005 	1
5007 	1
5008 	1
5012 	1
5013 	1
5014 	1
5015 	1
5016 	1
5017 	1
5018 	1
5019 	1
5020 	1
5021 	1
5023 	1
5026 	1
5027 	1
5028 	1
5029 	1
5035 	1
5036 	1
5038 	1
5039 	1
5040 	1
5041 	1
5046 	1
5048 	1
5050 	1
5051 	1
5052 	1
5054 	1
5055 	1
5059 	1
5060 	1
5061 	1
5064 	1
5065 	1
5066 	1
5068 	1
5070 	1
5073 	1
5074 	1
5075 	1
5076 	1
5077 	1
5079 	1
5080 	1
5081 	1
5082 	1
5092 	1
5093 	1
5094 	1
5095 	1
5096 	1
5101 	1
5104 	1
5108 	1
5109 	1
5111 	1
5114 	1
5115 	1
5123 	1
5124 	1
5125 	1
5128 	1
5131 	1
5132 	1
5134 	1
5136 	1
5138 	1
5139 	1
5140 	1
5146 	1
5147 	1
5148 	1
5149 	1
5153 	1
5156 	1
5157 	1
5158 	1
5159 	1
5161 	1
5164 	1
5166 	1
5168 	1
5169 	1
5171 	1
5172 	1
5173 	1
5174 	1
5175 	1
5177 	1
5178 	1
5180 	1
5187 	1
5188 	1
5189 	1
5191 	1
5194 	1
5196 	1
5197 	1
5198 	1
5200 	1
5201 	1
5202 	1
5205 	1
5206 	1
5208 	1
5210 	1
5214 	1
5215 	1
5220 	1
5221 	1
5222 	1
5223 	1
5226 	1
5229 	1
5231 	1
5236 	1
5243 	1
5246 	1
5248 	1
5254 	1
5255 	1
5256 	1
5257 	1
5261 	1
5263 	1
5264 	1
5265 	1
5266 	1
5268 	1
5269 	1
5270 	1
5276 	1
5279 	1
5280 	1
5286 	1
5287 	1
5291 	1
5294 	1
5304 	1
5305 	1
5306 	1
5308 	1
5309 	1
5311 	1
5312 	1
5313 	1
5314 	1
5315 	1
5317 	1
5319 	1
5321 	1
5322 	1
5324 	1
5325 	1
5330 	1
5331 	1
5332 	1
5338 	1
5341 	1
5342 	1
5344 	1
5353 	1
5355 	1
5359 	1
5360 	1
5362 	1
5365 	1
5367 	1
5379 	1
5380 	1
5381 	1
5382 	1
5384 	1
5387 	1
5389 	1
5390 	1
5394 	1
5395 	1
5396 	1
5398 	1
5399 	1
5400 	1
5401 	1
5403 	1
5405 	1
5406 	1
5407 	1
5408 	1
5411 	1
5414 	1
5415 	1
5417 	1
5418 	1
5419 	1
5424 	1
5428 	1
5429 	1
5433 	1
5434 	1
5436 	1
5439 	1
5440 	1
5441 	1
5443 	1
5445 	1
5446 	1
5447 	1
5451 	1
5452 	1
5454 	1
5458 	1
5459 	1
5462 	1
5464 	1
5467 	1
5470 	1
5474 	1
5475 	1
5476 	1
5477 	1
5483 	1
5484 	1
5492 	1
5493 	1
5494 	1
5496 	1
5498 	1
5499 	1
5500 	1
5502 	1
5507 	1
5509 	1
5510 	1
5513 	1
5516 	1
5522 	1
5528 	1
5529 	1
5530 	1
5532 	1
5533 	1
5534 	1
5535 	1
5536 	1
5538 	1
5540 	1
5547 	1
5552 	1
5553 	1
5554 	1
5556 	1
5558 	1
5561 	1
5562 	1
5565 	1
5566 	1
5567 	1
5569 	1
5571 	1
5576 	1
5581 	1
5586 	1
5587 	1
5596 	1
5601 	1
5603 	1
5605 	1
5606 	1
5607 	1
5610 	1
5612 	1
5615 	1
5618 	1
5620 	1
5621 	1
5622 	1
5624 	1
5626 	1
5630 	1
5631 	1
5634 	1
5641 	1
5645 	1
5646 	1
5656 	1
5657 	1
5659 	1
5660 	1
5661 	1
5664 	1
5671 	1
5672 	1
5673 	1
5678 	1
5681 	1
5682 	1
5683 	1
5685 	1
5686 	1
5687 	1
5692 	1
5698 	1
5700 	1
5706 	1
5710 	1
5715 	1
5716 	1
5721 	1
5722 	1
5728 	1
5729 	1
5730 	1
5735 	1
5736 	1
5737 	1
5739 	1
5741 	1
5742 	1
5743 	1
5745 	1
5748 	1
5755 	1
5758 	1
5760 	1
5761 	1
5762 	1
5766 	1
5767 	1
5768 	1
5770 	1
5772 	1
5774 	1
5775 	1
5779 	1
5782 	1
5783 	1
5784 	1
5787 	1
5788 	1
5789 	1
5790 	1
5792 	1
5793 	1
5794 	1
5795 	1
5797 	1
5803 	1
5804 	1
5808 	1
5813 	1
5815 	1
5820 	1
5821 	1
5822 	1
5825 	1
5826 	1
5830 	1
5831 	1
5832 	1
5834 	1
5835 	1
5840 	1
5841 	1
5850 	1
5851 	1
5858 	1
5866 	1
5869 	1
5871 	1
5872 	1
5873 	1
5876 	1
5878 	1
5879 	1
5883 	1
5884 	1
5885 	1
5887 	1
5888 	1
5891 	1
5894 	1
5895 	1
5896 	1
5900 	1
5903 	1
5904 	1
5906 	1
5907 	1
5908 	1
5912 	1
5913 	1
5914 	1
5915 	1
5918 	1
5920 	1
5930 	1
5932 	1
5937 	1
5938 	1
5940 	1
5941 	1
5943 	1
5946 	1
5949 	1
5952 	1
5953 	1
5954 	1
5955 	1
5957 	1
5959 	1
5963 	1
5964 	1
5965 	1
5966 	1
5968 	1
5969 	1
5973 	1
5975 	1
5978 	1
5983 	1
5984 	1
5985 	1
5986 	1
5988 	1
5991 	1
5994 	1
5995 	1
5997 	1
6003 	1
6005 	1
6006 	1
6007 	1
6010 	1
6012 	1
6014 	1
6020 	1
6024 	1
6026 	1
6027 	1
6028 	1
6032 	1
6033 	1
6037 	1
6039 	1
6041 	1
6043 	1
6045 	1
6049 	1
6052 	1
6056 	1
6057 	1
6059 	1
6060 	1
6063 	1
6065 	1
6072 	1
6082 	1
6083 	1
6085 	1
6090 	1
6099 	1
6102 	1
6103 	1
6104 	1
6106 	1
6109 	1
6110 	1
6112 	1
6116 	1
6120 	1
6133 	1
6134 	1
6139 	1
6140 	1
6142 	1
6143 	1
6146 	1
6149 	1
6150 	1
6151 	1
6156 	1
6157 	1
6158 	1
6159 	1
6160 	1
6162 	1
6163 	1
6167 	1
6170 	1
6176 	1
6178 	1
6179 	1
6180 	1
6181 	1
6185 	1
6186 	1
6190 	1
6192 	1
6193 	1
6197 	1
6199 	1
6206 	1
6207 	1
6208 	1
6210 	1
6212 	1
6213 	1
6214 	1
6217 	1
6219 	1
6228 	1
6231 	1
6233 	1
6235 	1
6236 	1
6239 	1
6242 	1
6245 	1
6247 	1
6248 	1
6249 	1
6252 	1
6254 	1
6255 	1
6258 	1
6262 	1
6263 	1
6264 	1
6268 	1
6270 	1
6271 	1
6274 	1
6275 	1
6276 	1
6278 	1
6281 	1
6284 	1
6285 	1
6290 	1
6291 	1
6293 	1
6294 	1
6296 	1
6297 	1
6299 	1
6301 	1
6303 	1
6306 	1
6307 	1
6309 	1
6310 	1
6314 	1
6315 	1
6316 	1
6317 	1
6318 	1
6320 	1
6322 	1
6323 	1
6327 	1
6328 	1
6329 	1
6330 	1
6331 	1
6337 	1
6338 	1
6341 	1
6343 	1
6345 	1
6347 	1
6348 	1
6351 	1
6352 	1
6356 	1
6357 	1
6358 	1
6359 	1
6366 	1
6368 	1
6369 	1
6370 	1
6375 	1
6376 	1
6378 	1
6379 	1
6380 	1
6382 	1
6384 	1
6386 	1
6387 	1
6389 	1
6390 	1
6392 	1
6394 	1
6396 	1
6397 	1
6400 	1
6401 	1
6403 	1
6410 	1
6413 	1
6417 	1
6420 	1
6424 	1
6426 	1
6427 	1
6428 	1
6429 	1
6436 	1
6437 	1
6438 	1
6439 	1
6440 	1
6444 	1
6446 	1
6450 	1
6457 	1
6458 	1
6459 	1
6460 	1
6462 	1
6466 	1
6470 	1
6474 	1
6476 	1
6478 	1
6480 	1
6482 	1
6489 	1
6490 	1
6494 	1
6498 	1
6499 	1
6500 	1
6503 	1
6506 	1
6507 	1
6508 	1
6509 	1
6514 	1
6515 	1
6518 	1
6521 	1
6524 	1
6525 	1
6527 	1
6530 	1
6535 	1
6537 	1
6538 	1
6540 	1
6542 	1
6543 	1
6545 	1
6546 	1
6547 	1
6550 	1
6551 	1
6552 	1
6553 	1
6557 	1
6561 	1
6563 	1
6566 	1
6570 	1
6572 	1
6574 	1
6576 	1
6578 	1
6579 	1
6582 	1
6586 	1
6587 	1
6588 	1
6590 	1
6594 	1
6595 	1
6596 	1
6599 	1
6600 	1
6602 	1
6607 	1
6609 	1
6612 	1
6613 	1
6614 	1
6616 	1
6621 	1
6622 	1
6623 	1
6626 	1
6628 	1
6629 	1
6631 	1
6632 	1
6635 	1
6637 	1
6638 	1
6639 	1
6640 	1
6641 	1
6642 	1
6643 	1
6645 	1
6646 	1
6650 	1
6652 	1
6653 	1
6654 	1
6655 	1
6656 	1
6657 	1
6659 	1
6660 	1
6663 	1
6664 	1
6667 	1
6669 	1
6671 	1
6672 	1
6673 	1
6676 	1
6677 	1
6684 	1
6690 	1
6692 	1
6697 	1
6699 	1
6701 	1
6706 	1
6708 	1
6710 	1
6711 	1
6713 	1
6720 	1
6722 	1
6723 	1
6724 	1
6725 	1
6726 	1
6727 	1
6732 	1
6737 	1
6740 	1
6742 	1
6745 	1
6750 	1
6751 	1
6753 	1
6754 	1
6756 	1
6757 	1
6760 	1
6770 	1
6773 	1
6774 	1
6775 	1
6777 	1
6783 	1
6786 	1
6787 	1
6791 	1
6793 	1
6798 	1
6799 	1
6801 	1
6802 	1
6804 	1
6805 	1
6809 	1
6810 	1
6811 	1
6812 	1
6813 	1
6814 	1
6818 	1
6819 	1
6822 	1
6824 	1
6826 	1
6828 	1
6834 	1
6843 	1
6844 	1
6846 	1
6851 	1
6852 	1
6857 	1
6858 	1
6859 	1
6860 	1
6861 	1
6863 	1
6864 	1
6866 	1
6868 	1
6869 	1
6870 	1
6871 	1
6879 	1
6880 	1
6883 	1
6884 	1
6885 	1
6886 	1
6889 	1
6890 	1
6891 	1
6898 	1
6899 	1
6900 	1
6901 	1
6903 	1
6904 	1
6913 	1
6914 	1
6918 	1
6919 	1
6924 	1
6925 	1
6928 	1
6929 	1
6930 	1
6933 	1
6934 	1
6935 	1
6936 	1
6937 	1
6940 	1
6942 	1
6943 	1
6944 	1
6945 	1
6948 	1
6950 	1
6951 	1
6956 	1
6957 	1
6958 	1
6959 	1
6960 	1
6962 	1
6968 	1
6970 	1
6971 	1
6972 	1
6973 	1
6976 	1
6977 	1
6978 	1
6979 	1
6984 	1
6985 	1
6986 	1
6988 	1
6989 	1
6991 	1
6994 	1
6997 	1
6998 	1
7000 	1
7009 	1
7011 	1
7013 	1
7018 	1
7019 	1
7025 	1
7026 	1
7027 	1
7028 	1
7030 	1
7032 	1
7034 	1
7036 	1
7045 	1
7048 	1
7049 	1
7050 	1
7053 	1
7055 	1
7056 	1
7057 	1
7066 	1
7067 	1
7068 	1
7070 	1
7077 	1
7078 	1
7081 	1
7084 	1
7086 	1
7090 	1
7092 	1
7097 	1
7099 	1
7102 	1
7107 	1
7108 	1
7111 	1
7114 	1
7115 	1
7116 	1
7118 	1
7119 	1
7120 	1
7121 	1
7123 	1
7128 	1
7131 	1
7132 	1
7135 	1
7136 	1
7138 	1
7141 	1
7143 	1
7146 	1
7147 	1
7148 	1
7150 	1
7152 	1
7156 	1
7158 	1
7159 	1
7160 	1
7161 	1
7162 	1
7163 	1
7168 	1
7175 	1
7176 	1
7185 	1
7187 	1
7188 	1
7189 	1
7190 	1
7191 	1
7192 	1
7195 	1
7197 	1
7198 	1
7199 	1
7200 	1
7204 	1
7205 	1
7207 	1
7209 	1
7211 	1
7212 	1
7213 	1
7214 	1
7215 	1
7216 	1
7219 	1
7221 	1
7222 	1
7224 	1
7226 	1
7231 	1
7233 	1
7236 	1
7238 	1
7241 	1
7243 	1
7244 	1
7245 	1
7247 	1
7249 	1
7250 	1
7251 	1
7252 	1
7253 	1
7256 	1
7257 	1
7260 	1
7261 	1
7262 	1
7264 	1
7268 	1
7270 	1
7279 	1
7281 	1
7286 	1
7288 	1
7290 	1
7293 	1
7296 	1
7302 	1
7304 	1
7305 	1
7308 	1
7310 	1
7313 	1
7315 	1
7317 	1
7318 	1
7319 	1
7320 	1
7323 	1
7324 	1
7327 	1
7328 	1
7329 	1
7333 	1
7334 	1
7339 	1
7341 	1
7348 	1
7352 	1
7354 	1
7355 	1
7357 	1
7362 	1
7363 	1
7367 	1
7368 	1
7370 	1
7371 	1
7372 	1
7375 	1
7376 	1
7379 	1
7382 	1
7385 	1
7386 	1
7387 	1
7389 	1
7390 	1
7392 	1
7393 	1
7394 	1
7395 	1
7398 	1
7399 	1
7400 	1
7404 	1
7407 	1
7408 	1
7409 	1
7411 	1
7414 	1
7415 	1
7416 	1
7417 	1
7419 	1
7420 	1
7422 	1
7425 	1
7426 	1
7428 	1
7430 	1
7432 	1
7434 	1
7436 	1
7437 	1
7438 	1
7439 	1
7443 	1
7445 	1
7447 	1
7452 	1
7455 	1
7456 	1
7457 	1
7462 	1
7464 	1
7466 	1
7470 	1
7471 	1
7473 	1
7474 	1
7476 	1
7477 	1
7478 	1
7479 	1
7481 	1
7484 	1
7488 	1
7490 	1
7492 	1
7493 	1
7496 	1
7497 	1
7499 	1
7503 	1
7507 	1
7508 	1
7509 	1
7510 	1
7512 	1
7518 	1
7520 	1
7521 	1
7523 	1
7527 	1
7530 	1
7535 	1
7536 	1
7537 	1
7541 	1
7544 	1
7547 	1
7548 	1
7549 	1
7553 	1
7554 	1
7557 	1
7559 	1
7560 	1
7563 	1
7564 	1
7565 	1
7567 	1
7571 	1
7574 	1
7575 	1
7580 	1
7582 	1
7595 	1
7597 	1
7598 	1
7599 	1
7600 	1
7601 	1
7602 	1
7603 	1
7604 	1
7607 	1
7608 	1
7610 	1
7612 	1
7614 	1
7615 	1
7617 	1
7621 	1
7623 	1
7625 	1
7626 	1
7628 	1
7631 	1
7632 	1
7634 	1
7635 	1
7637 	1
7639 	1
7640 	1
7641 	1
7646 	1
7649 	1
7651 	1
7653 	1
7656 	1
7657 	1
7661 	1
7665 	1
7666 	1
7667 	1
7668 	1
7669 	1
7670 	1
7671 	1
7672 	1
7673 	1
7676 	1
7677 	1
7681 	1
7684 	1
7685 	1
7686 	1
7687 	1
7688 	1
7689 	1
7690 	1
7692 	1
7694 	1
7695 	1
7696 	1
7700 	1
7701 	1
7702 	1
7707 	1
7708 	1
7709 	1
7711 	1
7712 	1
7715 	1
7716 	1
7717 	1
7719 	1
7721 	1
7722 	1
7723 	1
7726 	1
7727 	1
7728 	1
7730 	1
7732 	1
7734 	1
7736 	1
7743 	1
7744 	1
7745 	1
7748 	1
7752 	1
7753 	1
7757 	1
7759 	1
7764 	1
7767 	1
7768 	1
7770 	1
7772 	1
7775 	1
7776 	1
7777 	1
7778 	1
7781 	1
7782 	1
7783 	1
7786 	1
7787 	1
7789 	1
7793 	1
7794 	1
7795 	1
7797 	1
7798 	1
7799 	1
7800 	1
7801 	1
7802 	1
7808 	1
7811 	1
7813 	1
7815 	1
7816 	1
7818 	1
7819 	1
7821 	1
7822 	1
7823 	1
7827 	1
7829 	1
7837 	1
7840 	1
7841 	1
7842 	1
7843 	1
7845 	1
7846 	1
7847 	1
7848 	1
7849 	1
7852 	1
7856 	1
7859 	1
7862 	1
7863 	1
7864 	1
7865 	1
7866 	1
7867 	1
7868 	1
7870 	1
7871 	1
7872 	1
7873 	1
7875 	1
7876 	1
7878 	1
7879 	1
7880 	1
7884 	1
7885 	1
7888 	1
7892 	1
7893 	1
7896 	1
7899 	1
7900 	1
7902 	1
7903 	1
7904 	1
7905 	1
7907 	1
7908 	1
7910 	1
7911 	1
7915 	1
7916 	1
7918 	1
7920 	1
7923 	1
7925 	1
7927 	1
7928 	1
7929 	1
7930 	1
7931 	1
7935 	1
7937 	1
7939 	1
7940 	1
7942 	1
7943 	1
7945 	1
7947 	1
7949 	1
7950 	1
7952 	1
7953 	1
7956 	1
7957 	1
7959 	1
7965 	1
7966 	1
7967 	1
7968 	1
7969 	1
7972 	1
7975 	1
7979 	1
7982 	1
7983 	1
7984 	1
7985 	1
7997 	1
7998 	1
8001 	1
8002 	1
8003 	1
8004 	1
8005 	1
8006 	1
8007 	1
8011 	1
8014 	1
8016 	1
8019 	1
8022 	1
8023 	1
8027 	1
8030 	1
8031 	1
8033 	1
8034 	1
8037 	1
8040 	1
8045 	1
8046 	1
8051 	1
8052 	1
8053 	1
8056 	1
8057 	1
8062 	1
8064 	1
8067 	1
8068 	1
8069 	1
8070 	1
8071 	1
8072 	1
8075 	1
8080 	1
8081 	1
8087 	1
8097 	1
8101 	1
8102 	1
8103 	1
8105 	1
8106 	1
8107 	1
8112 	1
8113 	1
8114 	1
8116 	1
8118 	1
8120 	1
8122 	1
8132 	1
8136 	1
8137 	1
8140 	1
8141 	1
8142 	1
8148 	1
8149 	1
8150 	1
8152 	1
8160 	1
8164 	1
8167 	1
8168 	1
8170 	1
8171 	1
8175 	1
8179 	1
8180 	1
8183 	1
8184 	1
8187 	1
8188 	1
8189 	1
8190 	1
8191 	1
8193 	1
8202 	1
8204 	1
8207 	1
8210 	1
8217 	1
8218 	1
8220 	1
8221 	1
8223 	1
8225 	1
8229 	1
8231 	1
8234 	1
8236 	1
8238 	1
8239 	1
8240 	1
8241 	1
8242 	1
8243 	1
8244 	1
8245 	1
8247 	1
8251 	1
8252 	1
8254 	1
8255 	1
8257 	1
8259 	1
8263 	1
8267 	1
8268 	1
8279 	1
8281 	1
8287 	1
8293 	1
8294 	1
8295 	1
8298 	1
8299 	1
8300 	1
8302 	1
8305 	1
8306 	1
8307 	1
8308 	1
8309 	1
8312 	1
8314 	1
8316 	1
8319 	1
8320 	1
8321 	1
8322 	1
8324 	1
8327 	1
8329 	1
8333 	1
8334 	1
8338 	1
8342 	1
8345 	1
8346 	1
8357 	1
8358 	1
8359 	1
8362 	1
8363 	1
8365 	1
8369 	1
8370 	1
8371 	1
8372 	1
8373 	1
8378 	1
8383 	1
8384 	1
8387 	1
8389 	1
8390 	1
8391 	1
8392 	1
8394 	1
8396 	1
8400 	1
8402 	1
8403 	1
8405 	1
8406 	1
8407 	1
8412 	1
8413 	1
8417 	1
8420 	1
8421 	1
8423 	1
8424 	1
8425 	1
8430 	1
8431 	1
8433 	1
8435 	1
8436 	1
8437 	1
8438 	1
8439 	1
8440 	1
8441 	1
8445 	1
8449 	1
8451 	1
8452 	1
8454 	1
8455 	1
8456 	1
8458 	1
8459 	1
8461 	1
8463 	1
8467 	1
8469 	1
8471 	1
8473 	1
8474 	1
8475 	1
8476 	1
8486 	1
8487 	1
8489 	1
8490 	1
8493 	1
8494 	1
8495 	1
8496 	1
8499 	1
8500 	1
8501 	1
8504 	1
8507 	1
8509 	1
8511 	1
8513 	1
8517 	1
8519 	1
8522 	1
8524 	1
8525 	1
8526 	1
8528 	1
8530 	1
8532 	1
8536 	1
8543 	1
8544 	1
8549 	1
8550 	1
8551 	1
8552 	1
8553 	1
8560 	1
8561 	1
8562 	1
8563 	1
8564 	1
8566 	1
8568 	1
8569 	1
8570 	1
8575 	1
8576 	1
8583 	1
8584 	1
8586 	1
8588 	1
8591 	1
8596 	1
8597 	1
8600 	1
8601 	1
8603 	1
8606 	1
8607 	1
8608 	1
8615 	1
8616 	1
8619 	1
8622 	1
8623 	1
8627 	1
8628 	1
8630 	1
8631 	1
8634 	1
8635 	1
8637 	1
8640 	1
8642 	1
8649 	1
8650 	1
8651 	1
8652 	1
8654 	1
8655 	1
8658 	1
8659 	1
8662 	1
8663 	1
8664 	1
8665 	1
8666 	1
8667 	1
8672 	1
8673 	1
8675 	1
8679 	1
8680 	1
8681 	1
8683 	1
8688 	1
8689 	1
8697 	1
8702 	1
8703 	1
8715 	1
8717 	1
8720 	1
8721 	1
8723 	1
8730 	1
8731 	1
8733 	1
8736 	1
8744 	1
8750 	1
8754 	1
8755 	1
8756 	1
8757 	1
8758 	1
8759 	1
8763 	1
8765 	1
8769 	1
8771 	1
8772 	1
8774 	1
8778 	1
8779 	1
8780 	1
8782 	1
8783 	1
8791 	1
8794 	1
8795 	1
8796 	1
8797 	1
8799 	1
8800 	1
8801 	1
8803 	1
8805 	1
8807 	1
8810 	1
8811 	1
8818 	1
8820 	1
8821 	1
8822 	1
8825 	1
8826 	1
8827 	1
8829 	1
8831 	1
8834 	1
8838 	1
8840 	1
8841 	1
8844 	1
8845 	1
8847 	1
8848 	1
8852 	1
8854 	1
8856 	1
8857 	1
8858 	1
8859 	1
8861 	1
8862 	1
8866 	1
8874 	1
8877 	1
8879 	1
8883 	1
8890 	1
8891 	1
8895 	1
8899 	1
8900 	1
8902 	1
8903 	1
8904 	1
8913 	1
8915 	1
8917 	1
8922 	1
8925 	1
8927 	1
8928 	1
8930 	1
8931 	1
8932 	1
8933 	1
8934 	1
8935 	1
8937 	1
8940 	1
8945 	1
8946 	1
8948 	1
8949 	1
8950 	1
8953 	1
8954 	1
8955 	1
8957 	1
8959 	1
8960 	1
8963 	1
8965 	1
8968 	1
8971 	1
8975 	1
8976 	1
8982 	1
8985 	1
8992 	1
8994 	1
8996 	1
8997 	1
8998 	1
8999 	1
9004 	1
9008 	1
9012 	1
9015 	1
9016 	1
9019 	1
9024 	1
9025 	1
9028 	1
9031 	1
9032 	1
9035 	1
9037 	1
9044 	1
9045 	1
9050 	1
9055 	1
9058 	1
9062 	1
9064 	1
9069 	1
9070 	1
9071 	1
9073 	1
9078 	1
9082 	1
9084 	1
9085 	1
9091 	1
9093 	1
9101 	1
9103 	1
9104 	1
9106 	1
9107 	1
9108 	1
9109 	1
9115 	1
9116 	1
9120 	1
9121 	1
9122 	1
9132 	1
9136 	1
9137 	1
9139 	1
9149 	1
9150 	1
9151 	1
9154 	1
9158 	1
9159 	1
9160 	1
9163 	1
9164 	1
9169 	1
9174 	1
9175 	1
9177 	1
9178 	1
9180 	1
9181 	1
9182 	1
9183 	1
9184 	1
9186 	1
9188 	1
9191 	1
9193 	1
9194 	1
9195 	1
9196 	1
9201 	1
9203 	1
9204 	1
9205 	1
9209 	1
9210 	1
9212 	1
9215 	1
9216 	1
9221 	1
9223 	1
9225 	1
9227 	1
9229 	1
9231 	1
9237 	1
9240 	1
9241 	1
9245 	1
9247 	1
9248 	1
9251 	1
9252 	1
9255 	1
9257 	1
9258 	1
9263 	1
9269 	1
9275 	1
9279 	1
9280 	1
9281 	1
9282 	1
9285 	1
9288 	1
9290 	1
9291 	1
9294 	1
9296 	1
9298 	1
9302 	1
9303 	1
9314 	1
9318 	1
9319 	1
9321 	1
9323 	1
9327 	1
9329 	1
9331 	1
9334 	1
9338 	1
9340 	1
9341 	1
9346 	1
9347 	1
9350 	1
9357 	1
9360 	1
9367 	1
9370 	1
9372 	1
9378 	1
9380 	1
9381 	1
9382 	1
9383 	1
9385 	1
9386 	1
9389 	1
9390 	1
9395 	1
9396 	1
9397 	1
9398 	1
9401 	1
9402 	1
9405 	1
9411 	1
9413 	1
9415 	1
9416 	1
9419 	1
9421 	1
9425 	1
9427 	1
9428 	1
9430 	1
9435 	1
9437 	1
9438 	1
9439 	1
9441 	1
9443 	1
9445 	1
9448 	1
9451 	1
9455 	1
9456 	1
9458 	1
9459 	1
9461 	1
9463 	1
9467 	1
9468 	1
9478 	1
9479 	1
9480 	1
9482 	1
9483 	1
9486 	1
9489 	1
9498 	1
9499 	1
9502 	1
9508 	1
9509 	1
9510 	1
9513 	1
9514 	1
9516 	1
9519 	1
9523 	1
9525 	1
9528 	1
9531 	1
9532 	1
9535 	1
9538 	1
9540 	1
9541 	1
9543 	1
9546 	1
9547 	1
9548 	1
9551 	1
9552 	1
9553 	1
9554 	1
9555 	1
9557 	1
9558 	1
9562 	1
9564 	1
9565 	1
9567 	1
9568 	1
9572 	1
9575 	1
9577 	1
9580 	1
9581 	1
9584 	1
9588 	1
9589 	1
9593 	1
9594 	1
9596 	1
9598 	1
9601 	1
9606 	1
9611 	1
9615 	1
9616 	1
9617 	1
9618 	1
9621 	1
9624 	1
9625 	1
9627 	1
9628 	1
9632 	1
9634 	1
9635 	1
9637 	1
9638 	1
9646 	1
9649 	1
9650 	1
9652 	1
9657 	1
9661 	1
9664 	1
9666 	1
9667 	1
9671 	1
9676 	1
9679 	1
9681 	1
9682 	1
9685 	1
9688 	1
9696 	1
9697 	1
9700 	1
9701 	1
9702 	1
9703 	1
9704 	1
9716 	1
9719 	1
9722 	1
9725 	1
9727 	1
9730 	1
9733 	1
9738 	1
9743 	1
9744 	1
9745 	1
9746 	1
9749 	1
9750 	1
9751 	1
9757 	1
9761 	1
9762 	1
9763 	1
9769 	1
9770 	1
9773 	1
9774 	1
9779 	1
9780 	1
9781 	1
9785 	1
9786 	1
9788 	1
9789 	1
9790 	1
9791 	1
9795 	1
9796 	1
9800 	1
9803 	1
9804 	1
9808 	1
9809 	1
9810 	1
9811 	1
9813 	1
9815 	1
9816 	1
9817 	1
9820 	1
9823 	1
9825 	1
9828 	1
9836 	1
9838 	1
9839 	1
9840 	1
9841 	1
9843 	1
9844 	1
9846 	1
9848 	1
9850 	1
9851 	1
9852 	1
9854 	1
9855 	1
9857 	1
9863 	1
9865 	1
9866 	1
9867 	1
9875 	1
9877 	1
9878 	1
9881 	1
9884 	1
9887 	1
9888 	1
9889 	1
9890 	1
9892 	1
9893 	1
9896 	1
9898 	1
9899 	1
9902 	1
9905 	1
9908 	1
9910 	1
9913 	1
9915 	1
9917 	1
9919 	1
9923 	1
9927 	1
9929 	1
9930 	1
9934 	1
9935 	1
9937 	1
9940 	1
9949 	1
9954 	1
9955 	1
9958 	1
9959 	1
9961 	1
9962 	1
9963 	1
9964 	1
9965 	1
9967 	1
9968 	1
9972 	1
9975 	1
9978 	1
9979 	1
9980 	1
9981 	1
9986 	1
9987 	1
9988 	1
9989 	1
9990 	1
9992 	1
9997 	1
9998 	1
9999 	1
10011 	1
10013 	1
10015 	1
10018 	1
10026 	1
10029 	1
10030 	1
10031 	1
10032 	1
10034 	1
10037 	1
10038 	1
10040 	1
10044 	1
10046 	1
10048 	1
10050 	1
10052 	1
10053 	1
10054 	1
10055 	1
10056 	1
10061 	1
10064 	1
10067 	1
10068 	1
10069 	1
10070 	1
10074 	1
10076 	1
10079 	1
10086 	1
10092 	1
10096 	1
10097 	1
10099 	1
10101 	1
10102 	1
10104 	1
10105 	1
10107 	1
10112 	1
10113 	1
10116 	1
10117 	1
10120 	1
10121 	1
10122 	1
10124 	1
10128 	1
10129 	1
10130 	1
10131 	1
10132 	1
10133 	1
10136 	1
10137 	1
10139 	1
10141 	1
10142 	1
10144 	1
10146 	1
10147 	1
10151 	1
10153 	1
10154 	1
10164 	1
10165 	1
10166 	1
10167 	1
10169 	1
10172 	1
10174 	1
10176 	1
10178 	1
10183 	1
10185 	1
10186 	1
10190 	1
10194 	1
10196 	1
10198 	1
10203 	1
10204 	1
10205 	1
10217 	1
10218 	1
10219 	1
10221 	1
10222 	1
10223 	1
10224 	1
10225 	1
10226 	1
10229 	1
10230 	1
10232 	1
10233 	1
10234 	1
10235 	1
10236 	1
10237 	1
10240 	1
10243 	1
10246 	1
10251 	1
10252 	1
10256 	1
10257 	1
10261 	1
10264 	1
10265 	1
10268 	1
10273 	1
10274 	1
10275 	1
10277 	1
10279 	1
10280 	1
10283 	1
10284 	1
10288 	1
10289 	1
10291 	1
10293 	1
10294 	1
10296 	1
10298 	1
10299 	1
10301 	1
10302 	1
10303 	1
10304 	1
10305 	1
10308 	1
10310 	1
10311 	1
10314 	1
10316 	1
10317 	1
10318 	1
10319 	1
10323 	1
10325 	1
10328 	1
10329 	1
10331 	1
10332 	1
10333 	1
10338 	1
10339 	1
10346 	1
10347 	1
10348 	1
10349 	1
10352 	1
10354 	1
10358 	1
10359 	1
10366 	1
10367 	1
10369 	1
10372 	1
10373 	1
10374 	1
10376 	1
10379 	1
10381 	1
10382 	1
10384 	1
10385 	1
10387 	1
10388 	1
10389 	1
10390 	1
10391 	1
10393 	1
10394 	1
10396 	1
10399 	1
10412 	1
10415 	1
10416 	1
10419 	1
10420 	1
10421 	1
10423 	1
10424 	1
10426 	1
10428 	1
10429 	1
10430 	1
10432 	1
10433 	1
10434 	1
10435 	1
10439 	1
10443 	1
10448 	1
10451 	1
10455 	1
10456 	1
10458 	1
10459 	1
10460 	1
10463 	1
10464 	1
10465 	1
10467 	1
10469 	1
10470 	1
10471 	1
10472 	1
10474 	1
10475 	1
10478 	1
10482 	1
10486 	1
10487 	1
10488 	1
10489 	1
10490 	1
10494 	1
10495 	1
10498 	1
10500 	1
10501 	1
10506 	1
10507 	1
10508 	1
10510 	1
10511 	1
10512 	1
10516 	1
10517 	1
10519 	1
10521 	1
10522 	1
10523 	1
10525 	1
10526 	1
10528 	1
10533 	1
10541 	1
10543 	1
10545 	1
10546 	1
10550 	1
10557 	1
10559 	1
10564 	1
10568 	1
10569 	1
10570 	1
10571 	1
10572 	1
10574 	1
10578 	1
10580 	1
10581 	1
10583 	1
10585 	1
10586 	1
10589 	1
10590 	1
10592 	1
10593 	1
10596 	1
10597 	1
10598 	1
10599 	1
10602 	1
10603 	1
10605 	1
10607 	1
10608 	1
10609 	1
10610 	1
10611 	1
10617 	1
10623 	1
10624 	1
10627 	1
10629 	1
10633 	1
10641 	1
10643 	1
10648 	1
10649 	1
10650 	1
10657 	1
10659 	1
10663 	1
10664 	1
10669 	1
10670 	1
10679 	1
10681 	1
10682 	1
10683 	1
10687 	1
10700 	1
10705 	1
10706 	1
10707 	1
10709 	1
10710 	1
10714 	1
10715 	1
10716 	1
10717 	1
10718 	1
10720 	1
10721 	1
10724 	1
10725 	1
10728 	1
10729 	1
10731 	1
10732 	1
10733 	1
10735 	1
10738 	1
10743 	1
10744 	1
10748 	1
10751 	1
10754 	1
10759 	1
10761 	1
10762 	1
10765 	1
10769 	1
10773 	1
10777 	1
10780 	1
10781 	1
10782 	1
10784 	1
10786 	1
10787 	1
10797 	1
10802 	1
10804 	1
10805 	1
10807 	1
10815 	1
10818 	1
10822 	1
10825 	1
10826 	1
10827 	1
10829 	1
10832 	1
10834 	1
10838 	1
10839 	1
10846 	1
10849 	1
10857 	1
10858 	1
10861 	1
10864 	1
10865 	1
10869 	1
10870 	1
10871 	1
10884 	1
10886 	1
10888 	1
10889 	1
10890 	1
10895 	1
10897 	1
10901 	1
10903 	1
10905 	1
10906 	1
10907 	1
10908 	1
10912 	1
10914 	1
10916 	1
10918 	1
10919 	1
10920 	1
10921 	1
10922 	1
10924 	1
10926 	1
10927 	1
10928 	1
10929 	1
10935 	1
10937 	1
10938 	1
10939 	1
10942 	1
10946 	1
10947 	1
10948 	1
10949 	1
10955 	1
10958 	1
10959 	1
10960 	1
10962 	1
10963 	1
10965 	1
10966 	1
10967 	1
10969 	1
10972 	1
10983 	1
10984 	1
10988 	1
10989 	1
10994 	1
10996 	1
10997 	1
10998 	1
10999 	1
11001 	1
11003 	1
11006 	1
11009 	1
11012 	1
11014 	1
11017 	1
11018 	1
11019 	1
11022 	1
11023 	1
11025 	1
11028 	1
11030 	1
11031 	1
11034 	1
11035 	1
11037 	1
11039 	1
11040 	1
11042 	1
11043 	1
11044 	1
11045 	1
11047 	1
11048 	1
11050 	1
11051 	1
11055 	1
11062 	1
11064 	1
11066 	1
11071 	1
11073 	1
11074 	1
11075 	1
11076 	1
11077 	1
11080 	1
11081 	1
11082 	1
11083 	1
11084 	1
11086 	1
11088 	1
11089 	1
11090 	1
11091 	1
11092 	1
11093 	1
11094 	1
11096 	1
11097 	1
11098 	1
11099 	1
11100 	1
11102 	1
11105 	1
11112 	1
11116 	1
11118 	1
11119 	1
11123 	1
11126 	1
11127 	1
11129 	1
11131 	1
11134 	1
11136 	1
11137 	1
11143 	1
11144 	1
11147 	1
11149 	1
11150 	1
11151 	1
11152 	1
11154 	1
11156 	1
11158 	1
11160 	1
11167 	1
11168 	1
11171 	1
11174 	1
11175 	1
11178 	1
11179 	1
11180 	1
11181 	1
11186 	1
11188 	1
11191 	1
11196 	1
11200 	1
11202 	1
11203 	1
11204 	1
11208 	1
11212 	1
11213 	1
11214 	1
11216 	1
11218 	1
11219 	1
11221 	1
11223 	1
11226 	1
11228 	1
11238 	1
11239 	1
11240 	1
11241 	1
11246 	1
11248 	1
11250 	1
11251 	1
11252 	1
11256 	1
11259 	1
11261 	1
11263 	1
11264 	1
11266 	1
11269 	1
11272 	1
11274 	1
11276 	1
11277 	1
11278 	1
11280 	1
11281 	1
11282 	1
11283 	1
11284 	1
11285 	1
11286 	1
11290 	1
11292 	1
11297 	1
11301 	1
11302 	1
11303 	1
11305 	1
11306 	1
11307 	1
11309 	1
11310 	1
11314 	1
11321 	1
11325 	1
11328 	1
11329 	1
11330 	1
11332 	1
11333 	1
11334 	1
11337 	1
11339 	1
11341 	1
11342 	1
11343 	1
11344 	1
11345 	1
11350 	1
11352 	1
11355 	1
11358 	1
11359 	1
11364 	1
11365 	1
11368 	1
11377 	1
11379 	1
11380 	1
11381 	1
11383 	1
11384 	1
11385 	1
11386 	1
11389 	1
11392 	1
11394 	1
11395 	1
11397 	1
11398 	1
11400 	1
11401 	1
11402 	1
11404 	1
11406 	1
11410 	1
11416 	1
11418 	1
11420 	1
11425 	1
11434 	1
11439 	1
11440 	1
11443 	1
11444 	1
11447 	1
11448 	1
11449 	1
11451 	1
11456 	1
11463 	1
11467 	1
11468 	1
11470 	1
11471 	1
11472 	1
11473 	1
11479 	1
11481 	1
11484 	1
11485 	1
11486 	1
11488 	1
11494 	1
11495 	1
11496 	1
11499 	1
11501 	1
11502 	1
11504 	1
11505 	1
11507 	1
11509 	1
11510 	1
11514 	1
11516 	1
11519 	1
11525 	1
11526 	1
11531 	1
11532 	1
11536 	1
11538 	1
11540 	1
11542 	1
11545 	1
11547 	1
11548 	1
11551 	1
11555 	1
11558 	1
11559 	1
11561 	1
11563 	1
11567 	1
11568 	1
11570 	1
11571 	1
11575 	1
11576 	1
11579 	1
11580 	1
11583 	1
11587 	1
11588 	1
11589 	1
11592 	1
11593 	1
11595 	1
11598 	1
11599 	1
11600 	1
11602 	1
11604 	1
11607 	1
11609 	1
11612 	1
11615 	1
11622 	1
11624 	1
11627 	1
11629 	1
11630 	1
11631 	1
11633 	1
11634 	1
11635 	1
11638 	1
11640 	1
11644 	1
11645 	1
11648 	1
11649 	1
11650 	1
11660 	1
11662 	1
11663 	1
11664 	1
11665 	1
11669 	1
11672 	1
11677 	1
11681 	1
11689 	1
11690 	1
11691 	1
11694 	1
11695 	1
11696 	1
11697 	1
11701 	1
11702 	1
11703 	1
11708 	1
11711 	1
11712 	1
11714 	1
11715 	1
11716 	1
11717 	1
11719 	1
11720 	1
11722 	1
11726 	1
11728 	1
11732 	1
11735 	1
11738 	1
11739 	1
11742 	1
11754 	1
11757 	1
11758 	1
11761 	1
11762 	1
11763 	1
11768 	1
11774 	1
11777 	1
11780 	1
11784 	1
11790 	1
11791 	1
11794 	1
11797 	1
11798 	1
11799 	1
11801 	1
11805 	1
11806 	1
11807 	1
11809 	1
11812 	1
11813 	1
11814 	1
11816 	1
11817 	1
11818 	1
11819 	1
11826 	1
11831 	1
11836 	1
11838 	1
11844 	1
11848 	1
11849 	1
11851 	1
11854 	1
11859 	1
11860 	1
11862 	1
11863 	1
11864 	1
11866 	1
11868 	1
11870 	1
11871 	1
11872 	1
11874 	1
11876 	1
11880 	1
11882 	1
11885 	1
11889 	1
11897 	1
11900 	1
11901 	1
11903 	1
11904 	1
11905 	1
11907 	1
11908 	1
11909 	1
11914 	1
11917 	1
11919 	1
11924 	1
11925 	1
11927 	1
11928 	1
11929 	1
11930 	1
11932 	1
11934 	1
11936 	1
11938 	1
11941 	1
11942 	1
11943 	1
11944 	1
11945 	1
11946 	1
11947 	1
11948 	1
11949 	1
11950 	1
11952 	1
11953 	1
11955 	1
11956 	1
11959 	1
11960 	1
11964 	1
11968 	1
11969 	1
11970 	1
11973 	1
11974 	1
11975 	1
11977 	1
11980 	1
11981 	1
11982 	1
11988 	1
11992 	1
11994 	1
11998 	1
11999 	1
