Number of items 	Total Weight 	Total Profit 
3033 	874454.75 	202962.018038 


Total time: 0.0242869853973 s
Average time: 0.00607246160507 s
Last call: 2.86102294922e-06 s
Stamp 1 of the total: 0h 0m 0s 24ms 24286\u00B5s
Stamp 2 of the total: 00:00:00.0024
Pattern that ignores zeros:
24ms 24286\u00B5s
0024

Item    Fraction

5 	1
6 	1
7 	1
8 	1
10 	1
11 	1
16 	1
23 	1
25 	1
26 	1
32 	1
33 	1
35 	1
36 	1
37 	1
38 	1
39 	1
43 	1
44 	1
47 	1
48 	1
50 	1
52 	1
53 	1
54 	1
57 	1
63 	1
64 	1
65 	1
68 	1
69 	1
72 	1
75 	1
77 	1
78 	1
79 	1
82 	1
84 	1
87 	1
92 	1
93 	1
95 	1
98 	1
100 	1
103 	1
104 	1
109 	1
111 	1
113 	1
114 	1
117 	1
118 	1
125 	1
127 	1
128 	1
131 	1
133 	1
135 	1
142 	1
144 	1
145 	1
147 	1
148 	1
149 	1
153 	1
154 	1
156 	1
158 	1
164 	1
167 	1
168 	1
171 	1
172 	1
173 	1
176 	1
179 	1
181 	1
190 	1
191 	1
193 	1
194 	1
197 	1
199 	1
201 	1
203 	1
209 	1
210 	1
212 	1
216 	1
218 	1
222 	1
225 	1
231 	1
232 	1
234 	1
237 	1
238 	1
241 	1
243 	1
251 	1
252 	1
258 	1
262 	1
263 	1
266 	1
267 	1
268 	1
270 	1
271 	1
273 	1
274 	1
276 	1
277 	1
278 	1
279 	1
282 	1
285 	1
288 	1
289 	1
291 	1
297 	1
298 	1
299 	1
302 	1
306 	1
308 	1
310 	1
314 	1
315 	1
316 	1
318 	1
320 	1
324 	1
329 	1
330 	1
331 	1
332 	1
334 	1
335 	1
336 	1
337 	1
341 	1
342 	1
344 	1
346 	1
356 	1
357 	1
358 	1
360 	1
363 	1
366 	1
367 	1
369 	1
370 	1
374 	1
377 	1
378 	1
381 	1
382 	1
383 	1
384 	1
389 	1
390 	1
393 	1
394 	1
397 	1
400 	1
401 	1
403 	1
407 	1
410 	1
413 	1
414 	1
416 	1
417 	1
419 	1
421 	1
422 	1
423 	1
424 	1
431 	1
432 	1
435 	1
436 	1
438 	1
440 	1
446 	1
447 	1
449 	1
450 	1
451 	1
455 	1
456 	1
457 	1
459 	1
461 	1
463 	1
464 	1
467 	1
470 	1
471 	1
472 	1
473 	1
474 	1
479 	1
481 	1
482 	1
483 	1
484 	1
485 	1
488 	1
490 	1
491 	1
492 	1
493 	1
499 	1
501 	1
504 	1
508 	1
509 	1
514 	1
517 	1
518 	1
519 	1
523 	1
527 	1
528 	1
530 	1
533 	1
539 	1
540 	1
541 	1
545 	1
551 	1
552 	1
553 	1
556 	1
557 	1
559 	1
561 	1
563 	1
567 	1
570 	1
574 	1
578 	1
579 	1
580 	1
584 	1
585 	1
586 	1
589 	1
590 	1
591 	1
593 	1
594 	1
596 	1
597 	1
598 	1
599 	1
601 	1
607 	1
612 	1
621 	1
622 	1
625 	1
627 	1
628 	1
633 	1
639 	1
640 	1
644 	1
645 	1
648 	1
656 	1
657 	1
658 	1
663 	1
665 	1
666 	1
667 	1
669 	1
673 	1
676 	1
678 	1
682 	1
684 	1
685 	1
686 	1
687 	1
691 	1
692 	1
694 	1
699 	1
705 	1
709 	1
710 	1
711 	1
712 	1
713 	1
715 	1
718 	1
719 	1
720 	1
724 	1
727 	1
729 	1
730 	1
732 	1
735 	1
737 	1
739 	1
742 	1
746 	1
747 	1
750 	1
751 	1
754 	1
757 	1
760 	1
761 	1
768 	1
771 	1
775 	1
781 	1
785 	1
789 	1
790 	1
791 	1
793 	1
796 	1
798 	1
800 	1
801 	1
802 	1
803 	1
808 	1
809 	1
810 	1
811 	1
813 	1
826 	1
828 	1
835 	1
836 	1
837 	1
842 	1
844 	1
845 	1
847 	1
850 	1
856 	1
862 	1
865 	1
870 	1
873 	1
874 	1
875 	1
882 	1
883 	1
886 	1
887 	1
888 	1
889 	1
891 	1
893 	1
894 	1
897 	1
898 	1
899 	1
901 	1
903 	1
905 	1
911 	1
912 	1
914 	1
916 	1
917 	1
920 	1
921 	1
923 	1
924 	1
925 	1
928 	1
929 	1
930 	1
934 	1
937 	1
942 	1
943 	1
950 	1
952 	1
955 	1
956 	1
958 	1
960 	1
961 	1
964 	1
969 	1
978 	1
980 	1
982 	1
985 	1
989 	1
991 	1
993 	1
996 	1
997 	1
999 	1
1000 	1
1001 	1
1002 	1
1004 	1
1005 	1
1007 	1
1013 	1
1015 	1
1018 	1
1020 	1
1021 	1
1022 	1
1023 	1
1026 	1
1027 	1
1028 	1
1029 	1
1030 	1
1031 	1
1033 	1
1036 	1
1041 	1
1043 	1
1044 	1
1046 	1
1048 	1
1053 	1
1054 	1
1055 	1
1056 	1
1057 	1
1060 	1
1062 	1
1065 	1
1067 	1
1069 	1
1072 	1
1074 	1
1075 	1
1078 	1
1079 	1
1080 	1
1081 	1
1082 	1
1086 	1
1092 	1
1094 	1
1095 	1
1103 	1
1104 	1
1106 	1
1107 	1
1111 	1
1112 	1
1116 	1
1117 	1
1118 	1
1119 	1
1120 	1
1121 	1
1122 	1
1124 	1
1125 	1
1126 	1
1129 	1
1130 	1
1131 	1
1132 	1
1133 	1
1135 	1
1137 	1
1138 	1
1139 	1
1140 	1
1143 	1
1145 	1
1148 	1
1150 	1
1152 	1
1153 	1
1154 	1
1155 	1
1156 	1
1157 	1
1159 	1
1160 	1
1161 	1
1162 	1
1165 	1
1166 	1
1168 	1
1170 	1
1171 	1
1176 	1
1178 	1
1181 	1
1182 	1
1183 	1
1184 	1
1187 	1
1188 	1
1193 	1
1194 	1
1195 	1
1197 	1
1198 	1
1200 	1
1202 	1
1203 	1
1204 	1
1205 	1
1207 	1
1208 	1
1213 	1
1217 	1
1221 	1
1226 	1
1227 	1
1234 	1
1239 	1
1240 	1
1241 	1
1242 	1
1244 	1
1245 	1
1246 	1
1250 	1
1252 	1
1256 	1
1258 	1
1259 	1
1264 	1
1268 	1
1272 	1
1273 	1
1275 	1
1277 	1
1279 	1
1284 	1
1290 	1
1292 	1
1293 	1
1295 	1
1297 	1
1298 	1
1299 	1
1300 	1
1304 	1
1305 	1
1306 	1
1309 	1
1312 	1
1315 	1
1316 	1
1317 	1
1319 	1
1320 	1
1321 	1
1323 	1
1326 	1
1331 	1
1332 	1
1333 	1
1336 	1
1339 	1
1340 	1
1342 	1
1343 	1
1345 	1
1349 	1
1350 	1
1351 	1
1353 	1
1356 	1
1357 	1
1360 	1
1363 	1
1366 	1
1370 	1
1372 	1
1376 	1
1377 	1
1379 	1
1380 	1
1381 	1
1383 	1
1384 	1
1385 	1
1386 	1
1387 	1
1389 	1
1396 	1
1398 	1
1399 	1
1400 	1
1407 	1
1413 	1
1415 	1
1420 	1
1424 	1
1426 	1
1428 	1
1431 	1
1432 	1
1433 	1
1435 	1
1436 	1
1441 	1
1444 	1
1446 	1
1449 	1
1450 	1
1453 	1
1456 	1
1457 	1
1459 	1
1460 	1
1462 	1
1468 	1
1475 	1
1478 	1
1479 	1
1480 	1
1481 	1
1484 	1
1486 	1
1487 	1
1489 	1
1490 	1
1492 	1
1494 	1
1495 	1
1497 	1
1504 	1
1506 	1
1508 	1
1509 	1
1512 	1
1513 	1
1518 	1
1522 	1
1523 	1
1524 	1
1525 	1
1526 	1
1528 	1
1529 	1
1530 	1
1532 	1
1533 	1
1534 	1
1536 	1
1537 	1
1541 	1
1542 	1
1544 	1
1545 	1
1549 	1
1552 	1
1553 	1
1556 	1
1557 	1
1560 	1
1561 	1
1562 	1
1568 	1
1569 	1
1570 	1
1572 	1
1573 	1
1575 	1
1579 	1
1581 	1
1583 	1
1587 	1
1589 	1
1591 	1
1594 	1
1599 	1
1600 	1
1603 	1
1604 	1
1608 	1
1609 	1
1610 	1
1611 	1
1614 	1
1616 	1
1617 	1
1619 	1
1622 	1
1623 	1
1625 	1
1628 	1
1630 	1
1631 	1
1632 	1
1633 	1
1634 	1
1638 	1
1639 	1
1640 	1
1642 	1
1645 	1
1647 	1
1653 	1
1656 	1
1657 	1
1660 	1
1663 	1
1668 	1
1669 	1
1670 	1
1672 	1
1675 	1
1676 	1
1680 	1
1681 	1
1682 	1
1684 	1
1685 	1
1687 	1
1688 	1
1690 	1
1692 	1
1693 	1
1694 	1
1695 	1
1696 	1
1699 	1
1700 	1
1701 	1
1707 	1
1708 	1
1709 	1
1712 	1
1713 	1
1715 	1
1716 	1
1722 	1
1725 	1
1726 	1
1727 	1
1734 	1
1735 	1
1736 	1
1737 	1
1739 	1
1741 	1
1743 	1
1747 	1
1748 	1
1749 	1
1754 	1
1755 	1
1757 	1
1759 	1
1763 	1
1765 	1
1766 	1
1768 	1
1769 	1
1774 	1
1775 	1
1777 	1
1779 	1
1781 	1
1782 	1
1788 	1
1790 	1
1791 	1
1792 	1
1803 	1
1808 	1
1810 	1
1812 	1
1813 	1
1818 	1
1821 	1
1823 	1
1824 	1
1825 	1
1826 	1
1829 	1
1832 	1
1833 	1
1834 	1
1835 	1
1838 	1
1847 	1
1849 	1
1850 	1
1851 	1
1852 	1
1853 	1
1855 	1
1857 	1
1864 	1
1865 	1
1867 	1
1876 	1
1878 	1
1879 	1
1880 	1
1889 	1
1890 	1
1891 	1
1893 	1
1894 	1
1896 	1
1900 	1
1902 	1
1903 	1
1907 	1
1908 	1
1910 	1
1911 	1
1913 	1
1914 	1
1915 	1
1920 	1
1923 	1
1924 	1
1925 	1
1928 	1
1930 	1
1936 	1
1937 	1
1938 	1
1942 	1
1943 	1
1946 	1
1947 	1
1948 	1
1949 	1
1952 	1
1953 	1
1954 	1
1956 	1
1962 	1
1964 	1
1967 	1
1973 	1
1974 	1
1977 	1
1978 	1
1981 	1
1982 	1
1983 	1
1984 	1
1987 	1
1988 	1
1989 	1
1991 	1
1994 	1
1999 	1
2001 	1
2003 	1
2004 	1
2005 	1
2009 	1
2010 	1
2011 	1
2012 	1
2015 	1
2018 	1
2019 	1
2022 	1
2023 	1
2024 	1
2025 	1
2026 	1
2027 	1
2028 	1
2029 	1
2033 	1
2034 	1
2035 	1
2036 	1
2040 	1
2043 	1
2045 	1
2046 	1
2047 	1
2050 	1
2051 	1
2052 	1
2053 	1
2059 	1
2060 	1
2061 	1
2062 	1
2064 	1
2068 	1
2069 	1
2073 	1
2079 	1
2083 	1
2084 	1
2085 	1
2086 	1
2090 	1
2092 	1
2094 	1
2095 	1
2099 	1
2102 	1
2103 	1
2104 	1
2106 	1
2108 	1
2111 	1
2115 	1
2119 	1
2121 	1
2125 	1
2126 	1
2130 	1
2134 	1
2136 	1
2137 	1
2139 	1
2140 	1
2141 	1
2143 	1
2146 	1
2149 	1
2150 	1
2151 	1
2152 	1
2153 	1
2159 	1
2161 	1
2163 	1
2166 	1
2168 	1
2170 	1
2175 	1
2176 	1
2177 	1
2180 	1
2182 	1
2184 	1
2186 	1
2187 	1
2190 	1
2195 	1
2196 	1
2199 	1
2202 	1
2203 	1
2206 	1
2207 	1
2211 	1
2212 	1
2213 	1
2215 	1
2218 	1
2219 	1
2220 	1
2222 	1
2223 	1
2224 	1
2226 	1
2227 	1
2230 	1
2232 	1
2235 	1
2238 	1
2241 	1
2243 	1
2244 	1
2247 	1
2248 	1
2251 	1
2254 	1
2255 	1
2256 	1
2257 	1
2261 	1
2266 	1
2267 	1
2268 	1
2271 	1
2273 	1
2276 	1
2278 	1
2282 	1
2284 	1
2300 	1
2302 	1
2304 	1
2306 	1
2308 	1
2312 	1
2314 	1
2316 	1
2317 	1
2319 	1
2321 	1
2323 	1
2325 	1
2327 	1
2329 	1
2331 	1
2334 	1
2335 	1
2336 	1
2337 	1
2349 	1
2351 	1
2352 	1
2353 	1
2355 	1
2356 	1
2357 	1
2358 	1
2360 	1
2362 	1
2363 	1
2364 	1
2365 	1
2366 	1
2367 	1
2370 	1
2373 	1
2375 	1
2376 	1
2377 	1
2379 	1
2380 	1
2381 	1
2383 	1
2384 	1
2386 	1
2388 	1
2396 	1
2398 	1
2401 	1
2403 	1
2406 	1
2410 	1
2413 	1
2414 	1
2417 	1
2419 	1
2420 	1
2421 	1
2422 	1
2423 	1
2431 	1
2434 	1
2435 	1
2436 	1
2437 	1
2441 	1
2442 	1
2444 	1
2447 	1
2448 	1
2450 	1
2451 	1
2453 	1
2454 	1
2455 	1
2464 	1
2466 	1
2473 	1
2474 	1
2476 	1
2477 	1
2479 	1
2484 	1
2488 	1
2489 	1
2490 	1
2496 	1
2501 	1
2502 	1
2503 	1
2504 	1
2507 	1
2513 	1
2515 	1
2518 	1
2520 	1
2521 	1
2523 	1
2529 	1
2530 	1
2533 	1
2538 	1
2539 	1
2540 	1
2542 	1
2543 	1
2544 	1
2547 	1
2550 	1
2552 	1
2553 	1
2560 	1
2561 	1
2566 	1
2570 	1
2571 	1
2572 	1
2578 	1
2579 	1
2581 	1
2585 	1
2590 	1
2591 	1
2592 	1
2594 	1
2595 	1
2599 	1
2602 	1
2603 	1
2606 	1
2607 	1
2609 	1
2610 	1
2611 	1
2615 	1
2616 	1
2619 	1
2620 	1
2622 	1
2623 	1
2626 	1
2627 	1
2629 	1
2631 	1
2632 	1
2636 	1
2637 	1
2638 	1
2639 	1
2640 	1
2641 	1
2642 	1
2643 	1
2646 	1
2647 	1
2649 	1
2652 	1
2654 	1
2656 	1
2657 	1
2658 	1
2660 	1
2663 	1
2664 	1
2667 	1
2674 	1
2676 	1
2677 	1
2680 	1
2681 	1
2687 	1
2688 	1
2689 	1
2690 	1
2691 	1
2697 	1
2698 	1
2700 	1
2702 	1
2705 	1
2707 	1
2708 	1
2709 	1
2710 	1
2713 	1
2714 	1
2715 	1
2717 	1
2721 	1
2722 	1
2723 	1
2724 	1
2725 	1
2727 	1
2732 	1
2735 	1
2736 	1
2737 	1
2741 	1
2745 	1
2750 	1
2753 	1
2758 	1
2760 	1
2761 	1
2763 	1
2766 	1
2768 	1
2771 	1
2773 	1
2774 	1
2776 	1
2777 	1
2781 	1
2784 	1
2787 	1
2789 	1
2790 	1
2791 	1
2792 	1
2794 	1
2795 	1
2796 	1
2798 	1
2799 	1
2800 	1
2801 	1
2802 	1
2803 	1
2805 	1
2806 	1
2811 	1
2812 	1
2813 	1
2815 	1
2816 	1
2824 	1
2825 	1
2828 	1
2830 	1
2831 	1
2834 	1
2838 	1
2839 	1
2840 	1
2842 	1
2843 	1
2845 	1
2849 	1
2850 	1
2852 	1
2853 	1
2856 	1
2859 	1
2860 	1
2866 	1
2869 	1
2871 	1
2872 	1
2876 	1
2881 	1
2884 	1
2885 	1
2890 	1
2893 	1
2895 	1
2896 	1
2904 	1
2906 	1
2910 	1
2911 	1
2915 	1
2916 	1
2917 	1
2918 	1
2920 	1
2922 	1
2924 	1
2927 	1
2929 	1
2930 	1
2932 	1
2934 	1
2935 	1
2937 	1
2938 	1
2940 	1
2941 	1
2948 	1
2949 	1
2955 	1
2956 	1
2957 	1
2958 	1
2959 	1
2968 	1
2970 	1
2971 	1
2972 	1
2973 	1
2976 	1
2977 	1
2980 	1
2988 	1
2990 	1
2991 	1
2993 	1
2994 	1
2995 	1
2996 	1
2997 	1
2999 	1
3004 	1
3006 	1
3009 	1
3010 	1
3012 	1
3015 	1
3017 	1
3018 	1
3021 	1
3029 	1
3034 	1
3038 	1
3039 	1
3040 	1
3041 	1
3045 	1
3047 	1
3049 	1
3050 	1
3051 	1
3054 	1
3055 	1
3056 	1
3057 	1
3058 	1
3059 	1
3060 	1
3061 	1
3063 	1
3066 	1
3073 	1
3074 	1
3079 	1
3085 	1
3086 	1
3087 	1
3089 	1
3090 	1
3091 	1
3092 	1
3093 	1
3095 	1
3100 	1
3106 	1
3110 	1
3111 	1
3114 	1
3115 	1
3116 	1
3118 	1
3120 	1
3121 	1
3128 	1
3129 	1
3130 	1
3131 	1
3135 	1
3138 	1
3140 	1
3145 	1
3146 	1
3152 	1
3157 	1
3158 	1
3166 	1
3168 	1
3170 	1
3171 	1
3172 	1
3173 	1
3176 	1
3177 	1
3178 	1
3179 	1
3182 	1
3183 	1
3187 	1
3189 	1
3193 	1
3194 	1
3195 	1
3198 	1
3199 	1
3202 	1
3207 	1
3208 	1
3212 	1
3214 	1
3216 	1
3220 	1
3221 	1
3223 	1
3228 	1
3229 	1
3231 	1
3232 	1
3234 	1
3237 	1
3239 	1
3241 	1
3243 	1
3245 	1
3246 	1
3248 	1
3249 	1
3251 	1
3252 	1
3254 	1
3255 	1
3258 	1
3259 	1
3261 	1
3262 	1
3265 	1
3266 	1
3268 	1
3270 	1
3272 	1
3275 	1
3276 	1
3277 	1
3278 	1
3279 	1
3281 	1
3283 	1
3285 	1
3286 	1
3287 	1
3289 	1
3292 	1
3293 	1
3294 	1
3300 	1
3301 	1
3302 	1
3304 	1
3308 	1
3317 	1
3318 	1
3319 	1
3321 	1
3324 	1
3325 	1
3329 	1
3339 	1
3342 	1
3343 	1
3345 	1
3346 	1
3347 	1
3348 	1
3349 	1
3350 	1
3353 	1
3356 	1
3360 	1
3361 	1
3364 	1
3366 	1
3367 	1
3368 	1
3370 	1
3374 	1
3375 	1
3379 	1
3381 	1
3390 	1
3392 	1
3396 	1
3398 	1
3403 	1
3407 	1
3410 	1
3411 	1
3412 	1
3414 	1
3418 	1
3419 	1
3420 	1
3421 	1
3422 	1
3423 	1
3424 	1
3425 	1
3430 	1
3431 	1
3436 	1
3437 	1
3440 	1
3441 	1
3449 	1
3453 	1
3455 	1
3459 	1
3462 	1
3463 	1
3465 	1
3467 	1
3471 	1
3472 	1
3474 	1
3476 	1
3477 	1
3486 	1
3489 	1
3491 	1
3494 	1
3498 	1
3502 	1
3505 	1
3507 	1
3508 	1
3509 	1
3511 	1
3512 	1
3515 	1
3517 	1
3518 	1
3522 	1
3523 	1
3525 	0.47582972583
3528 	1
3529 	1
3530 	1
3533 	1
3534 	1
3541 	1
3547 	1
3549 	1
3552 	1
3556 	1
3558 	1
3559 	1
3560 	1
3562 	1
3563 	1
3570 	1
3576 	1
3581 	1
3584 	1
3585 	1
3590 	1
3591 	1
3592 	1
3593 	1
3594 	1
3596 	1
3598 	1
3602 	1
3603 	1
3604 	1
3605 	1
3608 	1
3609 	1
3610 	1
3611 	1
3613 	1
3614 	1
3616 	1
3618 	1
3619 	1
3620 	1
3624 	1
3628 	1
3633 	1
3635 	1
3637 	1
3638 	1
3645 	1
3646 	1
3649 	1
3651 	1
3658 	1
3660 	1
3662 	1
3664 	1
3668 	1
3669 	1
3671 	1
3681 	1
3685 	1
3688 	1
3689 	1
3690 	1
3692 	1
3695 	1
3696 	1
3700 	1
3702 	1
3704 	1
3706 	1
3710 	1
3713 	1
3714 	1
3715 	1
3716 	1
3720 	1
3725 	1
3729 	1
3731 	1
3734 	1
3737 	1
3743 	1
3746 	1
3748 	1
3750 	1
3753 	1
3754 	1
3758 	1
3759 	1
3763 	1
3764 	1
3765 	1
3768 	1
3770 	1
3773 	1
3781 	1
3782 	1
3783 	1
3784 	1
3787 	1
3788 	1
3789 	1
3790 	1
3794 	1
3796 	1
3797 	1
3799 	1
3800 	1
3803 	1
3805 	1
3806 	1
3808 	1
3811 	1
3812 	1
3817 	1
3818 	1
3819 	1
3821 	1
3822 	1
3823 	1
3824 	1
3827 	1
3831 	1
3833 	1
3834 	1
3835 	1
3839 	1
3840 	1
3842 	1
3843 	1
3848 	1
3851 	1
3854 	1
3859 	1
3861 	1
3864 	1
3865 	1
3867 	1
3868 	1
3870 	1
3875 	1
3876 	1
3878 	1
3879 	1
3882 	1
3885 	1
3886 	1
3887 	1
3892 	1
3894 	1
3895 	1
3897 	1
3898 	1
3899 	1
3901 	1
3902 	1
3906 	1
3907 	1
3909 	1
3910 	1
3911 	1
3917 	1
3919 	1
3920 	1
3922 	1
3923 	1
3924 	1
3928 	1
3929 	1
3930 	1
3931 	1
3932 	1
3935 	1
3936 	1
3937 	1
3944 	1
3945 	1
3946 	1
3954 	1
3955 	1
3957 	1
3958 	1
3959 	1
3960 	1
3962 	1
3967 	1
3968 	1
3975 	1
3976 	1
3980 	1
3984 	1
3989 	1
3991 	1
3992 	1
3994 	1
3997 	1
4001 	1
4007 	1
4009 	1
4011 	1
4014 	1
4017 	1
4020 	1
4021 	1
4022 	1
4025 	1
4026 	1
4029 	1
4033 	1
4035 	1
4036 	1
4038 	1
4040 	1
4044 	1
4051 	1
4052 	1
4054 	1
4055 	1
4056 	1
4057 	1
4061 	1
4063 	1
4064 	1
4065 	1
4069 	1
4071 	1
4072 	1
4075 	1
4077 	1
4078 	1
4079 	1
4081 	1
4082 	1
4084 	1
4086 	1
4089 	1
4091 	1
4093 	1
4104 	1
4107 	1
4108 	1
4110 	1
4112 	1
4116 	1
4117 	1
4119 	1
4120 	1
4124 	1
4126 	1
4129 	1
4130 	1
4132 	1
4141 	1
4142 	1
4144 	1
4146 	1
4148 	1
4153 	1
4155 	1
4158 	1
4159 	1
4161 	1
4163 	1
4165 	1
4167 	1
4169 	1
4171 	1
4172 	1
4173 	1
4179 	1
4180 	1
4183 	1
4188 	1
4190 	1
4191 	1
4193 	1
4194 	1
4199 	1
4200 	1
4205 	1
4211 	1
4213 	1
4214 	1
4215 	1
4216 	1
4219 	1
4221 	1
4227 	1
4228 	1
4229 	1
4230 	1
4233 	1
4237 	1
4238 	1
4239 	1
4240 	1
4241 	1
4243 	1
4244 	1
4246 	1
4247 	1
4248 	1
4249 	1
4252 	1
4253 	1
4255 	1
4257 	1
4258 	1
4262 	1
4264 	1
4268 	1
4269 	1
4271 	1
4272 	1
4275 	1
4277 	1
4280 	1
4288 	1
4289 	1
4294 	1
4295 	1
4301 	1
4309 	1
4310 	1
4311 	1
4314 	1
4316 	1
4319 	1
4322 	1
4323 	1
4328 	1
4330 	1
4334 	1
4338 	1
4341 	1
4345 	1
4346 	1
4347 	1
4350 	1
4355 	1
4356 	1
4358 	1
4359 	1
4364 	1
4365 	1
4367 	1
4372 	1
4373 	1
4375 	1
4386 	1
4387 	1
4393 	1
4395 	1
4396 	1
4397 	1
4398 	1
4399 	1
4400 	1
4401 	1
4402 	1
4405 	1
4408 	1
4409 	1
4411 	1
4413 	1
4416 	1
4420 	1
4424 	1
4426 	1
4428 	1
4429 	1
4432 	1
4434 	1
4435 	1
4436 	1
4440 	1
4441 	1
4444 	1
4447 	1
4449 	1
4450 	1
4452 	1
4454 	1
4458 	1
4462 	1
4467 	1
4470 	1
4471 	1
4472 	1
4473 	1
4474 	1
4476 	1
4477 	1
4478 	1
4481 	1
4482 	1
4484 	1
4485 	1
4486 	1
4487 	1
4488 	1
4489 	1
4491 	1
4492 	1
4493 	1
4496 	1
4498 	1
4499 	1
4502 	1
4506 	1
4515 	1
4516 	1
4517 	1
4520 	1
4522 	1
4523 	1
4524 	1
4525 	1
4530 	1
4531 	1
4538 	1
4543 	1
4544 	1
4546 	1
4547 	1
4549 	1
4550 	1
4551 	1
4558 	1
4559 	1
4563 	1
4569 	1
4574 	1
4575 	1
4576 	1
4577 	1
4580 	1
4581 	1
4583 	1
4584 	1
4586 	1
4587 	1
4589 	1
4590 	1
4591 	1
4593 	1
4597 	1
4598 	1
4599 	1
4605 	1
4608 	1
4611 	1
4612 	1
4614 	1
4616 	1
4621 	1
4623 	1
4624 	1
4625 	1
4627 	1
4629 	1
4630 	1
4632 	1
4635 	1
4638 	1
4639 	1
4650 	1
4651 	1
4653 	1
4655 	1
4656 	1
4657 	1
4659 	1
4661 	1
4662 	1
4663 	1
4664 	1
4668 	1
4671 	1
4673 	1
4675 	1
4678 	1
4679 	1
4682 	1
4685 	1
4688 	1
4689 	1
4691 	1
4693 	1
4694 	1
4696 	1
4697 	1
4699 	1
4701 	1
4704 	1
4708 	1
4710 	1
4711 	1
4715 	1
4717 	1
4720 	1
4721 	1
4722 	1
4723 	1
4725 	1
4729 	1
4732 	1
4735 	1
4736 	1
4737 	1
4744 	1
4745 	1
4746 	1
4748 	1
4751 	1
4753 	1
4757 	1
4759 	1
4760 	1
4763 	1
4764 	1
4765 	1
4766 	1
4767 	1
4777 	1
4778 	1
4782 	1
4783 	1
4785 	1
4786 	1
4790 	1
4793 	1
4795 	1
4797 	1
4800 	1
4801 	1
4802 	1
4803 	1
4806 	1
4807 	1
4810 	1
4811 	1
4812 	1
4814 	1
4816 	1
4819 	1
4822 	1
4824 	1
4825 	1
4831 	1
4833 	1
4834 	1
4836 	1
4837 	1
4841 	1
4842 	1
4849 	1
4851 	1
4857 	1
4860 	1
4861 	1
4862 	1
4863 	1
4867 	1
4869 	1
4870 	1
4875 	1
4877 	1
4879 	1
4883 	1
4884 	1
4885 	1
4886 	1
4891 	1
4896 	1
4898 	1
4900 	1
4902 	1
4903 	1
4907 	1
4910 	1
4911 	1
4917 	1
4921 	1
4922 	1
4923 	1
4924 	1
4925 	1
4927 	1
4931 	1
4935 	1
4936 	1
4938 	1
4940 	1
4942 	1
4943 	1
4945 	1
4947 	1
4948 	1
4952 	1
4953 	1
4960 	1
4962 	1
4963 	1
4967 	1
4968 	1
4969 	1
4970 	1
4971 	1
4974 	1
4975 	1
4977 	1
4981 	1
4984 	1
4985 	1
4987 	1
4990 	1
4992 	1
4993 	1
4996 	1
4997 	1
4998 	1
5000 	1
5002 	1
5003 	1
5007 	1
5010 	1
5011 	1
5014 	1
5016 	1
5019 	1
5023 	1
5025 	1
5029 	1
5030 	1
5031 	1
5032 	1
5038 	1
5040 	1
5043 	1
5047 	1
5048 	1
5049 	1
5052 	1
5057 	1
5058 	1
5059 	1
5067 	1
5068 	1
5071 	1
5073 	1
5076 	1
5077 	1
5078 	1
5079 	1
5080 	1
5082 	1
5087 	1
5089 	1
5090 	1
5091 	1
5093 	1
5095 	1
5096 	1
5097 	1
5099 	1
5101 	1
5102 	1
5104 	1
5109 	1
5111 	1
5114 	1
5116 	1
5117 	1
5119 	1
5120 	1
5121 	1
5122 	1
5123 	1
5124 	1
5127 	1
5129 	1
5132 	1
5133 	1
5135 	1
5136 	1
5142 	1
5145 	1
5146 	1
5148 	1
5149 	1
5150 	1
5154 	1
5156 	1
5158 	1
5159 	1
5162 	1
5169 	1
5171 	1
5173 	1
5174 	1
5175 	1
5176 	1
5177 	1
5179 	1
5183 	1
5188 	1
5192 	1
5193 	1
5195 	1
5196 	1
5197 	1
5200 	1
5207 	1
5210 	1
5211 	1
5212 	1
5214 	1
5217 	1
5218 	1
5221 	1
5222 	1
5223 	1
5225 	1
5226 	1
5227 	1
5228 	1
5232 	1
5233 	1
5235 	1
5237 	1
5238 	1
5239 	1
5242 	1
5243 	1
5245 	1
5246 	1
5247 	1
5249 	1
5251 	1
5253 	1
5254 	1
5255 	1
5257 	1
5262 	1
5263 	1
5266 	1
5267 	1
5268 	1
5269 	1
5270 	1
5272 	1
5273 	1
5276 	1
5277 	1
5279 	1
5280 	1
5281 	1
5284 	1
5285 	1
5290 	1
5292 	1
5296 	1
5302 	1
5304 	1
5305 	1
5306 	1
5308 	1
5309 	1
5311 	1
5315 	1
5317 	1
5320 	1
5322 	1
5326 	1
5331 	1
5334 	1
5338 	1
5339 	1
5340 	1
5341 	1
5349 	1
5350 	1
5352 	1
5354 	1
5359 	1
5363 	1
5365 	1
5366 	1
5369 	1
5370 	1
5371 	1
5374 	1
5375 	1
5376 	1
5377 	1
5379 	1
5380 	1
5381 	1
5382 	1
5383 	1
5387 	1
5388 	1
5390 	1
5392 	1
5393 	1
5396 	1
5398 	1
5402 	1
5404 	1
5410 	1
5411 	1
5413 	1
5414 	1
5417 	1
5418 	1
5420 	1
5421 	1
5423 	1
5424 	1
5425 	1
5427 	1
5431 	1
5432 	1
5433 	1
5434 	1
5439 	1
5440 	1
5441 	1
5443 	1
5445 	1
5446 	1
5447 	1
5448 	1
5450 	1
5453 	1
5454 	1
5455 	1
5456 	1
5457 	1
5460 	1
5466 	1
5467 	1
5468 	1
5472 	1
5474 	1
5475 	1
5477 	1
5478 	1
5481 	1
5482 	1
5485 	1
5487 	1
5488 	1
5491 	1
5492 	1
5494 	1
5496 	1
5497 	1
5499 	1
5500 	1
5502 	1
5505 	1
5508 	1
5511 	1
5512 	1
5513 	1
5515 	1
5516 	1
5521 	1
5524 	1
5525 	1
5528 	1
5530 	1
5532 	1
5535 	1
5537 	1
5539 	1
5541 	1
5542 	1
5544 	1
5547 	1
5548 	1
5562 	1
5563 	1
5566 	1
5567 	1
5570 	1
5574 	1
5577 	1
5578 	1
5579 	1
5585 	1
5588 	1
5590 	1
5591 	1
5592 	1
5595 	1
5596 	1
5599 	1
5600 	1
5602 	1
5604 	1
5605 	1
5606 	1
5609 	1
5610 	1
5611 	1
5614 	1
5616 	1
5617 	1
5618 	1
5620 	1
5621 	1
5625 	1
5626 	1
5627 	1
5631 	1
5633 	1
5634 	1
5637 	1
5642 	1
5644 	1
5646 	1
5650 	1
5651 	1
5653 	1
5654 	1
5655 	1
5656 	1
5657 	1
5658 	1
5661 	1
5662 	1
5664 	1
5665 	1
5666 	1
5669 	1
5674 	1
5676 	1
5678 	1
5679 	1
5680 	1
5683 	1
5685 	1
5686 	1
5690 	1
5692 	1
5695 	1
5696 	1
5698 	1
5700 	1
5703 	1
5704 	1
5705 	1
5713 	1
5714 	1
5715 	1
5716 	1
5718 	1
5720 	1
5722 	1
5723 	1
5724 	1
5726 	1
5729 	1
5730 	1
5731 	1
5733 	1
5734 	1
5736 	1
5741 	1
5742 	1
5743 	1
5744 	1
5750 	1
5756 	1
5759 	1
5763 	1
5764 	1
5769 	1
5770 	1
5771 	1
5773 	1
5776 	1
5778 	1
5781 	1
5782 	1
5787 	1
5789 	1
5790 	1
5792 	1
5793 	1
5794 	1
5796 	1
5798 	1
5806 	1
5813 	1
5814 	1
5816 	1
5818 	1
5823 	1
5825 	1
5826 	1
5828 	1
5829 	1
5830 	1
5831 	1
5832 	1
5835 	1
5836 	1
5841 	1
5843 	1
5845 	1
5846 	1
5850 	1
5855 	1
5860 	1
5862 	1
5865 	1
5867 	1
5872 	1
5878 	1
5879 	1
5880 	1
5885 	1
5887 	1
5888 	1
5889 	1
5898 	1
5899 	1
5900 	1
5902 	1
5903 	1
5906 	1
5907 	1
5908 	1
5909 	1
5912 	1
5913 	1
5917 	1
5918 	1
5920 	1
5924 	1
5925 	1
5926 	1
5927 	1
5929 	1
5931 	1
5935 	1
5936 	1
5940 	1
5942 	1
5943 	1
5946 	1
5947 	1
5948 	1
5952 	1
5956 	1
5958 	1
5960 	1
5961 	1
5964 	1
5966 	1
5968 	1
5969 	1
5970 	1
5971 	1
5972 	1
5973 	1
5974 	1
5976 	1
5978 	1
5979 	1
5987 	1
5988 	1
5989 	1
5991 	1
5992 	1
5995 	1
6001 	1
6002 	1
6003 	1
6004 	1
6006 	1
6012 	1
6015 	1
6016 	1
6019 	1
6020 	1
6023 	1
6026 	1
6027 	1
6028 	1
6031 	1
6032 	1
6035 	1
6036 	1
6037 	1
6038 	1
6039 	1
6041 	1
6042 	1
6045 	1
6046 	1
6049 	1
6051 	1
6052 	1
6053 	1
6055 	1
6056 	1
6058 	1
6062 	1
6068 	1
6074 	1
6075 	1
6076 	1
6083 	1
6085 	1
6092 	1
6095 	1
6097 	1
6098 	1
6102 	1
6104 	1
6105 	1
6109 	1
6113 	1
6114 	1
6115 	1
6122 	1
6129 	1
6131 	1
6135 	1
6137 	1
6138 	1
6139 	1
6140 	1
6141 	1
6144 	1
6145 	1
6146 	1
6149 	1
6150 	1
6154 	1
6155 	1
6157 	1
6158 	1
6166 	1
6167 	1
6170 	1
6172 	1
6177 	1
6178 	1
6179 	1
6180 	1
6185 	1
6186 	1
6189 	1
6191 	1
6192 	1
6194 	1
6195 	1
6197 	1
6201 	1
6203 	1
6204 	1
6205 	1
6207 	1
6210 	1
6211 	1
6212 	1
6218 	1
6219 	1
6222 	1
6224 	1
6227 	1
6232 	1
6235 	1
6242 	1
6252 	1
6254 	1
6255 	1
6256 	1
6258 	1
6260 	1
6263 	1
6265 	1
6269 	1
6270 	1
6272 	1
6275 	1
6277 	1
6279 	1
6283 	1
6286 	1
6287 	1
6293 	1
6294 	1
6302 	1
6304 	1
6305 	1
6306 	1
6307 	1
6309 	1
6311 	1
6312 	1
6315 	1
6317 	1
6318 	1
6321 	1
6323 	1
6326 	1
6329 	1
6330 	1
6331 	1
6334 	1
6335 	1
6338 	1
6342 	1
6344 	1
6346 	1
6349 	1
6350 	1
6352 	1
6353 	1
6356 	1
6357 	1
6358 	1
6361 	1
6362 	1
6366 	1
6369 	1
6370 	1
6375 	1
6383 	1
6389 	1
6391 	1
6394 	1
6395 	1
6402 	1
6403 	1
6405 	1
6406 	1
6407 	1
6410 	1
6411 	1
6412 	1
6414 	1
6416 	1
6418 	1
6419 	1
6420 	1
6423 	1
6425 	1
6428 	1
6430 	1
6431 	1
6433 	1
6441 	1
6443 	1
6445 	1
6448 	1
6450 	1
6455 	1
6456 	1
6457 	1
6458 	1
6459 	1
6460 	1
6461 	1
6462 	1
6463 	1
6464 	1
6465 	1
6467 	1
6468 	1
6469 	1
6470 	1
6472 	1
6473 	1
6476 	1
6478 	1
6480 	1
6481 	1
6484 	1
6485 	1
6486 	1
6487 	1
6493 	1
6494 	1
6495 	1
6496 	1
6499 	1
6500 	1
6504 	1
6506 	1
6508 	1
6510 	1
6513 	1
6515 	1
6516 	1
6519 	1
6521 	1
6527 	1
6530 	1
6532 	1
6537 	1
6545 	1
6547 	1
6548 	1
6549 	1
6550 	1
6551 	1
6552 	1
6553 	1
6555 	1
6556 	1
6558 	1
6559 	1
6561 	1
6566 	1
6568 	1
6575 	1
6576 	1
6577 	1
6578 	1
6579 	1
6580 	1
6582 	1
6583 	1
6585 	1
6586 	1
6588 	1
6590 	1
6592 	1
6593 	1
6595 	1
6598 	1
6599 	1
6603 	1
6604 	1
6606 	1
6608 	1
6610 	1
6615 	1
6616 	1
6622 	1
6624 	1
6630 	1
6632 	1
6635 	1
6636 	1
6638 	1
6639 	1
6640 	1
6641 	1
6643 	1
6646 	1
6648 	1
6649 	1
6651 	1
6654 	1
6660 	1
6662 	1
6667 	1
6669 	1
6672 	1
6674 	1
6676 	1
6677 	1
6679 	1
6680 	1
6681 	1
6685 	1
6687 	1
6691 	1
6696 	1
6697 	1
6701 	1
6704 	1
6706 	1
6710 	1
6717 	1
6722 	1
6723 	1
6724 	1
6725 	1
6727 	1
6728 	1
6729 	1
6732 	1
6733 	1
6734 	1
6736 	1
6742 	1
6747 	1
6748 	1
6750 	1
6751 	1
6752 	1
6753 	1
6757 	1
6758 	1
6761 	1
6762 	1
6763 	1
6764 	1
6769 	1
6775 	1
6777 	1
6786 	1
6787 	1
6789 	1
6792 	1
6794 	1
6795 	1
6796 	1
6801 	1
6805 	1
6806 	1
6808 	1
6809 	1
6811 	1
6812 	1
6814 	1
6816 	1
6819 	1
6821 	1
6822 	1
6825 	1
6827 	1
6830 	1
6837 	1
6840 	1
6841 	1
6845 	1
6846 	1
6848 	1
6849 	1
6850 	1
6851 	1
6852 	1
6855 	1
6856 	1
6858 	1
6860 	1
6861 	1
6867 	1
6868 	1
6872 	1
6878 	1
6879 	1
6881 	1
6882 	1
6883 	1
6884 	1
6894 	1
6895 	1
6896 	1
6899 	1
6900 	1
6902 	1
6905 	1
6908 	1
6909 	1
6917 	1
6921 	1
6923 	1
6925 	1
6926 	1
6931 	1
6934 	1
6939 	1
6940 	1
6941 	1
6942 	1
6945 	1
6947 	1
6950 	1
6952 	1
6953 	1
6955 	1
6956 	1
6957 	1
6960 	1
6963 	1
6964 	1
6965 	1
6968 	1
6973 	1
6974 	1
6975 	1
6977 	1
6979 	1
6985 	1
6986 	1
6990 	1
6992 	1
6993 	1
6996 	1
7000 	1
