Number of items 	Total Weight 	Total Profit 
4301 	1259063.5 	288577.277674 


Total time: 0.0455532073975 s
Average time: 0.0113890767097 s
Last call: 3.09944152832e-06 s
Stamp 1 of the total: 0h 0m 0s 45ms 45553\u00B5s
Stamp 2 of the total: 00:00:00.0045
Pattern that ignores zeros:
45ms 45553\u00B5s
0045

Item    Fraction

1 	1
8 	1
13 	1
15 	1
16 	1
19 	1
22 	1
24 	1
25 	1
27 	1
28 	1
31 	1
32 	1
33 	1
34 	1
35 	1
36 	1
38 	1
40 	1
42 	1
43 	1
44 	1
46 	1
48 	1
49 	1
52 	1
55 	1
57 	1
60 	1
63 	1
64 	1
65 	1
67 	1
68 	1
69 	1
71 	1
73 	1
76 	1
77 	1
80 	1
82 	1
88 	1
90 	1
91 	1
95 	1
97 	1
98 	1
99 	1
101 	1
102 	1
103 	1
105 	1
107 	1
108 	1
110 	1
111 	1
112 	1
120 	1
122 	1
123 	1
127 	1
128 	1
130 	1
131 	1
134 	1
137 	1
141 	1
146 	1
147 	1
148 	1
149 	1
151 	1
152 	1
156 	1
157 	1
161 	1
163 	1
166 	1
167 	1
170 	1
172 	1
177 	1
179 	1
181 	1
182 	1
185 	1
186 	1
187 	1
189 	1
190 	1
194 	1
195 	1
198 	1
202 	1
205 	1
210 	1
213 	1
214 	1
215 	1
216 	1
219 	1
223 	1
225 	1
226 	1
229 	1
230 	1
231 	1
232 	1
237 	1
238 	1
240 	1
244 	1
245 	1
248 	1
249 	1
251 	1
252 	1
253 	1
254 	1
257 	1
263 	1
264 	1
268 	1
270 	1
271 	1
273 	1
274 	1
275 	1
276 	1
277 	1
279 	1
280 	1
283 	1
286 	1
288 	1
293 	1
295 	1
296 	1
299 	1
301 	1
302 	1
304 	1
305 	1
307 	1
309 	1
310 	1
311 	1
312 	1
314 	1
317 	1
319 	1
320 	1
321 	1
325 	1
326 	1
328 	1
334 	1
335 	1
336 	1
338 	1
341 	1
342 	1
345 	1
347 	1
352 	1
354 	1
355 	1
357 	1
359 	1
362 	1
365 	1
366 	1
367 	1
370 	1
374 	1
376 	1
378 	1
381 	1
383 	1
385 	1
387 	1
388 	1
391 	1
394 	1
396 	1
397 	1
398 	1
400 	1
408 	1
409 	1
412 	1
413 	1
416 	1
417 	1
420 	1
421 	1
422 	1
428 	1
431 	1
436 	1
439 	1
441 	1
450 	1
451 	1
457 	1
460 	1
462 	1
463 	1
464 	1
465 	1
474 	1
475 	1
478 	1
481 	1
484 	1
485 	1
487 	1
489 	1
491 	1
495 	1
497 	1
502 	1
503 	1
504 	1
505 	1
506 	1
507 	1
508 	1
509 	1
510 	1
511 	1
515 	1
517 	1
519 	1
521 	1
525 	1
530 	1
531 	1
539 	1
542 	1
543 	1
549 	1
550 	1
552 	1
560 	1
563 	1
565 	1
566 	1
567 	1
568 	1
573 	1
574 	1
575 	1
578 	1
579 	1
581 	1
583 	1
589 	1
590 	1
593 	1
595 	1
596 	1
597 	1
598 	1
599 	1
600 	1
607 	1
609 	1
612 	1
616 	1
617 	1
618 	1
619 	1
624 	1
625 	1
626 	1
627 	1
630 	1
632 	1
634 	1
637 	1
641 	1
642 	1
646 	1
652 	1
656 	1
660 	1
662 	1
663 	1
665 	1
668 	1
669 	1
670 	1
671 	1
673 	1
674 	1
675 	1
676 	1
678 	1
679 	1
683 	1
685 	1
688 	1
689 	1
691 	1
692 	1
694 	1
695 	1
697 	1
698 	1
705 	1
709 	1
711 	1
713 	1
714 	1
715 	1
716 	1
717 	1
722 	1
723 	1
725 	1
728 	1
732 	1
734 	1
740 	1
744 	1
747 	1
756 	1
757 	1
760 	1
761 	1
763 	1
764 	1
767 	1
768 	1
770 	1
771 	1
775 	1
779 	1
780 	1
781 	1
792 	1
793 	1
794 	1
795 	1
797 	1
800 	1
802 	1
804 	1
808 	1
809 	1
810 	1
811 	1
818 	1
822 	1
825 	1
827 	1
829 	1
832 	1
833 	1
834 	1
838 	1
841 	1
842 	1
843 	1
844 	1
845 	1
850 	1
854 	1
856 	1
857 	1
858 	1
860 	1
862 	1
863 	1
864 	1
865 	1
868 	1
869 	1
871 	1
873 	1
876 	1
878 	1
884 	1
887 	1
888 	1
891 	1
892 	1
896 	1
899 	1
901 	1
906 	1
907 	1
909 	1
910 	1
911 	1
912 	1
913 	1
914 	1
915 	1
916 	1
917 	1
918 	1
924 	1
927 	1
928 	1
931 	1
932 	1
933 	1
939 	1
940 	1
945 	1
946 	1
951 	1
952 	1
955 	1
957 	1
960 	1
961 	1
963 	1
966 	1
970 	1
972 	1
973 	1
974 	1
978 	1
980 	1
982 	1
986 	1
987 	1
991 	1
995 	1
996 	1
997 	1
1001 	1
1004 	1
1006 	1
1008 	1
1009 	1
1011 	1
1012 	1
1013 	1
1015 	1
1016 	1
1018 	1
1021 	1
1022 	1
1024 	1
1025 	1
1031 	1
1034 	1
1035 	1
1036 	1
1041 	1
1042 	1
1043 	1
1046 	1
1049 	1
1050 	1
1054 	1
1055 	1
1060 	1
1062 	1
1067 	1
1068 	1
1069 	1
1073 	1
1080 	1
1083 	1
1084 	1
1086 	1
1087 	1
1091 	1
1092 	1
1095 	1
1097 	1
1105 	1
1106 	1
1107 	1
1108 	1
1109 	1
1111 	1
1119 	1
1125 	1
1128 	1
1129 	1
1130 	1
1131 	1
1135 	1
1137 	1
1138 	1
1139 	1
1141 	1
1142 	1
1143 	1
1146 	1
1148 	1
1150 	1
1153 	1
1154 	1
1156 	1
1159 	1
1170 	1
1171 	1
1172 	1
1178 	1
1179 	1
1181 	1
1182 	1
1184 	1
1189 	1
1190 	1
1197 	1
1198 	1
1201 	1
1202 	1
1204 	1
1209 	1
1213 	1
1214 	1
1216 	1
1218 	1
1219 	1
1223 	1
1227 	1
1229 	1
1230 	1
1235 	1
1240 	1
1243 	1
1247 	1
1249 	1
1250 	1
1251 	1
1255 	1
1256 	1
1258 	1
1260 	1
1262 	1
1263 	1
1264 	1
1267 	1
1268 	1
1273 	1
1276 	1
1283 	1
1285 	1
1286 	1
1288 	1
1289 	1
1291 	1
1292 	1
1294 	1
1298 	1
1299 	1
1300 	1
1301 	1
1303 	1
1305 	1
1308 	1
1309 	1
1313 	1
1316 	1
1318 	1
1321 	1
1324 	1
1325 	1
1327 	1
1330 	1
1332 	1
1333 	1
1335 	1
1336 	1
1337 	1
1340 	1
1342 	1
1344 	1
1345 	1
1348 	1
1357 	1
1360 	1
1362 	1
1363 	1
1366 	1
1368 	1
1371 	1
1373 	1
1379 	1
1380 	1
1385 	1
1386 	1
1390 	1
1396 	1
1397 	1
1398 	1
1403 	1
1406 	1
1412 	1
1413 	1
1414 	1
1420 	1
1421 	1
1423 	1
1427 	1
1431 	1
1433 	1
1434 	1
1435 	1
1441 	1
1443 	1
1451 	1
1452 	1
1454 	1
1455 	1
1458 	1
1459 	1
1460 	1
1461 	1
1465 	1
1466 	1
1467 	1
1470 	1
1471 	1
1478 	1
1480 	1
1483 	1
1486 	1
1488 	1
1490 	1
1491 	1
1492 	1
1494 	1
1495 	1
1497 	1
1501 	1
1502 	1
1503 	1
1507 	1
1511 	1
1513 	1
1515 	1
1517 	1
1519 	1
1520 	1
1523 	1
1524 	1
1527 	1
1529 	1
1531 	1
1536 	1
1538 	1
1540 	1
1547 	1
1548 	1
1549 	1
1551 	1
1555 	1
1556 	1
1559 	1
1560 	1
1567 	1
1569 	1
1570 	1
1575 	1
1580 	1
1587 	1
1594 	1
1598 	1
1601 	1
1602 	1
1604 	1
1613 	1
1614 	1
1616 	1
1617 	1
1618 	1
1619 	1
1622 	1
1627 	1
1629 	1
1635 	1
1636 	1
1639 	1
1641 	1
1642 	1
1643 	1
1646 	1
1647 	1
1649 	1
1654 	1
1655 	1
1657 	1
1660 	1
1661 	1
1665 	1
1667 	1
1668 	1
1669 	1
1671 	1
1673 	1
1675 	1
1679 	1
1681 	1
1682 	1
1683 	1
1684 	1
1695 	1
1697 	1
1698 	1
1699 	1
1701 	1
1703 	1
1709 	1
1710 	1
1711 	1
1720 	1
1725 	1
1726 	1
1727 	1
1730 	1
1731 	1
1732 	1
1733 	1
1738 	1
1739 	1
1740 	1
1743 	1
1744 	1
1745 	1
1747 	1
1748 	1
1749 	1
1752 	1
1758 	1
1761 	1
1762 	1
1764 	1
1767 	1
1768 	1
1769 	1
1772 	1
1775 	1
1776 	1
1777 	1
1781 	1
1785 	1
1786 	1
1787 	1
1790 	1
1792 	1
1793 	1
1794 	1
1799 	1
1800 	1
1801 	1
1802 	1
1804 	1
1805 	1
1806 	1
1807 	1
1808 	1
1810 	1
1813 	1
1814 	1
1816 	1
1817 	1
1825 	1
1830 	1
1831 	1
1833 	1
1834 	1
1838 	1
1840 	1
1841 	1
1842 	1
1843 	1
1844 	1
1849 	1
1850 	1
1852 	1
1853 	1
1854 	1
1855 	1
1856 	1
1858 	1
1860 	1
1861 	1
1863 	1
1867 	1
1868 	1
1869 	1
1871 	1
1872 	1
1876 	1
1877 	1
1878 	1
1880 	1
1881 	1
1882 	1
1883 	1
1888 	1
1892 	1
1894 	1
1895 	1
1896 	1
1897 	1
1900 	1
1904 	1
1905 	1
1906 	1
1911 	1
1914 	1
1915 	1
1916 	1
1917 	1
1921 	1
1924 	1
1926 	1
1931 	1
1938 	1
1942 	1
1945 	1
1947 	1
1948 	1
1950 	1
1951 	1
1954 	1
1958 	1
1960 	1
1961 	1
1962 	1
1964 	1
1971 	1
1972 	1
1973 	1
1975 	1
1977 	1
1983 	1
1984 	1
1985 	1
1986 	1
1987 	1
1988 	1
1989 	1
1990 	1
1991 	1
1994 	1
1998 	1
2002 	1
2003 	1
2007 	1
2008 	1
2010 	1
2012 	1
2013 	1
2016 	1
2017 	1
2018 	1
2020 	1
2026 	1
2027 	1
2030 	1
2033 	1
2036 	1
2038 	1
2039 	1
2041 	1
2045 	1
2050 	1
2051 	1
2053 	1
2059 	1
2060 	1
2061 	1
2066 	1
2067 	1
2069 	1
2070 	1
2072 	1
2073 	1
2082 	1
2083 	1
2086 	1
2090 	1
2093 	1
2097 	1
2098 	1
2100 	1
2103 	1
2104 	1
2107 	1
2108 	1
2109 	1
2112 	1
2113 	1
2114 	1
2116 	1
2121 	1
2123 	1
2124 	1
2131 	1
2134 	1
2135 	1
2136 	1
2137 	1
2138 	1
2139 	1
2141 	1
2142 	1
2143 	1
2144 	1
2148 	1
2149 	1
2151 	1
2153 	1
2154 	1
2156 	1
2157 	1
2160 	1
2165 	1
2166 	1
2168 	1
2171 	1
2172 	1
2173 	1
2179 	1
2181 	1
2182 	1
2186 	1
2190 	1
2191 	1
2192 	1
2198 	1
2201 	1
2203 	1
2206 	1
2207 	1
2209 	1
2213 	1
2214 	1
2215 	1
2218 	1
2221 	1
2222 	1
2223 	1
2224 	1
2231 	1
2232 	1
2233 	1
2236 	1
2238 	1
2240 	1
2241 	1
2242 	1
2244 	1
2255 	1
2257 	1
2258 	1
2261 	1
2265 	1
2267 	1
2270 	1
2272 	1
2273 	1
2275 	1
2284 	1
2285 	1
2287 	1
2288 	1
2290 	1
2291 	1
2297 	1
2298 	1
2300 	1
2303 	1
2304 	1
2306 	1
2310 	1
2312 	1
2314 	1
2320 	1
2324 	1
2325 	1
2329 	1
2331 	1
2332 	1
2333 	1
2335 	1
2336 	1
2338 	1
2341 	1
2342 	1
2344 	1
2346 	1
2347 	1
2349 	1
2353 	1
2354 	1
2355 	1
2357 	1
2359 	1
2360 	1
2361 	1
2364 	1
2370 	1
2372 	1
2377 	1
2379 	1
2380 	1
2381 	1
2382 	1
2384 	1
2387 	1
2392 	1
2396 	1
2398 	1
2399 	1
2400 	1
2409 	1
2414 	1
2417 	1
2421 	1
2424 	1
2426 	1
2433 	1
2434 	1
2435 	1
2436 	1
2439 	1
2442 	1
2444 	1
2446 	1
2450 	1
2451 	1
2455 	1
2463 	1
2464 	1
2465 	1
2466 	1
2468 	1
2472 	1
2480 	1
2483 	1
2484 	1
2485 	1
2488 	1
2491 	1
2496 	1
2497 	1
2498 	1
2500 	1
2501 	1
2503 	1
2504 	1
2508 	1
2509 	1
2511 	1
2513 	1
2515 	1
2526 	1
2529 	1
2531 	1
2534 	1
2538 	1
2547 	1
2549 	1
2551 	1
2552 	1
2553 	1
2555 	1
2560 	1
2567 	1
2569 	1
2570 	1
2571 	1
2572 	1
2573 	1
2577 	1
2578 	1
2580 	1
2585 	1
2587 	1
2590 	1
2599 	1
2603 	1
2606 	1
2608 	1
2611 	1
2612 	1
2616 	1
2617 	1
2622 	1
2623 	1
2627 	1
2628 	1
2635 	1
2636 	1
2637 	1
2640 	1
2644 	1
2645 	1
2646 	1
2647 	1
2648 	1
2649 	1
2650 	1
2651 	1
2653 	1
2656 	1
2657 	1
2658 	1
2659 	1
2660 	1
2662 	1
2666 	1
2667 	1
2669 	1
2675 	1
2678 	1
2681 	1
2682 	1
2684 	1
2685 	1
2687 	1
2690 	1
2691 	1
2693 	1
2694 	1
2695 	1
2696 	1
2705 	1
2706 	1
2707 	1
2708 	1
2713 	1
2714 	1
2715 	1
2717 	1
2718 	1
2721 	1
2722 	1
2723 	1
2727 	1
2730 	1
2732 	1
2734 	1
2735 	1
2741 	1
2744 	1
2748 	1
2750 	1
2759 	1
2763 	1
2766 	1
2773 	1
2774 	1
2779 	1
2781 	1
2782 	1
2783 	1
2786 	1
2787 	1
2790 	1
2795 	1
2798 	1
2799 	1
2800 	1
2805 	1
2807 	1
2809 	1
2810 	1
2812 	1
2815 	1
2817 	1
2818 	1
2823 	1
2825 	1
2827 	1
2829 	1
2830 	1
2832 	1
2833 	1
2834 	1
2835 	1
2840 	1
2843 	1
2844 	1
2849 	1
2853 	1
2854 	1
2856 	1
2857 	1
2859 	1
2860 	1
2861 	1
2864 	1
2871 	1
2872 	1
2873 	1
2876 	1
2878 	1
2884 	1
2886 	1
2888 	1
2889 	1
2890 	1
2891 	1
2893 	1
2895 	1
2901 	1
2905 	1
2907 	1
2908 	1
2909 	1
2910 	1
2914 	1
2915 	1
2920 	1
2921 	1
2923 	1
2924 	1
2926 	1
2927 	1
2929 	1
2932 	1
2934 	1
2935 	1
2937 	1
2938 	1
2941 	1
2950 	1
2951 	1
2953 	1
2956 	1
2958 	1
2959 	1
2960 	1
2962 	1
2963 	1
2968 	1
2970 	1
2971 	1
2974 	1
2976 	1
2978 	1
2980 	1
2981 	1
2986 	1
2989 	1
2996 	1
2998 	1
3000 	1
3005 	1
3006 	1
3007 	1
3014 	1
3015 	1
3024 	1
3028 	1
3031 	1
3033 	1
3036 	1
3042 	1
3043 	1
3044 	1
3045 	1
3046 	1
3047 	1
3048 	1
3049 	1
3051 	1
3053 	1
3054 	1
3057 	1
3058 	1
3059 	1
3060 	1
3064 	1
3065 	1
3066 	1
3068 	1
3069 	1
3072 	1
3073 	1
3080 	1
3082 	1
3083 	1
3090 	1
3093 	1
3095 	1
3096 	1
3098 	1
3099 	1
3101 	1
3105 	1
3110 	1
3112 	1
3115 	1
3116 	1
3117 	1
3123 	1
3125 	1
3126 	1
3127 	1
3130 	1
3136 	1
3137 	1
3140 	1
3142 	1
3143 	1
3144 	1
3147 	1
3150 	1
3156 	1
3157 	1
3160 	1
3163 	1
3164 	1
3166 	1
3167 	1
3169 	1
3171 	1
3173 	1
3178 	1
3179 	1
3180 	1
3183 	1
3184 	1
3185 	1
3186 	1
3189 	1
3190 	1
3191 	1
3192 	1
3196 	1
3197 	1
3198 	1
3201 	1
3202 	1
3203 	1
3205 	1
3209 	1
3211 	1
3213 	1
3215 	1
3219 	1
3220 	1
3221 	1
3223 	1
3225 	1
3232 	1
3233 	1
3235 	1
3236 	1
3237 	1
3238 	1
3240 	1
3241 	1
3243 	1
3245 	1
3247 	1
3248 	1
3252 	1
3254 	1
3258 	1
3259 	1
3260 	1
3264 	1
3266 	1
3267 	1
3269 	1
3270 	1
3273 	1
3274 	1
3275 	1
3278 	1
3279 	1
3282 	1
3285 	1
3286 	1
3287 	1
3291 	1
3292 	1
3295 	1
3300 	1
3301 	1
3306 	1
3308 	1
3309 	1
3312 	1
3315 	1
3319 	1
3321 	1
3322 	1
3330 	1
3332 	1
3337 	1
3338 	1
3340 	1
3342 	1
3346 	1
3347 	1
3349 	1
3350 	1
3351 	1
3356 	1
3357 	1
3358 	1
3359 	1
3360 	1
3361 	1
3364 	1
3368 	1
3369 	1
3370 	1
3375 	1
3379 	1
3384 	1
3385 	1
3386 	1
3387 	1
3388 	1
3390 	1
3391 	1
3394 	1
3398 	1
3399 	1
3400 	1
3403 	1
3404 	1
3409 	1
3411 	1
3412 	1
3414 	1
3415 	1
3416 	1
3420 	1
3421 	1
3422 	1
3423 	1
3424 	1
3425 	1
3426 	1
3428 	1
3429 	1
3433 	1
3435 	1
3438 	1
3441 	1
3442 	1
3444 	1
3445 	1
3451 	1
3454 	1
3455 	1
3460 	1
3463 	1
3464 	1
3465 	1
3468 	1
3471 	1
3472 	1
3475 	1
3477 	1
3478 	1
3479 	1
3480 	1
3482 	1
3484 	1
3485 	1
3491 	1
3494 	1
3496 	1
3497 	1
3500 	1
3502 	1
3504 	1
3508 	1
3510 	1
3511 	1
3513 	1
3515 	1
3518 	1
3522 	1
3525 	1
3530 	1
3532 	1
3534 	1
3537 	1
3540 	1
3544 	1
3548 	1
3550 	1
3551 	1
3556 	1
3559 	1
3561 	1
3563 	1
3566 	1
3570 	1
3578 	1
3587 	1
3590 	1
3594 	1
3595 	1
3600 	1
3602 	1
3606 	1
3608 	1
3610 	1
3611 	1
3612 	1
3613 	1
3618 	1
3621 	1
3622 	1
3623 	1
3624 	1
3625 	1
3627 	1
3629 	1
3630 	1
3631 	1
3632 	1
3633 	1
3634 	1
3640 	1
3641 	1
3642 	1
3644 	1
3645 	1
3646 	1
3647 	1
3650 	1
3652 	1
3656 	1
3657 	1
3658 	1
3665 	1
3668 	1
3671 	1
3672 	1
3674 	1
3676 	1
3679 	1
3682 	1
3683 	1
3685 	1
3687 	1
3688 	1
3689 	1
3691 	1
3702 	1
3707 	1
3709 	1
3711 	1
3713 	1
3721 	1
3722 	1
3724 	1
3728 	1
3734 	1
3735 	1
3740 	1
3741 	1
3745 	1
3747 	1
3753 	1
3754 	1
3757 	1
3758 	1
3759 	1
3760 	1
3767 	1
3768 	1
3771 	1
3774 	1
3775 	1
3776 	1
3778 	1
3779 	1
3783 	1
3784 	1
3785 	1
3789 	1
3791 	1
3792 	1
3794 	1
3797 	1
3802 	1
3803 	1
3806 	1
3807 	1
3808 	1
3811 	1
3813 	1
3819 	1
3820 	1
3822 	1
3823 	1
3827 	1
3829 	1
3833 	1
3834 	1
3836 	1
3837 	1
3840 	1
3844 	1
3847 	1
3848 	1
3850 	1
3853 	1
3855 	1
3859 	1
3860 	1
3861 	1
3864 	1
3870 	1
3871 	1
3873 	1
3874 	1
3879 	1
3885 	1
3886 	1
3887 	1
3888 	1
3890 	1
3891 	1
3892 	1
3894 	1
3896 	1
3898 	1
3900 	1
3902 	1
3903 	1
3904 	1
3912 	1
3914 	1
3915 	1
3920 	1
3921 	1
3922 	1
3924 	1
3926 	1
3933 	1
3934 	1
3937 	1
3938 	1
3940 	1
3946 	1
3948 	1
3951 	1
3954 	1
3957 	1
3959 	1
3960 	1
3961 	1
3962 	1
3963 	1
3965 	1
3966 	1
3967 	1
3968 	1
3969 	1
3974 	1
3975 	1
3976 	1
3978 	1
3981 	1
3982 	1
3985 	1
3986 	1
3989 	1
3990 	1
3992 	1
3993 	1
3995 	1
3998 	1
3999 	1
4001 	1
4003 	1
4004 	1
4007 	1
4009 	1
4010 	1
4011 	1
4013 	1
4014 	1
4016 	1
4020 	1
4021 	1
4023 	1
4024 	1
4025 	1
4028 	1
4029 	1
4030 	1
4031 	1
4032 	1
4033 	1
4037 	1
4040 	1
4041 	1
4044 	1
4045 	1
4049 	1
4050 	1
4051 	1
4055 	1
4056 	1
4058 	1
4062 	1
4063 	1
4065 	1
4067 	1
4069 	1
4072 	1
4074 	1
4077 	1
4083 	1
4085 	1
4088 	1
4090 	1
4091 	1
4092 	1
4093 	1
4097 	1
4101 	1
4102 	1
4103 	1
4104 	1
4112 	1
4115 	1
4116 	1
4118 	1
4119 	1
4123 	1
4126 	1
4127 	1
4128 	1
4134 	1
4137 	1
4139 	1
4140 	1
4141 	1
4143 	1
4144 	1
4145 	1
4147 	1
4148 	1
4149 	1
4151 	1
4155 	1
4158 	1
4163 	1
4165 	1
4166 	1
4170 	1
4173 	1
4174 	1
4178 	1
4179 	1
4180 	1
4181 	1
4182 	1
4183 	1
4186 	1
4190 	1
4191 	1
4193 	1
4195 	1
4198 	1
4200 	1
4201 	1
4203 	1
4206 	1
4208 	1
4209 	1
4212 	1
4213 	1
4217 	1
4218 	1
4219 	1
4220 	1
4221 	1
4222 	1
4225 	1
4228 	1
4232 	1
4233 	1
4234 	1
4237 	1
4240 	1
4241 	1
4243 	1
4244 	1
4245 	1
4247 	1
4250 	1
4251 	1
4254 	1
4258 	1
4261 	1
4262 	1
4263 	1
4264 	1
4265 	1
4266 	1
4267 	1
4269 	1
4271 	1
4273 	1
4274 	1
4275 	1
4277 	1
4280 	1
4281 	1
4282 	1
4284 	1
4287 	1
4293 	1
4294 	1
4295 	1
4300 	1
4301 	1
4304 	1
4306 	1
4310 	1
4313 	1
4314 	1
4315 	1
4318 	1
4321 	1
4322 	1
4324 	1
4325 	1
4328 	1
4329 	1
4330 	1
4331 	1
4333 	1
4336 	1
4337 	1
4338 	1
4339 	1
4341 	1
4342 	1
4344 	1
4345 	1
4347 	1
4349 	1
4351 	1
4354 	1
4355 	1
4356 	1
4357 	1
4359 	1
4360 	1
4364 	1
4365 	1
4366 	1
4369 	1
4371 	1
4373 	1
4374 	1
4376 	1
4377 	1
4382 	1
4390 	1
4395 	1
4402 	1
4410 	1
4411 	1
4415 	1
4417 	1
4419 	1
4424 	1
4425 	1
4428 	1
4429 	1
4430 	1
4437 	1
4438 	1
4440 	1
4441 	1
4442 	1
4443 	1
4446 	1
4447 	1
4448 	1
4451 	1
4452 	1
4455 	1
4457 	1
4461 	1
4463 	1
4464 	1
4465 	1
4468 	1
4470 	1
4473 	1
4474 	1
4475 	1
4476 	1
4478 	1
4482 	1
4483 	1
4484 	1
4489 	1
4492 	1
4493 	1
4494 	1
4496 	1
4497 	1
4499 	1
4501 	1
4504 	1
4505 	1
4508 	1
4510 	1
4515 	1
4520 	1
4521 	1
4522 	1
4523 	1
4525 	1
4526 	1
4527 	1
4531 	1
4532 	1
4535 	1
4539 	1
4541 	1
4542 	1
4543 	1
4545 	1
4549 	1
4552 	1
4555 	1
4558 	1
4560 	1
4565 	1
4569 	1
4570 	1
4575 	1
4578 	1
4585 	1
4586 	1
4587 	1
4589 	1
4590 	1
4592 	1
4595 	1
4599 	1
4601 	1
4604 	1
4606 	1
4607 	1
4609 	1
4610 	1
4611 	1
4612 	1
4613 	1
4614 	1
4615 	1
4619 	1
4621 	1
4622 	1
4628 	1
4629 	1
4631 	1
4635 	1
4636 	1
4637 	1
4639 	1
4640 	1
4641 	1
4643 	1
4645 	1
4646 	1
4648 	1
4649 	1
4651 	1
4652 	1
4653 	1
4655 	1
4657 	1
4659 	1
4662 	1
4663 	1
4664 	1
4667 	1
4668 	1
4669 	1
4670 	1
4671 	1
4672 	1
4673 	1
4679 	1
4680 	1
4684 	1
4685 	1
4686 	1
4689 	1
4690 	1
4699 	1
4701 	1
4702 	1
4704 	1
4707 	1
4714 	1
4715 	1
4717 	1
4719 	1
4720 	1
4721 	1
4722 	1
4723 	1
4724 	1
4726 	1
4728 	1
4729 	1
4734 	1
4735 	1
4736 	1
4740 	1
4742 	1
4746 	1
4747 	1
4748 	1
4750 	1
4752 	1
4753 	1
4754 	1
4756 	1
4757 	1
4758 	1
4760 	1
4762 	1
4765 	1
4768 	1
4772 	1
4777 	1
4778 	1
4780 	1
4782 	1
4784 	1
4794 	1
4797 	1
4806 	1
4807 	1
4810 	1
4811 	1
4814 	1
4815 	1
4821 	1
4824 	1
4825 	1
4827 	1
4828 	1
4831 	1
4835 	1
4836 	1
4842 	1
4843 	1
4844 	1
4845 	1
4847 	1
4848 	1
4849 	1
4851 	1
4852 	1
4854 	1
4858 	1
4860 	1
4861 	1
4862 	1
4863 	1
4865 	1
4866 	1
4867 	1
4871 	1
4875 	1
4878 	1
4883 	1
4884 	1
4888 	1
4891 	1
4892 	1
4893 	1
4896 	1
4897 	1
4900 	1
4902 	1
4906 	1
4910 	1
4913 	1
4914 	1
4915 	1
4918 	1
4919 	1
4921 	1
4922 	1
4923 	1
4925 	1
4926 	1
4929 	1
4936 	1
4941 	1
4943 	1
4944 	1
4946 	1
4951 	1
4954 	1
4957 	1
4962 	1
4968 	1
4969 	1
4971 	1
4973 	1
4978 	1
4979 	1
4982 	1
4985 	1
4986 	1
4987 	1
4988 	1
4989 	1
4990 	1
4991 	1
4993 	1
4995 	1
4997 	1
5000 	1
5001 	1
5002 	1
5004 	1
5006 	1
5007 	1
5009 	1
5011 	1
5012 	1
5015 	1
5017 	1
5022 	1
5023 	1
5025 	1
5028 	1
5029 	1
5030 	1
5033 	1
5034 	1
5035 	1
5039 	1
5042 	1
5046 	1
5049 	1
5052 	1
5054 	1
5059 	1
5062 	1
5065 	1
5066 	1
5067 	1
5068 	1
5069 	1
5073 	1
5076 	1
5077 	1
5079 	1
5080 	1
5081 	1
5084 	1
5085 	1
5089 	1
5091 	1
5092 	1
5095 	1
5098 	1
5100 	1
5101 	1
5102 	1
5108 	1
5117 	1
5118 	1
5121 	1
5124 	1
5125 	1
5128 	1
5129 	1
5130 	1
5135 	1
5137 	1
5138 	1
5142 	1
5143 	1
5148 	1
5149 	1
5150 	1
5151 	1
5152 	1
5153 	1
5154 	1
5161 	1
5165 	1
5166 	1
5168 	1
5170 	1
5173 	1
5175 	1
5176 	1
5177 	1
5179 	1
5180 	1
5182 	1
5183 	1
5185 	1
5187 	1
5196 	1
5197 	1
5199 	1
5201 	1
5203 	1
5204 	1
5206 	1
5209 	1
5210 	1
5213 	1
5215 	1
5217 	1
5220 	1
5222 	1
5223 	1
5232 	1
5234 	1
5235 	1
5238 	1
5240 	1
5241 	1
5243 	1
5245 	1
5247 	1
5248 	1
5249 	1
5250 	1
5251 	1
5252 	1
5254 	1
5255 	1
5256 	1
5258 	1
5266 	1
5267 	1
5268 	1
5272 	1
5278 	1
5282 	1
5284 	1
5286 	1
5289 	1
5290 	1
5294 	1
5296 	1
5300 	1
5304 	1
5308 	1
5310 	1
5311 	1
5316 	1
5318 	1
5321 	1
5325 	1
5326 	1
5328 	1
5329 	1
5331 	1
5332 	1
5333 	1
5335 	1
5336 	1
5340 	1
5341 	1
5346 	1
5350 	1
5352 	1
5360 	1
5361 	1
5362 	1
5363 	1
5366 	1
5367 	1
5369 	1
5370 	1
5371 	1
5374 	1
5378 	1
5379 	1
5380 	1
5381 	1
5382 	1
5385 	1
5388 	1
5391 	1
5392 	1
5394 	1
5397 	1
5398 	1
5401 	1
5408 	1
5412 	1
5414 	1
5418 	1
5420 	1
5421 	1
5422 	1
5425 	1
5426 	1
5429 	1
5431 	1
5433 	1
5434 	1
5437 	1
5447 	1
5448 	1
5449 	1
5452 	1
5454 	1
5455 	1
5459 	1
5462 	1
5466 	1
5469 	1
5471 	1
5472 	1
5473 	1
5476 	1
5477 	1
5478 	1
5484 	1
5485 	1
5487 	1
5490 	1
5495 	1
5497 	1
5500 	1
5502 	1
5504 	1
5507 	1
5508 	1
5509 	1
5510 	1
5512 	1
5513 	1
5514 	1
5515 	1
5517 	1
5520 	1
5524 	1
5526 	1
5533 	1
5537 	1
5540 	1
5542 	1
5546 	1
5547 	1
5548 	1
5553 	1
5554 	1
5556 	1
5559 	1
5561 	1
5564 	1
5565 	1
5567 	1
5569 	1
5572 	1
5573 	1
5580 	1
5587 	1
5588 	1
5594 	1
5595 	1
5596 	1
5597 	1
5600 	1
5605 	1
5606 	1
5608 	1
5609 	1
5610 	1
5613 	1
5623 	1
5624 	1
5627 	1
5629 	1
5630 	1
5633 	1
5634 	1
5637 	1
5644 	1
5647 	1
5648 	1
5650 	1
5651 	1
5656 	1
5657 	1
5660 	1
5661 	1
5662 	1
5664 	1
5665 	1
5666 	1
5667 	1
5668 	1
5671 	1
5672 	1
5675 	1
5678 	1
5680 	1
5683 	1
5686 	1
5687 	1
5692 	1
5695 	1
5697 	1
5703 	1
5705 	1
5707 	1
5711 	1
5714 	1
5715 	1
5721 	1
5722 	1
5723 	1
5725 	1
5726 	1
5727 	1
5729 	1
5732 	1
5736 	1
5737 	1
5739 	1
5740 	1
5746 	1
5749 	1
5750 	1
5756 	1
5758 	1
5759 	1
5760 	1
5762 	1
5763 	1
5766 	1
5768 	1
5770 	1
5773 	1
5776 	1
5777 	1
5781 	1
5783 	1
5784 	1
5785 	1
5786 	1
5787 	1
5789 	1
5790 	1
5793 	1
5794 	1
5796 	1
5799 	1
5801 	1
5802 	1
5803 	1
5809 	1
5810 	1
5812 	1
5815 	1
5816 	1
5817 	1
5821 	1
5822 	1
5823 	1
5824 	1
5825 	1
5829 	1
5832 	1
5837 	1
5838 	1
5845 	1
5846 	1
5847 	1
5849 	1
5851 	1
5856 	1
5859 	1
5861 	1
5862 	1
5863 	1
5864 	1
5866 	1
5867 	1
5868 	1
5871 	1
5873 	1
5877 	1
5878 	1
5879 	1
5880 	1
5881 	1
5887 	1
5888 	1
5890 	1
5893 	1
5895 	1
5896 	1
5898 	1
5899 	1
5906 	1
5911 	1
5916 	1
5918 	1
5919 	1
5923 	1
5927 	1
5932 	1
5933 	1
5936 	1
5937 	1
5944 	1
5946 	1
5949 	1
5952 	1
5953 	1
5954 	1
5956 	1
5957 	1
5960 	1
5962 	1
5966 	1
5967 	1
5970 	1
5973 	1
5974 	1
5979 	1
5982 	1
5983 	1
5990 	1
5994 	1
5995 	1
5996 	1
5997 	1
5999 	1
6001 	1
6002 	1
6003 	1
6004 	1
6005 	1
6006 	1
6008 	1
6010 	1
6014 	1
6015 	1
6023 	1
6024 	1
6028 	1
6030 	1
6031 	1
6039 	1
6043 	1
6045 	1
6047 	1
6051 	1
6052 	1
6055 	1
6059 	1
6060 	1
6062 	1
6065 	1
6066 	1
6067 	1
6069 	1
6071 	1
6078 	1
6084 	1
6087 	1
6088 	1
6090 	1
6095 	1
6096 	1
6098 	1
6100 	1
6101 	1
6103 	1
6105 	1
6109 	1
6112 	1
6113 	1
6115 	1
6116 	1
6117 	1
6120 	1
6121 	1
6122 	1
6123 	1
6125 	1
6126 	1
6127 	1
6129 	1
6130 	1
6131 	1
6133 	1
6134 	1
6135 	1
6143 	1
6144 	1
6146 	1
6147 	1
6149 	1
6150 	1
6152 	1
6155 	1
6157 	1
6161 	1
6164 	1
6166 	1
6168 	1
6169 	1
6170 	1
6176 	1
6177 	1
6178 	1
6182 	1
6186 	1
6187 	1
6189 	1
6192 	1
6194 	1
6196 	1
6201 	1
6202 	1
6203 	1
6204 	1
6205 	1
6206 	1
6211 	1
6212 	1
6217 	1
6225 	1
6227 	1
6228 	1
6241 	1
6244 	1
6245 	1
6247 	1
6248 	1
6253 	1
6255 	1
6259 	1
6268 	1
6276 	1
6282 	1
6284 	1
6286 	1
6289 	1
6291 	0.439962476548
6293 	1
6295 	1
6296 	1
6297 	1
6298 	1
6300 	1
6301 	1
6302 	1
6307 	1
6308 	1
6310 	1
6312 	1
6313 	1
6318 	1
6319 	1
6320 	1
6322 	1
6323 	1
6325 	1
6326 	1
6329 	1
6338 	1
6340 	1
6343 	1
6344 	1
6346 	1
6347 	1
6351 	1
6352 	1
6354 	1
6356 	1
6357 	1
6358 	1
6359 	1
6360 	1
6361 	1
6362 	1
6365 	1
6369 	1
6371 	1
6372 	1
6375 	1
6377 	1
6386 	1
6387 	1
6390 	1
6395 	1
6402 	1
6406 	1
6412 	1
6414 	1
6415 	1
6417 	1
6424 	1
6428 	1
6432 	1
6434 	1
6437 	1
6438 	1
6439 	1
6440 	1
6445 	1
6447 	1
6449 	1
6452 	1
6454 	1
6455 	1
6456 	1
6459 	1
6461 	1
6464 	1
6465 	1
6466 	1
6468 	1
6473 	1
6474 	1
6475 	1
6477 	1
6479 	1
6480 	1
6481 	1
6483 	1
6486 	1
6487 	1
6488 	1
6493 	1
6494 	1
6495 	1
6497 	1
6500 	1
6501 	1
6504 	1
6508 	1
6517 	1
6519 	1
6521 	1
6526 	1
6529 	1
6532 	1
6533 	1
6535 	1
6537 	1
6538 	1
6543 	1
6546 	1
6547 	1
6548 	1
6549 	1
6550 	1
6553 	1
6554 	1
6555 	1
6559 	1
6562 	1
6563 	1
6564 	1
6566 	1
6570 	1
6571 	1
6572 	1
6574 	1
6578 	1
6579 	1
6580 	1
6581 	1
6583 	1
6585 	1
6586 	1
6591 	1
6592 	1
6596 	1
6597 	1
6599 	1
6602 	1
6605 	1
6607 	1
6609 	1
6611 	1
6615 	1
6620 	1
6621 	1
6625 	1
6628 	1
6629 	1
6632 	1
6634 	1
6636 	1
6639 	1
6643 	1
6645 	1
6646 	1
6648 	1
6651 	1
6654 	1
6655 	1
6656 	1
6658 	1
6662 	1
6664 	1
6669 	1
6675 	1
6676 	1
6677 	1
6681 	1
6682 	1
6684 	1
6685 	1
6689 	1
6690 	1
6692 	1
6697 	1
6698 	1
6703 	1
6706 	1
6710 	1
6711 	1
6713 	1
6714 	1
6718 	1
6725 	1
6726 	1
6728 	1
6732 	1
6734 	1
6738 	1
6740 	1
6741 	1
6744 	1
6746 	1
6747 	1
6750 	1
6751 	1
6756 	1
6757 	1
6760 	1
6761 	1
6764 	1
6765 	1
6767 	1
6768 	1
6771 	1
6777 	1
6778 	1
6779 	1
6780 	1
6782 	1
6783 	1
6784 	1
6785 	1
6788 	1
6790 	1
6792 	1
6793 	1
6794 	1
6796 	1
6806 	1
6808 	1
6809 	1
6812 	1
6818 	1
6823 	1
6825 	1
6826 	1
6829 	1
6830 	1
6831 	1
6834 	1
6836 	1
6841 	1
6845 	1
6848 	1
6849 	1
6851 	1
6854 	1
6855 	1
6857 	1
6858 	1
6863 	1
6864 	1
6867 	1
6871 	1
6872 	1
6873 	1
6877 	1
6879 	1
6882 	1
6883 	1
6885 	1
6889 	1
6890 	1
6893 	1
6894 	1
6896 	1
6898 	1
6899 	1
6901 	1
6904 	1
6905 	1
6907 	1
6908 	1
6911 	1
6913 	1
6915 	1
6918 	1
6922 	1
6925 	1
6928 	1
6931 	1
6933 	1
6934 	1
6939 	1
6941 	1
6942 	1
6943 	1
6944 	1
6945 	1
6946 	1
6947 	1
6948 	1
6949 	1
6951 	1
6956 	1
6957 	1
6960 	1
6961 	1
6968 	1
6970 	1
6971 	1
6973 	1
6976 	1
6980 	1
6981 	1
6985 	1
6988 	1
6990 	1
6992 	1
6994 	1
6996 	1
6999 	1
7000 	1
7001 	1
7003 	1
7004 	1
7006 	1
7010 	1
7011 	1
7012 	1
7020 	1
7023 	1
7024 	1
7027 	1
7029 	1
7030 	1
7032 	1
7037 	1
7039 	1
7040 	1
7042 	1
7045 	1
7046 	1
7047 	1
7051 	1
7053 	1
7054 	1
7055 	1
7056 	1
7060 	1
7062 	1
7063 	1
7064 	1
7065 	1
7067 	1
7070 	1
7071 	1
7073 	1
7074 	1
7076 	1
7081 	1
7086 	1
7087 	1
7088 	1
7092 	1
7094 	1
7099 	1
7103 	1
7104 	1
7105 	1
7106 	1
7109 	1
7110 	1
7113 	1
7115 	1
7116 	1
7119 	1
7120 	1
7123 	1
7126 	1
7130 	1
7131 	1
7132 	1
7133 	1
7137 	1
7139 	1
7140 	1
7141 	1
7143 	1
7144 	1
7146 	1
7147 	1
7148 	1
7150 	1
7151 	1
7152 	1
7153 	1
7155 	1
7156 	1
7157 	1
7160 	1
7165 	1
7166 	1
7170 	1
7181 	1
7182 	1
7183 	1
7184 	1
7188 	1
7192 	1
7195 	1
7196 	1
7199 	1
7203 	1
7204 	1
7206 	1
7210 	1
7211 	1
7212 	1
7216 	1
7220 	1
7226 	1
7227 	1
7228 	1
7231 	1
7233 	1
7234 	1
7235 	1
7239 	1
7246 	1
7247 	1
7248 	1
7249 	1
7251 	1
7259 	1
7260 	1
7263 	1
7265 	1
7267 	1
7268 	1
7272 	1
7274 	1
7275 	1
7277 	1
7283 	1
7284 	1
7286 	1
7287 	1
7288 	1
7290 	1
7291 	1
7292 	1
7293 	1
7294 	1
7295 	1
7296 	1
7299 	1
7302 	1
7306 	1
7308 	1
7309 	1
7310 	1
7312 	1
7314 	1
7315 	1
7319 	1
7322 	1
7325 	1
7327 	1
7328 	1
7329 	1
7330 	1
7332 	1
7334 	1
7336 	1
7337 	1
7339 	1
7344 	1
7346 	1
7347 	1
7348 	1
7352 	1
7353 	1
7355 	1
7358 	1
7361 	1
7362 	1
7367 	1
7372 	1
7373 	1
7375 	1
7376 	1
7377 	1
7379 	1
7380 	1
7384 	1
7385 	1
7386 	1
7387 	1
7389 	1
7392 	1
7393 	1
7394 	1
7396 	1
7397 	1
7398 	1
7402 	1
7403 	1
7406 	1
7408 	1
7411 	1
7414 	1
7415 	1
7417 	1
7418 	1
7419 	1
7422 	1
7424 	1
7428 	1
7430 	1
7431 	1
7434 	1
7436 	1
7437 	1
7443 	1
7444 	1
7445 	1
7446 	1
7449 	1
7450 	1
7453 	1
7455 	1
7458 	1
7461 	1
7466 	1
7467 	1
7468 	1
7469 	1
7470 	1
7471 	1
7474 	1
7476 	1
7482 	1
7486 	1
7487 	1
7489 	1
7490 	1
7496 	1
7498 	1
7499 	1
7501 	1
7502 	1
7503 	1
7505 	1
7506 	1
7508 	1
7509 	1
7512 	1
7513 	1
7517 	1
7519 	1
7524 	1
7526 	1
7528 	1
7529 	1
7530 	1
7533 	1
7536 	1
7537 	1
7539 	1
7541 	1
7542 	1
7549 	1
7551 	1
7552 	1
7554 	1
7555 	1
7557 	1
7562 	1
7563 	1
7564 	1
7566 	1
7567 	1
7570 	1
7571 	1
7575 	1
7578 	1
7580 	1
7582 	1
7585 	1
7586 	1
7589 	1
7592 	1
7595 	1
7596 	1
7597 	1
7603 	1
7608 	1
7609 	1
7611 	1
7612 	1
7613 	1
7616 	1
7625 	1
7629 	1
7631 	1
7634 	1
7641 	1
7643 	1
7644 	1
7646 	1
7647 	1
7649 	1
7651 	1
7653 	1
7657 	1
7663 	1
7664 	1
7666 	1
7667 	1
7668 	1
7669 	1
7671 	1
7673 	1
7674 	1
7677 	1
7679 	1
7680 	1
7681 	1
7682 	1
7685 	1
7688 	1
7692 	1
7693 	1
7694 	1
7696 	1
7698 	1
7700 	1
7706 	1
7707 	1
7709 	1
7712 	1
7714 	1
7718 	1
7720 	1
7721 	1
7723 	1
7725 	1
7736 	1
7741 	1
7742 	1
7745 	1
7746 	1
7753 	1
7757 	1
7761 	1
7764 	1
7767 	1
7769 	1
7771 	1
7774 	1
7776 	1
7783 	1
7784 	1
7787 	1
7790 	1
7791 	1
7792 	1
7793 	1
7794 	1
7795 	1
7807 	1
7813 	1
7814 	1
7815 	1
7816 	1
7818 	1
7821 	1
7822 	1
7824 	1
7826 	1
7827 	1
7830 	1
7832 	1
7833 	1
7834 	1
7835 	1
7837 	1
7841 	1
7844 	1
7845 	1
7848 	1
7852 	1
7855 	1
7857 	1
7858 	1
7859 	1
7860 	1
7862 	1
7864 	1
7866 	1
7871 	1
7872 	1
7879 	1
7880 	1
7882 	1
7884 	1
7885 	1
7887 	1
7890 	1
7892 	1
7893 	1
7895 	1
7900 	1
7903 	1
7905 	1
7907 	1
7908 	1
7910 	1
7912 	1
7913 	1
7914 	1
7915 	1
7917 	1
7921 	1
7926 	1
7927 	1
7933 	1
7935 	1
7937 	1
7939 	1
7946 	1
7949 	1
7953 	1
7954 	1
7956 	1
7958 	1
7959 	1
7961 	1
7963 	1
7965 	1
7966 	1
7969 	1
7971 	1
7973 	1
7974 	1
7975 	1
7976 	1
7977 	1
7983 	1
7990 	1
7992 	1
7994 	1
7998 	1
8000 	1
8002 	1
8006 	1
8007 	1
8008 	1
8009 	1
8011 	1
8014 	1
8018 	1
8019 	1
8024 	1
8034 	1
8035 	1
8037 	1
8039 	1
8043 	1
8045 	1
8047 	1
8049 	1
8052 	1
8053 	1
8055 	1
8056 	1
8058 	1
8059 	1
8060 	1
8062 	1
8064 	1
8073 	1
8075 	1
8076 	1
8081 	1
8085 	1
8089 	1
8091 	1
8094 	1
8098 	1
8101 	1
8102 	1
8103 	1
8104 	1
8105 	1
8109 	1
8116 	1
8117 	1
8118 	1
8121 	1
8122 	1
8123 	1
8124 	1
8126 	1
8130 	1
8134 	1
8138 	1
8140 	1
8141 	1
8145 	1
8146 	1
8147 	1
8154 	1
8158 	1
8161 	1
8164 	1
8167 	1
8172 	1
8174 	1
8175 	1
8177 	1
8179 	1
8180 	1
8181 	1
8182 	1
8187 	1
8190 	1
8193 	1
8195 	1
8196 	1
8198 	1
8201 	1
8203 	1
8204 	1
8205 	1
8207 	1
8210 	1
8213 	1
8215 	1
8216 	1
8220 	1
8223 	1
8224 	1
8226 	1
8230 	1
8233 	1
8238 	1
8242 	1
8243 	1
8245 	1
8250 	1
8251 	1
8252 	1
8253 	1
8258 	1
8264 	1
8265 	1
8266 	1
8271 	1
8273 	1
8274 	1
8275 	1
8276 	1
8278 	1
8279 	1
8281 	1
8283 	1
8284 	1
8287 	1
8288 	1
8289 	1
8290 	1
8291 	1
8296 	1
8305 	1
8306 	1
8307 	1
8310 	1
8312 	1
8314 	1
8315 	1
8316 	1
8317 	1
8320 	1
8325 	1
8327 	1
8328 	1
8329 	1
8330 	1
8334 	1
8336 	1
8340 	1
8342 	1
8344 	1
8348 	1
8349 	1
8350 	1
8351 	1
8354 	1
8358 	1
8361 	1
8365 	1
8370 	1
8371 	1
8373 	1
8375 	1
8379 	1
8380 	1
8381 	1
8383 	1
8385 	1
8386 	1
8389 	1
8391 	1
8392 	1
8394 	1
8395 	1
8396 	1
8400 	1
8406 	1
8409 	1
8410 	1
8412 	1
8413 	1
8414 	1
8415 	1
8416 	1
8418 	1
8419 	1
8424 	1
8425 	1
8427 	1
8428 	1
8429 	1
8431 	1
8434 	1
8435 	1
8436 	1
8437 	1
8440 	1
8441 	1
8443 	1
8445 	1
8446 	1
8449 	1
8451 	1
8452 	1
8455 	1
8456 	1
8457 	1
8460 	1
8462 	1
8463 	1
8464 	1
8466 	1
8467 	1
8469 	1
8472 	1
8473 	1
8474 	1
8476 	1
8477 	1
8478 	1
8483 	1
8484 	1
8490 	1
8492 	1
8493 	1
8495 	1
8498 	1
8499 	1
8501 	1
8502 	1
8507 	1
8511 	1
8514 	1
8516 	1
8517 	1
8518 	1
8519 	1
8522 	1
8523 	1
8524 	1
8526 	1
8528 	1
8529 	1
8530 	1
8533 	1
8536 	1
8538 	1
8539 	1
8540 	1
8542 	1
8544 	1
8545 	1
8546 	1
8549 	1
8551 	1
8555 	1
8563 	1
8564 	1
8565 	1
8566 	1
8570 	1
8572 	1
8573 	1
8576 	1
8578 	1
8582 	1
8583 	1
8584 	1
8587 	1
8590 	1
8592 	1
8597 	1
8598 	1
8601 	1
8604 	1
8605 	1
8607 	1
8610 	1
8612 	1
8616 	1
8618 	1
8619 	1
8623 	1
8624 	1
8627 	1
8630 	1
8634 	1
8635 	1
8638 	1
8640 	1
8641 	1
8643 	1
8647 	1
8651 	1
8654 	1
8655 	1
8660 	1
8661 	1
8663 	1
8664 	1
8667 	1
8670 	1
8672 	1
8674 	1
8678 	1
8680 	1
8683 	1
8689 	1
8690 	1
8691 	1
8694 	1
8695 	1
8696 	1
8698 	1
8699 	1
8700 	1
8702 	1
8704 	1
8709 	1
8711 	1
8712 	1
8713 	1
8714 	1
8715 	1
8716 	1
8717 	1
8719 	1
8721 	1
8722 	1
8723 	1
8725 	1
8728 	1
8731 	1
8735 	1
8736 	1
8738 	1
8739 	1
8745 	1
8748 	1
8749 	1
8751 	1
8754 	1
8755 	1
8756 	1
8757 	1
8758 	1
8762 	1
8765 	1
8767 	1
8770 	1
8771 	1
8772 	1
8773 	1
8775 	1
8778 	1
8780 	1
8785 	1
8787 	1
8788 	1
8794 	1
8796 	1
8797 	1
8798 	1
8800 	1
8803 	1
8804 	1
8805 	1
8806 	1
8807 	1
8809 	1
8811 	1
8814 	1
8815 	1
8816 	1
8818 	1
8819 	1
8823 	1
8825 	1
8827 	1
8828 	1
8832 	1
8834 	1
8835 	1
8836 	1
8837 	1
8841 	1
8842 	1
8843 	1
8844 	1
8845 	1
8848 	1
8849 	1
8851 	1
8853 	1
8854 	1
8855 	1
8858 	1
8862 	1
8863 	1
8864 	1
8867 	1
8868 	1
8872 	1
8873 	1
8879 	1
8880 	1
8881 	1
8882 	1
8884 	1
8887 	1
8889 	1
8890 	1
8892 	1
8908 	1
8909 	1
8910 	1
8911 	1
8912 	1
8913 	1
8914 	1
8915 	1
8916 	1
8917 	1
8923 	1
8926 	1
8928 	1
8930 	1
8931 	1
8932 	1
8934 	1
8935 	1
8938 	1
8939 	1
8942 	1
8948 	1
8956 	1
8958 	1
8960 	1
8961 	1
8963 	1
8965 	1
8968 	1
8970 	1
8973 	1
8976 	1
8977 	1
8979 	1
8980 	1
8986 	1
8988 	1
8989 	1
8990 	1
8992 	1
8993 	1
8995 	1
8996 	1
8998 	1
8999 	1
9001 	1
9003 	1
9004 	1
9005 	1
9006 	1
9008 	1
9009 	1
9010 	1
9013 	1
9016 	1
9017 	1
9020 	1
9021 	1
9023 	1
9027 	1
9031 	1
9035 	1
9038 	1
9039 	1
9042 	1
9047 	1
9049 	1
9050 	1
9053 	1
9055 	1
9056 	1
9059 	1
9062 	1
9066 	1
9070 	1
9071 	1
9072 	1
9073 	1
9075 	1
9076 	1
9077 	1
9078 	1
9080 	1
9081 	1
9082 	1
9084 	1
9086 	1
9092 	1
9095 	1
9099 	1
9101 	1
9102 	1
9111 	1
9115 	1
9116 	1
9117 	1
9121 	1
9122 	1
9133 	1
9135 	1
9136 	1
9139 	1
9142 	1
9145 	1
9146 	1
9150 	1
9151 	1
9155 	1
9156 	1
9158 	1
9159 	1
9160 	1
9168 	1
9169 	1
9170 	1
9173 	1
9174 	1
9177 	1
9178 	1
9179 	1
9181 	1
9182 	1
9183 	1
9184 	1
9185 	1
9186 	1
9187 	1
9188 	1
9189 	1
9190 	1
9191 	1
9192 	1
9193 	1
9195 	1
9198 	1
9201 	1
9202 	1
9207 	1
9208 	1
9209 	1
9210 	1
9212 	1
9213 	1
9216 	1
9217 	1
9219 	1
9224 	1
9225 	1
9227 	1
9231 	1
9233 	1
9234 	1
9235 	1
9241 	1
9245 	1
9246 	1
9249 	1
9251 	1
9252 	1
9253 	1
9254 	1
9255 	1
9256 	1
9257 	1
9258 	1
9261 	1
9264 	1
9269 	1
9273 	1
9275 	1
9277 	1
9281 	1
9283 	1
9284 	1
9291 	1
9293 	1
9297 	1
9299 	1
9300 	1
9301 	1
9302 	1
9303 	1
9305 	1
9306 	1
9308 	1
9313 	1
9317 	1
9319 	1
9320 	1
9322 	1
9324 	1
9325 	1
9327 	1
9328 	1
9330 	1
9335 	1
9341 	1
9346 	1
9347 	1
9348 	1
9349 	1
9350 	1
9352 	1
9353 	1
9354 	1
9356 	1
9357 	1
9362 	1
9365 	1
9366 	1
9368 	1
9370 	1
9372 	1
9373 	1
9378 	1
9380 	1
9382 	1
9384 	1
9386 	1
9387 	1
9390 	1
9393 	1
9397 	1
9401 	1
9403 	1
9405 	1
9407 	1
9415 	1
9417 	1
9420 	1
9422 	1
9423 	1
9425 	1
9429 	1
9431 	1
9433 	1
9436 	1
9439 	1
9442 	1
9445 	1
9446 	1
9447 	1
9448 	1
9450 	1
9454 	1
9455 	1
9463 	1
9465 	1
9467 	1
9469 	1
9470 	1
9471 	1
9473 	1
9475 	1
9478 	1
9479 	1
9480 	1
9483 	1
9484 	1
9486 	1
9487 	1
9494 	1
9496 	1
9502 	1
9503 	1
9504 	1
9509 	1
9511 	1
9513 	1
9514 	1
9515 	1
9516 	1
9518 	1
9522 	1
9523 	1
9524 	1
9525 	1
9526 	1
9528 	1
9529 	1
9530 	1
9531 	1
9534 	1
9540 	1
9541 	1
9545 	1
9546 	1
9548 	1
9549 	1
9552 	1
9555 	1
9556 	1
9557 	1
9564 	1
9566 	1
9568 	1
9569 	1
9572 	1
9574 	1
9578 	1
9581 	1
9582 	1
9584 	1
9587 	1
9589 	1
9591 	1
9592 	1
9594 	1
9596 	1
9597 	1
9604 	1
9605 	1
9606 	1
9607 	1
9608 	1
9609 	1
9610 	1
9611 	1
9613 	1
9614 	1
9615 	1
9618 	1
9621 	1
9623 	1
9624 	1
9629 	1
9636 	1
9638 	1
9642 	1
9643 	1
9645 	1
9646 	1
9648 	1
9649 	1
9652 	1
9653 	1
9663 	1
9664 	1
9665 	1
9666 	1
9667 	1
9669 	1
9671 	1
9672 	1
9673 	1
9675 	1
9676 	1
9678 	1
9682 	1
9683 	1
9685 	1
9687 	1
9688 	1
9689 	1
9691 	1
9692 	1
9693 	1
9694 	1
9696 	1
9697 	1
9698 	1
9702 	1
9703 	1
9704 	1
9706 	1
9707 	1
9708 	1
9709 	1
9711 	1
9716 	1
9717 	1
9718 	1
9719 	1
9720 	1
9721 	1
9722 	1
9723 	1
9724 	1
9726 	1
9734 	1
9738 	1
9739 	1
9741 	1
9743 	1
9747 	1
9748 	1
9750 	1
9752 	1
9753 	1
9755 	1
9756 	1
9757 	1
9761 	1
9765 	1
9769 	1
9772 	1
9777 	1
9779 	1
9780 	1
9781 	1
9782 	1
9786 	1
9789 	1
9791 	1
9798 	1
9799 	1
9800 	1
9803 	1
9804 	1
9806 	1
9808 	1
9809 	1
9812 	1
9813 	1
9816 	1
9817 	1
9819 	1
9821 	1
9827 	1
9828 	1
9829 	1
9831 	1
9832 	1
9833 	1
9838 	1
9842 	1
9843 	1
9845 	1
9846 	1
9848 	1
9851 	1
9856 	1
9858 	1
9862 	1
9866 	1
9869 	1
9871 	1
9873 	1
9874 	1
9876 	1
9878 	1
9879 	1
9882 	1
9883 	1
9884 	1
9885 	1
9886 	1
9887 	1
9888 	1
9889 	1
9890 	1
9891 	1
9893 	1
9894 	1
9898 	1
9902 	1
9905 	1
9907 	1
9909 	1
9914 	1
9916 	1
9917 	1
9918 	1
9920 	1
9921 	1
9922 	1
9923 	1
9924 	1
9927 	1
9930 	1
9931 	1
9932 	1
9935 	1
9936 	1
9945 	1
9947 	1
9948 	1
9950 	1
9952 	1
9954 	1
9956 	1
9960 	1
9966 	1
9967 	1
9969 	1
9971 	1
9973 	1
9974 	1
9975 	1
9976 	1
9977 	1
9978 	1
9982 	1
9984 	1
9985 	1
9986 	1
9987 	1
9988 	1
9991 	1
9994 	1
9995 	1
9997 	1
