Number of items 	Total Weight 	Total Profit 
2170 	628881.75 	145886.813904 


Total time: 0.0204386711121 s
Average time: 0.00511038303375 s
Last call: 2.86102294922e-06 s
Stamp 1 of the total: 0h 0m 0s 20ms 20438\u00B5s
Stamp 2 of the total: 00:00:00.0020
Pattern that ignores zeros:
20ms 20438\u00B5s
0020

Item    Fraction

3 	1
7 	1
8 	1
9 	1
10 	1
13 	1
17 	1
18 	1
19 	1
21 	1
22 	1
23 	1
24 	1
25 	1
26 	1
27 	1
29 	1
32 	1
34 	1
36 	1
38 	1
40 	1
41 	1
42 	1
44 	1
45 	1
47 	1
49 	1
50 	1
52 	1
55 	1
56 	1
57 	1
62 	1
66 	1
68 	1
69 	1
72 	1
74 	1
75 	1
78 	1
79 	1
81 	1
82 	1
84 	1
88 	1
90 	1
92 	1
94 	1
95 	1
98 	1
100 	1
102 	1
104 	1
105 	1
106 	1
109 	1
110 	1
115 	1
118 	1
119 	1
120 	1
126 	1
128 	1
132 	1
139 	1
140 	1
142 	1
143 	1
146 	1
149 	1
152 	1
154 	1
155 	1
160 	1
161 	1
162 	1
163 	1
164 	1
168 	1
170 	1
173 	1
175 	1
178 	1
179 	1
181 	1
184 	1
185 	1
186 	1
187 	1
192 	1
194 	1
198 	1
201 	1
202 	1
203 	1
205 	1
209 	1
211 	1
212 	1
215 	1
217 	1
218 	1
220 	1
223 	1
226 	1
227 	1
229 	1
232 	1
235 	1
236 	1
238 	1
240 	1
244 	1
249 	1
250 	1
251 	1
252 	1
255 	1
257 	1
259 	1
267 	1
269 	1
274 	1
275 	1
277 	1
278 	1
280 	1
282 	1
283 	1
285 	1
287 	1
288 	1
291 	1
292 	1
296 	1
297 	1
299 	1
300 	1
303 	1
305 	1
306 	1
307 	1
309 	1
310 	1
314 	1
315 	1
317 	1
318 	1
319 	1
320 	1
322 	1
324 	1
325 	1
326 	1
331 	1
335 	1
336 	1
338 	1
341 	1
342 	1
345 	1
347 	1
349 	1
351 	1
355 	1
356 	1
360 	1
364 	1
365 	1
367 	1
371 	1
374 	1
377 	1
379 	1
380 	1
389 	1
390 	1
395 	1
400 	1
401 	1
402 	1
404 	1
406 	1
407 	1
408 	1
409 	1
410 	1
411 	1
413 	1
415 	1
416 	1
417 	1
420 	1
421 	1
425 	1
426 	1
427 	1
429 	1
430 	1
431 	1
433 	1
438 	1
439 	1
441 	1
444 	1
445 	1
449 	1
451 	1
453 	1
455 	1
457 	1
458 	1
459 	1
461 	1
462 	1
466 	1
469 	1
471 	1
472 	1
473 	1
474 	1
475 	1
482 	1
487 	1
491 	1
492 	1
496 	1
497 	1
498 	1
501 	1
507 	1
508 	1
509 	1
514 	1
515 	1
516 	1
517 	1
518 	1
519 	1
525 	1
527 	1
528 	1
532 	1
533 	1
535 	1
536 	1
540 	1
541 	1
542 	1
545 	1
548 	1
550 	1
551 	1
554 	1
558 	1
562 	1
565 	1
566 	1
567 	1
569 	1
571 	1
573 	1
575 	1
578 	1
581 	1
588 	1
590 	1
592 	1
593 	1
595 	1
598 	1
601 	1
602 	1
608 	1
616 	1
617 	1
618 	1
619 	1
622 	1
624 	1
635 	1
641 	1
642 	1
643 	1
648 	1
650 	1
652 	1
656 	1
658 	1
659 	1
664 	1
666 	1
669 	1
670 	1
672 	1
673 	1
676 	1
678 	1
679 	1
680 	1
681 	1
685 	1
687 	1
688 	1
691 	1
696 	1
697 	1
699 	1
700 	1
702 	1
704 	1
705 	1
707 	1
709 	1
710 	1
712 	1
713 	1
716 	1
717 	1
719 	1
722 	1
724 	1
725 	1
726 	1
727 	1
731 	1
734 	1
735 	1
739 	1
742 	1
746 	1
747 	1
749 	1
753 	1
754 	1
757 	1
758 	1
760 	1
762 	1
768 	1
770 	1
771 	1
772 	1
774 	1
776 	1
777 	1
778 	1
783 	1
785 	1
786 	1
787 	1
788 	1
789 	1
791 	1
792 	1
793 	1
795 	1
797 	1
800 	1
801 	1
804 	1
806 	1
807 	1
809 	1
810 	1
813 	1
815 	1
816 	1
818 	1
819 	1
821 	1
824 	1
825 	1
829 	1
830 	1
831 	1
832 	1
833 	1
836 	1
837 	1
847 	1
848 	1
849 	1
850 	1
851 	1
852 	1
865 	1
872 	1
873 	1
874 	1
877 	1
878 	1
879 	1
881 	1
884 	1
885 	1
892 	1
897 	1
900 	1
901 	1
902 	1
904 	1
905 	1
906 	1
907 	1
908 	1
909 	1
911 	1
918 	1
919 	1
920 	1
921 	1
926 	1
928 	1
929 	1
933 	1
934 	1
937 	1
940 	1
942 	1
948 	1
950 	1
952 	1
958 	1
959 	1
960 	1
963 	1
964 	1
965 	1
967 	1
972 	1
973 	1
975 	1
976 	1
979 	1
981 	1
983 	1
990 	1
994 	1
995 	1
998 	1
1001 	1
1002 	1
1003 	1
1005 	1
1006 	1
1007 	1
1011 	1
1015 	1
1019 	1
1020 	1
1022 	1
1023 	1
1025 	1
1026 	1
1028 	1
1029 	1
1030 	1
1035 	1
1039 	1
1041 	1
1045 	1
1048 	1
1050 	1
1052 	1
1053 	1
1055 	1
1056 	1
1058 	1
1061 	1
1062 	1
1065 	1
1068 	1
1070 	1
1071 	1
1073 	1
1074 	1
1075 	1
1076 	1
1078 	1
1080 	1
1087 	1
1090 	1
1093 	1
1097 	1
1099 	1
1103 	1
1105 	1
1107 	1
1113 	1
1114 	1
1116 	1
1118 	1
1120 	1
1121 	1
1124 	1
1128 	1
1129 	1
1131 	1
1132 	1
1137 	1
1140 	1
1142 	1
1143 	1
1148 	1
1152 	1
1154 	1
1155 	1
1159 	1
1162 	1
1165 	1
1166 	1
1167 	1
1168 	1
1169 	1
1170 	1
1171 	1
1172 	1
1173 	1
1175 	1
1181 	1
1182 	1
1184 	1
1191 	1
1192 	1
1198 	1
1201 	1
1204 	1
1207 	1
1210 	1
1212 	1
1213 	1
1218 	1
1219 	1
1220 	1
1222 	1
1225 	1
1226 	1
1227 	1
1230 	1
1231 	1
1232 	1
1233 	1
1235 	1
1240 	1
1241 	1
1244 	1
1245 	1
1247 	1
1249 	1
1251 	1
1252 	1
1253 	1
1256 	1
1257 	1
1260 	1
1269 	1
1270 	1
1272 	1
1274 	1
1275 	1
1278 	1
1280 	1
1282 	1
1283 	1
1288 	1
1291 	1
1292 	1
1295 	1
1296 	1
1299 	1
1302 	1
1305 	1
1306 	1
1307 	1
1308 	1
1316 	1
1317 	1
1319 	1
1321 	1
1324 	1
1328 	1
1329 	1
1331 	1
1333 	1
1335 	1
1336 	1
1338 	1
1340 	1
1341 	1
1342 	1
1344 	1
1345 	1
1347 	1
1348 	1
1351 	1
1355 	1
1360 	1
1364 	1
1367 	1
1368 	1
1372 	1
1373 	1
1374 	1
1377 	1
1380 	1
1383 	1
1385 	1
1386 	1
1387 	1
1395 	1
1396 	1
1402 	1
1403 	1
1404 	1
1407 	1
1411 	1
1413 	1
1414 	1
1416 	1
1417 	1
1422 	1
1423 	1
1425 	1
1428 	1
1429 	1
1431 	1
1432 	1
1435 	1
1437 	1
1438 	1
1439 	1
1442 	1
1445 	1
1446 	1
1447 	1
1448 	1
1449 	1
1451 	1
1453 	1
1454 	1
1459 	1
1460 	1
1461 	1
1465 	1
1466 	1
1467 	1
1472 	1
1476 	1
1477 	1
1480 	1
1484 	1
1485 	1
1486 	1
1488 	1
1492 	1
1494 	1
1496 	1
1503 	1
1506 	1
1508 	1
1509 	1
1511 	1
1512 	1
1514 	1
1515 	1
1516 	1
1520 	1
1522 	1
1523 	1
1524 	1
1527 	1
1531 	1
1532 	1
1535 	1
1536 	1
1546 	1
1552 	1
1555 	1
1556 	1
1557 	1
1558 	1
1562 	1
1563 	1
1566 	1
1567 	1
1572 	1
1575 	1
1577 	1
1578 	1
1579 	1
1581 	1
1585 	1
1587 	1
1590 	1
1591 	1
1598 	1
1600 	1
1602 	1
1604 	1
1605 	1
1606 	1
1608 	1
1610 	1
1611 	1
1612 	1
1616 	1
1617 	1
1621 	1
1623 	1
1626 	1
1628 	1
1631 	1
1632 	1
1633 	1
1637 	1
1638 	1
1639 	1
1640 	1
1641 	1
1644 	1
1646 	1
1647 	1
1649 	1
1652 	1
1654 	1
1655 	1
1656 	1
1660 	1
1661 	1
1662 	1
1663 	1
1667 	1
1669 	1
1672 	1
1674 	1
1677 	1
1678 	1
1679 	1
1680 	1
1681 	1
1683 	1
1688 	1
1691 	1
1693 	1
1701 	1
1702 	1
1704 	1
1706 	1
1707 	1
1708 	1
1709 	1
1710 	1
1711 	1
1712 	1
1713 	1
1714 	1
1715 	1
1718 	1
1719 	1
1721 	1
1724 	1
1727 	1
1729 	1
1734 	1
1736 	1
1738 	1
1739 	1
1740 	1
1742 	1
1745 	1
1747 	1
1753 	1
1755 	1
1756 	1
1758 	1
1760 	1
1761 	1
1762 	1
1766 	1
1770 	1
1773 	1
1774 	1
1777 	1
1778 	1
1779 	1
1782 	1
1784 	1
1786 	1
1789 	1
1790 	1
1798 	1
1802 	1
1803 	1
1804 	1
1805 	1
1806 	1
1808 	1
1813 	1
1814 	1
1815 	1
1823 	1
1824 	1
1826 	1
1828 	1
1831 	1
1837 	1
1838 	1
1844 	1
1845 	1
1848 	1
1849 	1
1850 	1
1851 	1
1852 	1
1853 	1
1855 	1
1856 	1
1857 	1
1858 	1
1860 	1
1861 	1
1865 	1
1869 	1
1870 	1
1872 	1
1873 	1
1874 	1
1882 	1
1883 	1
1884 	1
1885 	1
1886 	1
1887 	1
1890 	1
1892 	1
1893 	1
1894 	1
1898 	1
1901 	1
1903 	1
1906 	1
1908 	1
1909 	1
1910 	1
1911 	1
1912 	1
1913 	1
1915 	1
1916 	1
1917 	1
1918 	1
1921 	1
1922 	1
1923 	1
1926 	1
1929 	1
1930 	1
1931 	1
1932 	1
1936 	1
1937 	1
1939 	1
1944 	1
1945 	1
1946 	1
1947 	1
1951 	1
1955 	1
1956 	1
1964 	1
1965 	1
1966 	1
1968 	1
1969 	1
1970 	1
1972 	1
1977 	1
1982 	1
1984 	1
1991 	1
1995 	1
1996 	1
1997 	1
2003 	1
2004 	1
2005 	1
2008 	1
2009 	1
2010 	1
2011 	1
2012 	1
2019 	1
2020 	1
2023 	1
2024 	1
2027 	1
2028 	1
2029 	1
2031 	1
2032 	1
2034 	1
2035 	1
2037 	1
2039 	1
2040 	1
2041 	1
2042 	1
2045 	1
2048 	1
2050 	1
2052 	1
2053 	1
2064 	1
2068 	1
2070 	1
2075 	1
2076 	1
2080 	1
2086 	1
2090 	1
2093 	1
2094 	1
2098 	1
2100 	1
2101 	1
2105 	1
2106 	1
2107 	1
2114 	1
2118 	1
2121 	1
2122 	1
2123 	1
2124 	1
2125 	1
2126 	1
2127 	1
2129 	1
2130 	1
2135 	1
2138 	1
2139 	1
2140 	1
2141 	1
2144 	1
2146 	1
2149 	1
2150 	1
2154 	1
2158 	1
2159 	1
2165 	1
2166 	1
2167 	1
2169 	1
2170 	1
2173 	1
2182 	1
2183 	1
2185 	1
2187 	1
2190 	1
2191 	1
2192 	1
2194 	1
2196 	1
2197 	1
2199 	1
2200 	1
2204 	1
2207 	1
2210 	1
2212 	1
2214 	1
2215 	1
2216 	1
2219 	1
2220 	1
2225 	1
2228 	1
2230 	1
2232 	1
2236 	1
2237 	1
2245 	1
2247 	1
2248 	1
2254 	1
2256 	1
2257 	1
2258 	1
2261 	1
2263 	1
2279 	1
2294 	1
2297 	1
2302 	1
2308 	1
2309 	1
2312 	1
2313 	1
2317 	1
2318 	1
2322 	1
2323 	1
2325 	1
2328 	1
2335 	1
2337 	1
2338 	1
2340 	1
2341 	1
2342 	1
2345 	1
2346 	1
2349 	1
2350 	1
2351 	1
2357 	1
2360 	1
2365 	1
2367 	1
2370 	1
2371 	1
2376 	1
2377 	1
2380 	1
2381 	1
2384 	1
2387 	1
2388 	1
2392 	1
2393 	1
2394 	1
2395 	1
2398 	1
2400 	1
2402 	1
2404 	1
2405 	1
2406 	1
2407 	1
2414 	1
2415 	1
2417 	1
2418 	1
2420 	1
2422 	1
2425 	1
2426 	1
2427 	1
2433 	1
2436 	1
2438 	1
2441 	1
2446 	1
2447 	1
2449 	1
2452 	1
2453 	1
2454 	1
2457 	1
2458 	1
2465 	1
2468 	1
2471 	1
2472 	1
2473 	1
2476 	1
2478 	1
2479 	1
2482 	1
2492 	1
2493 	1
2494 	1
2495 	1
2497 	1
2498 	1
2501 	1
2503 	1
2505 	1
2508 	1
2510 	1
2511 	1
2512 	1
2514 	1
2520 	1
2522 	1
2523 	1
2526 	1
2527 	1
2528 	1
2529 	1
2530 	1
2531 	1
2532 	1
2536 	1
2537 	1
2543 	1
2545 	1
2549 	1
2550 	1
2552 	1
2555 	1
2558 	1
2560 	1
2564 	1
2565 	1
2567 	1
2569 	1
2571 	1
2577 	1
2580 	1
2581 	1
2582 	1
2584 	1
2588 	1
2592 	1
2595 	1
2597 	1
2598 	1
2601 	1
2606 	1
2607 	1
2608 	1
2610 	1
2611 	1
2618 	1
2619 	1
2626 	1
2629 	1
2634 	1
2635 	1
2636 	1
2638 	1
2639 	1
2646 	1
2650 	1
2651 	1
2652 	1
2653 	1
2656 	1
2658 	1
2660 	1
2662 	1
2663 	1
2672 	1
2674 	1
2676 	1
2677 	1
2679 	1
2680 	1
2682 	1
2687 	1
2688 	1
2689 	1
2692 	1
2696 	1
2697 	1
2702 	1
2704 	1
2706 	1
2713 	1
2718 	1
2719 	1
2722 	1
2727 	1
2728 	1
2730 	1
2734 	1
2735 	1
2737 	1
2738 	1
2742 	1
2746 	1
2748 	1
2752 	1
2758 	1
2759 	1
2761 	1
2764 	1
2768 	1
2769 	1
2770 	1
2773 	1
2774 	1
2777 	1
2779 	1
2780 	1
2782 	1
2783 	1
2787 	1
2789 	1
2791 	1
2794 	1
2795 	1
2798 	1
2804 	1
2806 	1
2817 	1
2819 	1
2820 	1
2821 	1
2826 	1
2828 	1
2830 	1
2831 	1
2833 	1
2835 	1
2838 	1
2839 	1
2840 	1
2842 	1
2845 	1
2846 	1
2847 	1
2848 	1
2851 	1
2853 	1
2856 	1
2859 	1
2860 	1
2861 	1
2862 	1
2863 	1
2865 	1
2875 	1
2876 	1
2879 	1
2883 	1
2885 	1
2886 	1
2888 	1
2892 	1
2894 	1
2898 	1
2900 	1
2901 	1
2902 	1
2904 	1
2906 	1
2907 	1
2908 	1
2912 	1
2914 	1
2915 	1
2918 	1
2921 	1
2922 	1
2923 	1
2924 	1
2925 	1
2926 	1
2931 	1
2932 	1
2936 	1
2937 	1
2938 	1
2943 	1
2945 	1
2946 	1
2948 	1
2950 	1
2955 	1
2956 	1
2957 	1
2958 	0.0442415730337
2959 	1
2960 	1
2961 	1
2964 	1
2965 	1
2967 	1
2968 	1
2970 	1
2971 	1
2972 	1
2973 	1
2974 	1
2975 	1
2976 	1
2977 	1
2979 	1
2980 	1
2981 	1
2984 	1
2989 	1
2991 	1
2992 	1
2994 	1
2997 	1
2999 	1
3000 	1
3004 	1
3008 	1
3009 	1
3014 	1
3016 	1
3018 	1
3020 	1
3021 	1
3026 	1
3031 	1
3033 	1
3037 	1
3044 	1
3047 	1
3048 	1
3049 	1
3050 	1
3052 	1
3054 	1
3061 	1
3062 	1
3064 	1
3065 	1
3066 	1
3067 	1
3068 	1
3069 	1
3070 	1
3071 	1
3072 	1
3075 	1
3077 	1
3078 	1
3079 	1
3080 	1
3081 	1
3082 	1
3084 	1
3086 	1
3091 	1
3092 	1
3093 	1
3096 	1
3100 	1
3101 	1
3105 	1
3110 	1
3116 	1
3118 	1
3119 	1
3122 	1
3124 	1
3126 	1
3128 	1
3131 	1
3132 	1
3133 	1
3137 	1
3138 	1
3140 	1
3141 	1
3143 	1
3144 	1
3145 	1
3146 	1
3151 	1
3152 	1
3153 	1
3155 	1
3157 	1
3158 	1
3164 	1
3166 	1
3167 	1
3169 	1
3170 	1
3174 	1
3175 	1
3180 	1
3181 	1
3184 	1
3186 	1
3187 	1
3191 	1
3193 	1
3196 	1
3201 	1
3206 	1
3209 	1
3211 	1
3214 	1
3215 	1
3217 	1
3218 	1
3219 	1
3223 	1
3226 	1
3227 	1
3228 	1
3229 	1
3234 	1
3235 	1
3237 	1
3238 	1
3242 	1
3243 	1
3245 	1
3247 	1
3248 	1
3250 	1
3251 	1
3252 	1
3253 	1
3257 	1
3261 	1
3263 	1
3264 	1
3266 	1
3267 	1
3269 	1
3272 	1
3277 	1
3279 	1
3280 	1
3282 	1
3283 	1
3285 	1
3292 	1
3293 	1
3294 	1
3295 	1
3296 	1
3297 	1
3298 	1
3305 	1
3306 	1
3310 	1
3312 	1
3313 	1
3314 	1
3318 	1
3320 	1
3321 	1
3323 	1
3331 	1
3334 	1
3336 	1
3339 	1
3342 	1
3343 	1
3344 	1
3346 	1
3347 	1
3348 	1
3349 	1
3351 	1
3352 	1
3353 	1
3355 	1
3370 	1
3376 	1
3378 	1
3380 	1
3381 	1
3382 	1
3384 	1
3385 	1
3386 	1
3389 	1
3393 	1
3394 	1
3399 	1
3402 	1
3403 	1
3404 	1
3406 	1
3407 	1
3409 	1
3410 	1
3412 	1
3413 	1
3414 	1
3415 	1
3416 	1
3420 	1
3426 	1
3427 	1
3429 	1
3431 	1
3433 	1
3435 	1
3439 	1
3441 	1
3445 	1
3448 	1
3449 	1
3452 	1
3454 	1
3455 	1
3459 	1
3460 	1
3462 	1
3463 	1
3466 	1
3467 	1
3474 	1
3476 	1
3477 	1
3478 	1
3480 	1
3481 	1
3482 	1
3483 	1
3484 	1
3485 	1
3489 	1
3490 	1
3491 	1
3492 	1
3493 	1
3494 	1
3496 	1
3498 	1
3500 	1
3501 	1
3503 	1
3507 	1
3517 	1
3522 	1
3523 	1
3526 	1
3528 	1
3529 	1
3531 	1
3533 	1
3536 	1
3538 	1
3539 	1
3544 	1
3551 	1
3559 	1
3569 	1
3576 	1
3580 	1
3581 	1
3582 	1
3584 	1
3585 	1
3587 	1
3588 	1
3592 	1
3593 	1
3596 	1
3599 	1
3605 	1
3607 	1
3611 	1
3612 	1
3614 	1
3616 	1
3619 	1
3620 	1
3622 	1
3624 	1
3632 	1
3634 	1
3635 	1
3636 	1
3650 	1
3657 	1
3659 	1
3660 	1
3662 	1
3663 	1
3664 	1
3667 	1
3669 	1
3670 	1
3671 	1
3673 	1
3674 	1
3676 	1
3677 	1
3680 	1
3681 	1
3682 	1
3683 	1
3684 	1
3686 	1
3692 	1
3694 	1
3696 	1
3700 	1
3701 	1
3702 	1
3708 	1
3709 	1
3710 	1
3711 	1
3713 	1
3714 	1
3715 	1
3718 	1
3719 	1
3721 	1
3722 	1
3726 	1
3728 	1
3730 	1
3731 	1
3732 	1
3734 	1
3737 	1
3748 	1
3752 	1
3755 	1
3756 	1
3757 	1
3759 	1
3761 	1
3767 	1
3768 	1
3772 	1
3776 	1
3782 	1
3784 	1
3786 	1
3787 	1
3789 	1
3790 	1
3791 	1
3792 	1
3793 	1
3794 	1
3795 	1
3801 	1
3802 	1
3803 	1
3805 	1
3807 	1
3810 	1
3814 	1
3816 	1
3818 	1
3821 	1
3823 	1
3828 	1
3836 	1
3838 	1
3839 	1
3841 	1
3842 	1
3843 	1
3844 	1
3845 	1
3847 	1
3852 	1
3854 	1
3855 	1
3857 	1
3860 	1
3863 	1
3864 	1
3865 	1
3866 	1
3867 	1
3871 	1
3872 	1
3873 	1
3875 	1
3878 	1
3879 	1
3880 	1
3882 	1
3883 	1
3889 	1
3890 	1
3891 	1
3893 	1
3894 	1
3896 	1
3897 	1
3898 	1
3900 	1
3903 	1
3904 	1
3905 	1
3906 	1
3907 	1
3909 	1
3911 	1
3914 	1
3918 	1
3921 	1
3922 	1
3923 	1
3925 	1
3927 	1
3931 	1
3932 	1
3935 	1
3937 	1
3938 	1
3941 	1
3943 	1
3945 	1
3946 	1
3947 	1
3948 	1
3949 	1
3954 	1
3955 	1
3956 	1
3961 	1
3962 	1
3964 	1
3967 	1
3969 	1
3970 	1
3971 	1
3973 	1
3974 	1
3975 	1
3977 	1
3978 	1
3979 	1
3981 	1
3982 	1
3983 	1
3989 	1
3991 	1
3994 	1
3995 	1
3996 	1
4000 	1
4001 	1
4003 	1
4005 	1
4008 	1
4009 	1
4010 	1
4012 	1
4015 	1
4018 	1
4024 	1
4027 	1
4029 	1
4035 	1
4036 	1
4037 	1
4038 	1
4043 	1
4045 	1
4047 	1
4049 	1
4051 	1
4056 	1
4060 	1
4061 	1
4067 	1
4068 	1
4070 	1
4076 	1
4081 	1
4082 	1
4086 	1
4088 	1
4089 	1
4092 	1
4094 	1
4095 	1
4096 	1
4098 	1
4099 	1
4103 	1
4105 	1
4110 	1
4112 	1
4114 	1
4115 	1
4121 	1
4122 	1
4123 	1
4125 	1
4131 	1
4132 	1
4133 	1
4134 	1
4138 	1
4141 	1
4142 	1
4147 	1
4148 	1
4151 	1
4152 	1
4153 	1
4155 	1
4160 	1
4161 	1
4166 	1
4168 	1
4170 	1
4171 	1
4173 	1
4174 	1
4175 	1
4176 	1
4177 	1
4183 	1
4184 	1
4185 	1
4186 	1
4188 	1
4190 	1
4193 	1
4194 	1
4197 	1
4198 	1
4202 	1
4208 	1
4210 	1
4212 	1
4217 	1
4218 	1
4222 	1
4224 	1
4226 	1
4227 	1
4231 	1
4232 	1
4234 	1
4237 	1
4240 	1
4241 	1
4243 	1
4244 	1
4245 	1
4247 	1
4248 	1
4254 	1
4255 	1
4256 	1
4262 	1
4267 	1
4270 	1
4271 	1
4274 	1
4279 	1
4280 	1
4281 	1
4282 	1
4284 	1
4285 	1
4286 	1
4291 	1
4292 	1
4295 	1
4296 	1
4299 	1
4300 	1
4302 	1
4306 	1
4309 	1
4311 	1
4313 	1
4314 	1
4315 	1
4316 	1
4317 	1
4319 	1
4321 	1
4322 	1
4324 	1
4325 	1
4326 	1
4328 	1
4329 	1
4330 	1
4332 	1
4339 	1
4343 	1
4345 	1
4347 	1
4350 	1
4354 	1
4356 	1
4357 	1
4361 	1
4365 	1
4368 	1
4370 	1
4371 	1
4372 	1
4373 	1
4375 	1
4376 	1
4377 	1
4382 	1
4383 	1
4384 	1
4385 	1
4386 	1
4388 	1
4391 	1
4392 	1
4396 	1
4397 	1
4399 	1
4400 	1
4404 	1
4405 	1
4408 	1
4410 	1
4413 	1
4419 	1
4421 	1
4422 	1
4423 	1
4424 	1
4425 	1
4429 	1
4432 	1
4434 	1
4437 	1
4438 	1
4439 	1
4442 	1
4443 	1
4449 	1
4450 	1
4451 	1
4454 	1
4455 	1
4457 	1
4459 	1
4460 	1
4462 	1
4464 	1
4465 	1
4470 	1
4471 	1
4474 	1
4476 	1
4478 	1
4480 	1
4481 	1
4482 	1
4486 	1
4488 	1
4489 	1
4490 	1
4495 	1
4497 	1
4498 	1
4501 	1
4502 	1
4503 	1
4504 	1
4510 	1
4514 	1
4516 	1
4518 	1
4519 	1
4520 	1
4521 	1
4522 	1
4529 	1
4532 	1
4534 	1
4536 	1
4543 	1
4548 	1
4553 	1
4556 	1
4562 	1
4564 	1
4567 	1
4573 	1
4574 	1
4575 	1
4578 	1
4580 	1
4585 	1
4586 	1
4587 	1
4589 	1
4590 	1
4592 	1
4593 	1
4594 	1
4597 	1
4602 	1
4603 	1
4604 	1
4606 	1
4607 	1
4609 	1
4611 	1
4613 	1
4617 	1
4618 	1
4621 	1
4623 	1
4624 	1
4625 	1
4627 	1
4629 	1
4633 	1
4636 	1
4638 	1
4640 	1
4645 	1
4646 	1
4651 	1
4652 	1
4653 	1
4656 	1
4660 	1
4662 	1
4663 	1
4669 	1
4671 	1
4673 	1
4675 	1
4676 	1
4678 	1
4680 	1
4683 	1
4685 	1
4687 	1
4688 	1
4689 	1
4691 	1
4696 	1
4698 	1
4699 	1
4700 	1
4701 	1
4704 	1
4706 	1
4708 	1
4710 	1
4711 	1
4712 	1
4714 	1
4715 	1
4719 	1
4720 	1
4721 	1
4723 	1
4724 	1
4726 	1
4728 	1
4729 	1
4730 	1
4733 	1
4735 	1
4738 	1
4741 	1
4742 	1
4743 	1
4744 	1
4746 	1
4748 	1
4749 	1
4750 	1
4754 	1
4755 	1
4756 	1
4761 	1
4764 	1
4770 	1
4773 	1
4775 	1
4776 	1
4778 	1
4780 	1
4781 	1
4788 	1
4789 	1
4790 	1
4791 	1
4792 	1
4794 	1
4795 	1
4797 	1
4798 	1
4799 	1
4800 	1
4801 	1
4802 	1
4805 	1
4806 	1
4807 	1
4808 	1
4814 	1
4815 	1
4819 	1
4820 	1
4821 	1
4824 	1
4825 	1
4826 	1
4828 	1
4829 	1
4831 	1
4832 	1
4837 	1
4838 	1
4842 	1
4843 	1
4845 	1
4846 	1
4847 	1
4850 	1
4853 	1
4855 	1
4857 	1
4860 	1
4861 	1
4862 	1
4865 	1
4866 	1
4867 	1
4873 	1
4875 	1
4877 	1
4878 	1
4879 	1
4880 	1
4890 	1
4892 	1
4898 	1
4899 	1
4900 	1
4903 	1
4904 	1
4908 	1
4909 	1
4910 	1
4911 	1
4914 	1
4917 	1
4921 	1
4923 	1
4924 	1
4926 	1
4927 	1
4929 	1
4932 	1
4934 	1
4935 	1
4937 	1
4939 	1
4941 	1
4942 	1
4949 	1
4950 	1
4951 	1
4952 	1
4955 	1
4958 	1
4961 	1
4967 	1
4968 	1
4969 	1
4970 	1
4974 	1
4981 	1
4983 	1
4990 	1
4991 	1
4993 	1
4994 	1
4998 	1
